-0.06991258 0.01267105 0.06614257 
0.99946 1
0.99946 0
0.0005400776 1
0.0005400777 0
387
-0.0008457154 -0.641767 1.196558 0.3108904 0.2956667
-0.1996439 -0.5047349 1.307252 0.06157967 0.1843671
-0.2503531 -0.4821513 1.34294 -0.002108991 0.1607069
-0.3220209 -0.6156293 0.9962879 -0.09721256 0.3665943
-0.2395844 -0.5188413 1.622647 0.03493986 0.1200486
-0.2512406 -0.5423751 1.312409 0.008361399 0.2077333
-0.2288514 -0.4618655 1.628015 0.03586212 0.08498764
-0.1582602 -0.4539335 1.575688 0.1067774 0.08995628
-0.1426657 -0.4448941 1.57663 0.1219087 0.08410436
-0.1888529 -0.4433161 1.621655 0.07405177 0.07470399
-0.2804214 -0.5244027 1.643873 -0.004153907 0.1192484
-0.3081301 -0.4886282 1.361483 -0.06843239 0.1608425
-0.2502629 -0.5050349 1.332235 0.002493888 0.178527
-0.1630947 -0.4678902 1.337603 0.09937075 0.1516719
-0.1997746 -0.4663072 1.343311 0.05536819 0.1495188
-0.2668562 -0.6593108 0.8620067 -0.02210373 0.4538999
-0.2479536 -0.5368174 1.318932 0.01147327 0.2023789
-0.13984 -0.4768282 1.305955 0.1282644 0.1655697
-0.2449544 -0.6526701 0.8139674 0.003590733 0.4741164
-0.2517304 -0.4479443 0.9773295 -0.05248344 0.2541302
-0.008371048 -0.6393939 1.202913 0.3017983 0.2925147
0.1743351 -0.6033151 1.425718 0.4626696 0.2067876
-0.2669767 -0.6403329 0.9139979 -0.02222192 0.4165875
-0.2378221 -0.5628573 0.9257826 -0.0009566545 0.3599477
-0.233738 -0.6495136 0.7830293 0.01698771 0.4888046
-0.128491 -0.6791363 0.9026596 0.1778375 0.4370448
-0.0862076 -0.6438085 1.132822 0.2178594 0.320901
-0.04297414 -0.5966056 1.305209 0.2530318 0.2383165
-0.2294188 -0.6519703 0.8312784 0.02818316 0.4632623
-0.2474075 -0.6504208 0.8256539 0.0003637075 0.4665529
0.1456693 -0.5926727 1.220701 0.4684947 0.2564766
-0.2532821 -0.5589411 0.9258879 -0.02525741 0.3579901
0.01816113 -0.6214488 1.262713 0.3243483 0.2633695
-0.0549266 -0.5681124 1.304829 0.2375162 0.2220078
-0.02538149 -0.5825378 1.311231 0.2707612 0.2281521
0.09344675 -0.6020659 1.063522 0.4371894 0.3152107
0.09450491 -0.6060116 1.069729 0.4372357 0.3152804
-0.05652528 -0.6121774 1.225049 0.2441717 0.2713511
-0.2395272 -0.6704102 0.7575943 0.01178434 0.5165347
-0.2388541 -0.6738443 0.7596477 0.01401246 0.5172609
0.01928549 -0.5499392 1.464334 0.303849 0.1699495
-0.2517189 -0.5493391 1.282769 0.007206112 0.220575
0.06763704 -0.6316016 1.327291 0.3696637 0.2494433
-0.1723838 -0.6758497 0.8590601 0.1173269 0.4591609
0.108641 -0.622822 1.049079 0.4573129 0.3322201
0.1381175 -0.6728521 1.014981 0.4963382 0.3723707
-0.1973245 -0.664046 0.9671991 0.08344278 0.4024711
0.0896917 -0.6323396 1.075342 0.429992 0.3287937
-0.247297 -0.567058 0.9256248 -0.01386279 0.363304
-0.2472042 -0.5674475 0.9256766 -0.01360273 0.3635367
0.4004376 -0.5974759 1.317027 0.706366 0.2271799
0.4110664 -0.5800481 1.330277 0.7156579 0.2140307
0.3779096 -0.5940318 1.307835 0.6875602 0.228094
0.2062499 -0.6220765 1.181209 0.5400926 0.2837753
0.1209887 -0.5997937 1.033904 0.4761041 0.3237841
0.1932936 -0.5871947 1.082605 0.5515561 0.2963286
0.1907298 -0.5718057 1.419754 0.4808544 0.1907049
-0.2245343 -0.6694605 0.7535362 0.03443316 0.5172271
-0.1911321 -0.6671598 0.9653991 0.09223926 0.4047589
0.125499 -0.6775549 1.011467 0.4821148 0.3768544
0.1701515 -0.6094434 1.17986 0.5021644 0.2780056
0.4428625 -0.5804936 1.35321 0.7393215 0.2080519
-0.08846009 -0.4738747 1.341306 0.1880376 0.1539699
0.3890933 -0.6036254 1.285131 0.7034879 0.2391834
0.4500301 -0.5736298 1.40018 0.7334334 0.1929302
-0.01056954 -0.6500575 1.16945 0.3029768 0.3094589
0.1325323 -0.6620704 1.016811 0.4900681 0.3659151
0.1312813 -0.6185204 1.020072 0.4904001 0.3397599
-0.02575551 -0.6787528 0.9070753 0.3130406 0.4290859
0.4314905 -0.5329449 1.363967 0.7334629 0.1789557
0.374736 -0.4191386 1.362599 0.6961718 0.1100544
-0.1993883 -0.6537681 0.7985873 0.07152566 0.4801161
-0.1351044 -0.6712843 0.6315967 0.1745592 0.589411
0.3932638 -0.5745606 1.23009 0.7292516 0.2379691
0.4107687 -0.5747027 1.256955 0.738507 0.2302839
0.1819 -0.5858408 1.076905 0.5398022 0.2978462
-0.2013638 -0.6635128 0.794081 0.0706934 0.4885483
-0.2012409 -0.6642647 0.7955649 0.07112777 0.4881522
-0.2878752 -0.5573158 0.9738443 -0.07099205 0.3369577
-0.1100933 -0.6765497 0.7974517 0.206981 0.4878553
-0.1142658 -0.6706638 0.911854 0.1954015 0.4270899
-0.05965985 -0.6743965 0.7297097 0.285577 0.5213407
0.3900895 -0.5783177 1.242815 0.7213725 0.2366229
0.4188323 -0.5744266 1.223254 0.7576056 0.2392952
0.02178237 -0.6297889 1.25259 0.329617 0.2709659
-0.2799988 -0.6451228 0.9113795 -0.03977078 0.4214775
0.3775328 -0.5214093 1.320097 0.6949922 0.1835197
-0.2126525 -0.468354 1.339352 0.04007921 0.1520231
0.5166588 -0.5804258 1.275218 0.8356095 0.2266538
-0.041928 -0.6730031 0.7133861 0.3137802 0.5288872
-0.05900555 -0.6756553 0.744885 0.2850054 0.5131353
-0.0613375 -0.6572656 1.160277 0.2465356 0.3181661
0.5249326 -0.4646849 1.384924 0.8310716 0.1331011
-0.008878782 -0.6449293 1.178862 0.3037344 0.3034275
-0.1911758 -0.5585837 0.9227541 0.06685388 0.3562317
-0.3206348 -0.6813769 0.9923288 -0.07480997 0.40751
0.5002532 -0.5823792 1.264724 0.8229491 0.2308216
0.5227361 -0.5880705 1.334298 0.8192319 0.2156133
0.3910284 -0.6029555 1.177564 0.7384948 0.2694089
-0.3144922 -0.5918917 0.9805638 -0.09701377 0.3580518
0.3605457 -0.4330932 1.306334 0.6960651 0.1319262
0.4920181 -0.583625 1.30047 0.8024068 0.2222722
-0.05438215 -0.6750541 0.7495141 0.2912036 0.5097768
-0.07254789 -0.671132 0.5757844 0.2826302 0.6234531
0.0815669 -0.5882427 1.078305 0.4206433 0.3019805
0.1562571 -0.6726884 0.707945 0.6009437 0.5164882
0.08049265 -0.6697494 0.6376728 0.5132157 0.564129
0.1327983 -0.6492009 1.018209 0.4908223 0.3581282
0.001678318 -0.5738354 1.365598 0.2950596 0.2080568
-0.06963265 -0.6708437 0.7043193 0.2729853 0.5354244
-0.118549 -0.6692577 0.5493035 0.205948 0.6481884
0.02842899 -0.6763417 0.8567401 0.3908373 0.4484546
0.510327 -0.5857347 1.366778 0.7974628 0.2065812
0.5065122 -0.5822046 1.358747 0.7972133 0.2066741
0.3684078 -0.4300301 1.40121 0.67656 0.1088719
0.06684813 -0.6700671 0.6190941 0.4976815 0.5778809
0.2139992 -0.4425317 1.467678 0.501924 0.1035191
0.0492245 -0.6702798 0.5982967 0.4759789 0.5939841
0.1582242 -0.5867031 1.22033 0.482471 0.252839
0.3705705 -0.6085466 1.196845 0.7103065 0.2672704
0.1619367 -0.5779383 1.199387 0.4910384 0.2539035
0.07132348 -0.6442377 1.266714 0.3811337 0.273509
0.3410632 -0.6639948 1.162373 0.6812456 0.3087875
0.4616247 -0.5782134 1.240667 0.7941278 0.2357458
-0.1705937 -0.6703804 0.7612292 0.1175371 0.5090622
0.0004921481 -0.6659381 0.4585944 0.4317594 0.7082877
0.07467358 -0.6676845 0.5552953 0.5294113 0.6209565
0.1688959 -0.6706798 0.6945201 0.6235387 0.5221785
0.01450418 -0.6664711 0.4897743 0.4481706 0.6794285
-0.04081566 -0.6655253 0.4147125 0.3657253 0.7556813
0.02340796 -0.6673664 0.5019237 0.460186 0.66861
0.1754956 -0.6688498 0.7059377 0.6290599 0.5140225
-0.04869068 -0.6646641 0.4063114 0.3523271 0.7649122
-0.1787274 -0.4557967 1.592196 0.08586082 0.08796728
-0.05875939 -0.6516342 1.128827 0.2510352 0.3258194
0.083985 -0.6109994 1.444137 0.3721115 0.2078159
0.1714369 -0.670117 0.6802248 0.6323099 0.530107
0.1171274 -0.6681157 0.6115035 0.577139 0.5771782
-0.2733589 -0.6342868 0.6062097 -0.07836962 0.6006289
0.3999064 -0.658686 1.125081 0.7541192 0.3161653
0.3991601 -0.6588261 1.123545 0.7538326 0.3167629
0.09761177 -0.6687671 0.5779082 0.5583184 0.6026955
0.01905221 -0.6684108 0.5400896 0.4425303 0.639073
0.1389056 -0.669355 0.6556409 0.5942984 0.547349
-0.04213977 -0.5491486 1.3367 0.2481961 0.2018076
0.06309041 -0.6685738 0.6273836 0.4897307 0.5718304
-0.06878822 -0.6644068 0.377405 0.3182864 0.7983831
0.005580887 -0.6657588 0.4533419 0.4423894 0.7122433
-0.06381482 -0.6639242 0.3877356 0.3262893 0.7862469
0.3560144 -0.5077533 1.325774 0.6736225 0.1742412
0.3543116 -0.5060121 1.321525 0.6733478 0.1742531
-0.3124616 -0.5646306 0.9797074 -0.1037142 0.3403979
-0.2426317 -0.6750122 0.7760383 0.01003751 0.5085956
0.1843116 -0.5584888 1.213256 0.5140396 0.2377068
0.3957123 -0.5954919 1.183289 0.742899 0.2633697
0.3914262 -0.6710675 0.9849147 0.7920897 0.3725529
0.06574173 -0.6686363 0.4718039 0.5426648 0.6893635
0.04927652 -0.6681264 0.4508713 0.5212457 0.7096921
0.05801086 -0.6667827 0.4624123 0.5327752 0.6975451
0.03999067 -0.5758188 1.449114 0.3271765 0.1879236
0.04002766 -0.5751367 1.449411 0.3271614 0.1874708
-0.09837484 -0.6192399 1.138181 0.2004365 0.305204
0.4345747 -0.6224859 1.069309 0.8183524 0.3137887
0.152457 -0.6761839 0.7325191 0.5872288 0.5048277
-0.2737148 -0.674495 0.8353433 -0.03062654 0.4773502
-0.287958 -0.669278 0.8518068 -0.05126679 0.4664705
0.001734227 -0.6649145 0.3876485 0.4544573 0.7759585
0.08718239 -0.6251343 1.084472 0.4256425 0.3214459
-0.07513426 -0.604473 1.287924 0.2193733 0.2484618
-0.1189965 -0.6461548 1.110719 0.1798759 0.3312738
0.1460836 -0.6670499 0.5894121 0.6295092 0.5888627
0.3155429 -0.681799 1.020701 0.6940936 0.3678601
0.5208638 -0.5827602 1.183136 0.8737082 0.2533241
0.4987451 -0.5851044 1.11505 0.8777631 0.2757412
0.4972543 -0.5842097 1.112798 0.8773731 0.2759727
0.4963414 -0.5874336 1.146783 0.8618376 0.2673404
0.5155492 -0.5686255 1.182472 0.8722956 0.2455643
0.09154065 -0.6638578 1.279006 0.400601 0.279943
0.3764938 -0.5322391 1.306131 0.6962914 0.1934187
0.5018743 -0.5885674 1.344209 0.7963039 0.2137542
0.507207 -0.5861527 1.17222 0.8632885 0.2587463
0.1462992 -0.6009555 1.201136 0.4724231 0.2671559
0.108046 -0.6652448 0.5423649 0.5880099 0.6256693
-0.01581232 -0.6677443 0.4331844 0.4084941 0.7350956
0.1626474 -0.671557 0.6674151 0.6241457 0.5393531
-0.06562124 -0.680656 0.7314571 0.2771178 0.5243403
0.1801054 -0.6722344 0.7140186 0.6320262 0.5109785
0.03470826 -0.665808 0.4298908 0.5024722 0.729793
0.1222692 -0.6737676 0.6128954 0.5836233 0.5789385
0.2327426 -0.6701832 0.7051731 0.7079686 0.5109434
-0.232811 -0.6609709 0.81001 0.02388468 0.4804072
0.04525638 -0.6649889 0.3918963 0.5357029 0.7646714
0.08574453 -0.671382 0.6403889 0.520183 0.5628157
0.5429609 -0.5693992 1.223212 0.8835343 0.2339725
-0.04191902 -0.5683233 1.326287 0.2506301 0.2160016
0.2433691 -0.6733859 0.7028418 0.7226456 0.5132746
0.2086534 -0.6698766 0.6773022 0.685919 0.5287639
0.1879138 -0.6712391 0.7202147 0.6407448 0.5063494
-0.1526316 -0.4815515 1.357045 0.1143375 0.155692
0.07698001 -0.6717256 0.7214396 0.4854072 0.5141568
-0.2228658 -0.6760333 0.9190387 0.04940117 0.4328119
-0.1871138 -0.5183914 1.303782 0.07900691 0.1939289
-0.1870644 -0.5175056 1.300846 0.07880467 0.1941722
0.2275889 -0.5652502 1.202196 0.5633586 0.2440708
0.4682023 -0.6304837 1.044398 0.862133 0.3257207
0.4492004 -0.6550845 1.000522 0.8530642 0.3557124
0.06524056 -0.6666418 0.4626953 0.5453401 0.6962595
0.03039767 -0.6575313 0.3125014 0.5393565 0.8503987
0.1214503 -0.6660302 0.6291317 0.5779723 0.5639197
0.01865071 -0.6661847 0.4043392 0.4812223 0.7570481
0.03602122 -0.6410124 1.318622 0.338222 0.2576385
-0.2357014 -0.6550214 0.8765886 0.02330208 0.4419943
-0.08330689 -0.6336536 1.143733 0.2196935 0.3111818
0.03553996 -0.6419175 1.228922 0.3474663 0.2845493
0.3687544 -0.6026919 1.408039 0.651255 0.2078347
0.08809242 -0.6966267 0.9813749 0.4431928 0.4009588
-0.158712 -0.6338349 0.6346111 0.1272715 0.5675124
-0.06201987 -0.6381487 1.174801 0.2431974 0.3025481
-0.1920707 -0.6323602 0.6597687 0.07080379 0.552254
0.552816 -0.566407 1.185849 0.9092603 0.2425305
0.5495435 -0.5644452 1.181232 0.9084269 0.2427908
-0.2140769 -0.5108769 0.9759721 0.02423248 0.3007349
0.1935717 -0.6668282 0.6527678 0.6749624 0.5431161
0.09759714 -0.6713168 0.5350108 0.5728867 0.6357624
0.1615685 -0.677774 1.015095 0.5231081 0.3740518
-0.08266797 -0.6661668 0.3814219 0.2898685 0.797325
-0.08302052 -0.6628522 0.3802484 0.2889739 0.7970009
-0.02506468 -0.6067173 1.268082 0.2759375 0.2544323
-0.2387485 -0.4893554 1.670722 0.03286046 0.09359646
-0.02218159 -0.5629253 1.370239 0.2686858 0.2008983
0.09906536 -0.66544 0.4562362 0.6068962 0.6967738
-0.2568204 -0.6661674 0.662918 -0.02807236 0.5764723
0.06266186 -0.6660025 0.5252964 0.5195956 0.6443101
0.1405188 -0.6655226 0.5084448 0.6542765 0.6483099
0.4730142 -0.5847673 1.137012 0.8421582 0.2693814
0.520959 -0.5761577 1.153927 0.8872986 0.2581476
0.5397815 -0.5789621 1.156136 0.9048528 0.2586575
0.5230962 -0.578321 1.135665 0.8964457 0.2648452
0.3937836 -0.6649848 0.9912761 0.793702 0.3667375
0.4526296 -0.6270146 1.019726 0.8564477 0.3330224
0.3864951 -0.5735364 1.320061 0.695685 0.2134058
0.4653607 -0.5841678 1.171394 0.8213255 0.2588333
0.2105381 -0.6656456 0.5235774 0.7590762 0.628857
0.2135997 -0.6731498 0.6595955 0.6993296 0.5408364
-0.2577456 -0.4510166 0.961459 -0.06326681 0.2632856
-0.229287 -0.6728843 0.9032004 0.03880796 0.4389595
-0.2798901 -0.5463844 0.9748229 -0.06269902 0.328744
-0.08131365 -0.6527186 1.137663 0.2242876 0.3240898
-0.2338534 -0.6688341 0.6560845 0.01069841 0.5805494
-0.2397572 -0.6643173 0.503927 -0.0198015 0.6995375
0.2377656 -0.6109158 1.103637 0.5943184 0.3017211
0.02227585 -0.6751248 0.96642 0.3661129 0.3984466
0.120026 -0.6686602 0.6056875 0.5834768 0.5811371
-0.1150105 -0.6729001 0.8660797 0.1964998 0.4504315
0.3678159 -0.4683879 1.33155 0.6902088 0.1485885
-0.2016611 -0.6520839 0.7050099 0.06271616 0.5350828
0.4471162 -0.5538013 1.386069 0.7382092 0.1853547
0.04659218 -0.6654318 0.3883565 0.5395081 0.7682514
-0.2143791 -0.5550366 0.9441732 0.03312638 0.3452404
0.3617598 -0.5214 1.315167 0.6804274 0.1849452
0.4305803 -0.6313174 1.116163 0.794687 0.3032954
-0.09724108 -0.6636353 0.3416606 0.2652006 0.8435211
-0.2952182 -0.6452855 0.7432528 -0.08727968 0.5146955
-0.1455647 -0.4815849 1.580106 0.1240996 0.1060549
-0.2561129 -0.6483908 0.9522523 -0.0008909106 0.4029559
-0.1476895 -0.629153 0.6367264 0.1450662 0.5620852
0.3392765 -0.6738647 0.8562198 0.7819132 0.4299592
-0.2080065 -0.6714066 0.7708892 0.06142965 0.5068738
-0.2047506 -0.6486198 0.628746 0.05176058 0.5851988
0.1015534 -0.6665731 0.4602037 0.6093208 0.6935955
0.169995 -0.6690927 0.5461832 0.6839404 0.6183279
-0.2128865 -0.652217 0.6627733 0.04144084 0.5641555
0.1851048 -0.6689464 0.5695596 0.6969548 0.5999123
0.1417691 -0.6165276 1.202169 0.4666658 0.2758352
0.09362939 -0.5917976 1.085523 0.4337198 0.3011912
0.4414315 -0.5759101 1.214638 0.7832333 0.2421105
0.3587694 -0.662995 1.024637 0.7436527 0.3545849
0.3564452 -0.6725495 1.037341 0.7348908 0.3552058
0.4311638 -0.659606 0.9826775 0.8394868 0.3655671
0.4630865 -0.5771669 1.251108 0.7922252 0.2322733
0.3297747 -0.6734926 0.6936779 0.8427461 0.5121311
-0.0001651049 -0.6684296 0.4766773 0.4257723 0.6936707
0.3611678 -0.6795149 0.7358906 0.8608738 0.4903504
0.008813724 -0.6694663 0.5433167 0.4246088 0.638315
-0.01660266 -0.6671474 0.4377342 0.4058952 0.7305924
0.1900423 -0.6727028 0.631726 0.6770805 0.5599264
-0.007306591 -0.6212602 1.264055 0.29658 0.2634688
-0.2221993 -0.5159441 0.9507213 0.01134932 0.3154563
-0.1044679 -0.6440057 1.122917 0.1966404 0.3251423
-0.2133153 -0.6518357 0.6882768 0.0425306 0.5468177
0.3090254 -0.6600842 1.142598 0.6543174 0.3139941
0.2194777 -0.688028 0.9404207 0.6083431 0.4071273
0.1784834 -0.665451 0.8009937 0.6020964 0.4607853
0.06595138 -0.6706514 0.4545718 0.5489999 0.7054585
0.08172402 -0.6791282 0.541486 0.5439492 0.6368768
0.1307658 -0.6719955 0.6822347 0.5733598 0.5332134
0.1892446 -0.6682788 0.6618027 0.6649011 0.5387473
0.1053163 -0.6773817 0.7021418 0.5303969 0.5264204
-0.2897308 -0.6632896 0.699932 -0.07872427 0.5527769
0.1002879 -0.6143778 1.167615 0.4270054 0.2866203
-0.02338298 -0.6724204 0.3466492 0.4168846 0.8280809
-0.269749 -0.6633656 0.6792238 -0.04856801 0.5648649
0.6381278 -0.5657061 1.342826 0.9285221 0.1996392
0.1842799 -0.5816748 1.449099 0.4692919 0.189328
-0.1789747 -0.6684503 0.5642764 0.09907773 0.6428608
-0.2115843 -0.6657842 0.3310617 0.01577023 0.8804188
-0.02449854 -0.665865 0.3960046 0.4015158 0.7721293
0.1516912 -0.6685193 0.5109223 0.6706496 0.646721
-0.2829567 -0.6691777 0.4589921 -0.1119388 0.7512966
-0.08253454 -0.6762946 0.7216139 0.2524499 0.5290659
-0.1165232 -0.6646481 0.3175392 0.2266918 0.8770628
0.02626997 -0.6639779 0.3560596 0.5129324 0.804755
-0.1423726 -0.6686288 0.6363167 0.1619811 0.5852975
0.1139371 -0.6718315 0.6970571 0.5447358 0.5256144
-0.1247064 -0.5994448 1.103762 0.1666667 0.3064006
-0.1803245 -0.6333143 0.6941986 0.09219792 0.5288302
-0.1213657 -0.67285 0.668849 0.195589 0.5636539
-0.2267874 -0.5438918 1.319704 0.03794688 0.206223
0.0387376 -0.6681448 0.4653526 0.4977866 0.6982651
0.1620348 -0.6090828 1.047483 0.5215061 0.3228461
-0.1206409 -0.4731188 1.35508 0.1502927 0.1503509
-0.2329062 -0.5390225 0.9251539 -0.0005829334 0.3436523
0.2675778 -0.6698551 0.6829285 0.7651263 0.5208806
-0.2741405 -0.4759425 1.333845 -0.03338754 0.1591835
0.362058 -0.5431208 1.312945 0.6780645 0.1982576
0.133879 -0.6640068 1.331402 0.4359142 0.2641528
0.5787629 -0.5803874 1.158786 0.9427785 0.2577826
0.1021405 -0.6023727 1.136685 0.434499 0.2897263
0.2177214 -0.6822472 0.5249157 0.7645115 0.6361116
0.5924538 -1.173142 0.8074833 0.931748 0.6433182
0.06515525 -0.6659502 0.5569338 0.5136964 0.6197878
0.1374973 -0.6698325 0.6371835 0.5985359 0.5594282
-0.2073826 -0.4406041 1.617857 0.05402338 0.07368487
0.02440692 -0.6306702 1.320717 0.3255876 0.2516702
-0.2218813 -0.6678678 0.8801984 0.04653645 0.4469251
-0.2324259 -0.5469401 0.9783372 0.007375032 0.3256484
-0.201363 -0.6014366 0.9760581 0.06484234 0.360971
-0.06868364 -0.475456 1.327924 0.2116723 0.158182
-0.2130442 -0.6301577 0.6779628 0.03583831 0.5404704
-0.2324113 -0.6617779 0.5156149 -0.005096793 0.6866584
-0.2964171 -0.6444594 0.6663751 -0.1037949 0.5649651
0.1810203 -0.6754736 0.7354847 0.6253142 0.5007442
-0.08516961 -0.6742557 0.4826421 0.2722093 0.702922
-0.01923032 -0.6257871 1.251303 0.2848797 0.2701238
0.525579 -0.674357 1.004899 0.9270798 0.3615734
-0.2980643 -0.6698033 0.6440343 -0.1004015 0.5960748
0.4382393 -0.6897243 0.8196378 0.9110523 0.4499005
-0.2184533 -0.6445314 0.8346009 0.04276004 0.4562954
-0.2173784 -0.6665131 0.3238558 0.001913071 0.8911506
-0.2349034 -0.6650794 0.5879109 0.0002916157 0.62874
-0.1229239 -0.66158 0.3089521 0.2127525 0.8878773
-0.2734792 -0.548129 0.9442955 -0.05677837 0.3431336
0.180627 -0.4480182 1.444008 0.4716039 0.1119606
-0.267652 -0.6553882 0.8421311 -0.02670896 0.4620354
-0.3146155 -0.5435169 1.190785 -0.0821746 0.246667
-0.2273062 -0.6662813 0.5303657 0.007971644 0.6756297
0.1410989 -0.6685111 0.4976617 0.6592859 0.6584527
-0.2436247 -0.4585622 0.9969444 -0.03373373 0.2543052
0.07354498 -0.66983 0.5419281 0.5316712 0.6323369
-0.2214824 -0.6648859 0.3172327 -0.0092659 0.8999122
-0.02176879 -0.602208 1.281137 0.2782633 0.247965
-0.1808699 -0.6691459 0.3657703 0.08765537 0.8339525
-0.1510238 -0.6638287 0.6932461 0.1462696 0.5451966
-0.2199635 -0.6511646 0.6188732 0.02528906 0.5954964
-0.2331419 -0.6500252 0.7025147 0.01060042 0.5381727
0.3647798 -0.4364463 1.298438 0.7024937 0.1359552
0.09794974 -0.667681 0.5129896 0.5821313 0.6508578
-0.1857955 -0.6689071 0.3663103 0.07706183 0.8341426
0.268198 -0.6679575 0.6770515 0.7691504 0.5231845
-0.2076417 -0.6625866 0.9467792 0.06850168 0.4113104
0.06715758 -0.664866 0.4095992 0.5693675 0.7438077
-0.1211196 -0.6345981 0.6567373 0.190224 0.5491236
0.1917005 -0.6759602 0.55878 0.7101102 0.6107545
-0.149573 -0.6432359 0.6367254 0.1448578 0.5708116
0.2294472 -0.6685354 0.6018354 0.7486861 0.5734609
-0.1095887 -0.6693891 0.6628496 0.2140967 0.5645642
0.3227192 -0.6721844 0.7108139 0.8255067 0.5024041
0.1348194 -0.6762176 0.6921077 0.5754335 0.5293757
-0.1705584 -0.6673575 0.6475443 0.1152079 0.5794944
-0.198669 -0.4827848 1.288325 0.05750361 0.175027
-0.2288328 -0.6570691 0.3478176 -0.02459568 0.859053
0.3582743 -0.4700279 1.62752 0.6055847 0.08953536
-0.2143496 -0.6683218 0.3953137 0.01872683 0.8063135
-0.04724478 -0.669643 0.7270174 0.303926 0.5192366
-0.1745368 -0.5251035 1.364006 0.09644622 0.1819031
-0.2293095 -0.634279 0.5989701 0.0009205937 0.6013845
0.6040773 -1.191646 0.7922938 0.9428926 0.6549747
