-0.6804488 0.06166819 0.557216 
0.99946 1
0.99946 0
0.0005400776 1
0.0005400777 0
301
-0.01138407 -0.6285597 1.192785 0.9908972 0.5383497
-0.02865374 -0.5751517 1.320404 0.8987515 0.4582207
-0.1424112 -0.4764083 1.58916 0.6515788 0.3252645
-0.2026512 -0.491206 1.308517 0.7321429 0.4314968
-0.2535574 -0.4680394 1.34275 0.6543117 0.4085597
-0.3318668 -0.5988969 0.9939317 0.7525275 0.6904044
-0.05567044 -0.5658613 1.29276 0.8912183 0.4665602
-0.2799352 -0.5316108 1.312315 0.6293215 0.4641227
-0.408819 -0.5461849 1.604849 0.3596861 0.3803675
-0.2456653 -0.5073127 1.61743 0.5307441 0.3423713
-0.3367654 -0.6061618 0.9925971 0.7443875 0.6968182
-0.1150162 -0.4716092 1.570643 0.6887962 0.3256335
-0.3419753 -0.6262202 1.003616 0.7234253 0.701773
-0.2758351 -0.5202696 1.168466 0.7235963 0.5234601
-0.3792057 -0.5572889 1.255741 0.5294864 0.5183641
-0.2243965 -0.6551191 0.9369222 0.935992 0.7392496
-0.2534596 -0.5284557 1.313055 0.6615762 0.4587525
-0.4988997 -0.6629581 0.791976 0.6205522 0.9644282
-0.4141359 -0.5217782 1.607123 0.3526016 0.366135
-0.3865689 -0.5439448 1.553017 0.4006983 0.3935586
-0.3870007 -0.5428872 1.550883 0.400921 0.3936796
-0.2691108 -0.5595114 0.9369943 0.9095705 0.693862
-0.40576 -0.5588522 1.79433 0.3126795 0.3346384
-0.4057742 -0.555951 1.79118 0.3133137 0.3338997
-0.01362556 -0.5802892 1.310748 0.9193608 0.463146
-0.2676927 -0.5284031 0.9409717 0.9207379 0.670315
0.01615191 -0.6402549 1.288955 0.9470883 0.5007128
0.06882328 -0.6568433 1.247438 1.023263 0.5198149
-0.4245715 -0.5413799 1.809207 0.2896262 0.3228782
-0.4013471 -0.5440035 1.799687 0.3152322 0.325202
-0.3851128 -0.51383 1.615959 0.3820519 0.3566632
-0.4683792 -1.050727 1.076932 0.4679295 0.867686
-0.5914446 -1.070342 1.174395 0.2933387 0.8390312
-0.5600281 -0.5533806 1.930524 0.1328546 0.3083795
-0.2730178 -0.5341382 1.206115 0.6997423 0.5129746
-0.2570064 -0.485113 0.9805751 0.9158176 0.6091693
-0.2741144 -0.5202107 0.9429877 0.9122275 0.6648334
-0.4435741 -0.768098 1.079582 0.51359 0.7461945
-0.4681284 -0.7660473 1.087776 0.4764966 0.7450081
-0.008452535 -0.6344967 1.179032 1.002467 0.5474211
-0.2744161 -0.5017909 0.9695623 0.8930125 0.632534
-0.2328174 -0.4473234 1.624056 0.5458142 0.3046446
-0.4012964 -0.5353784 1.597682 0.3700014 0.3758162
-0.1631948 -0.440495 1.574142 0.6417086 0.3092782
-0.1445691 -0.4324043 1.579649 0.6596268 0.3016986
-0.1644923 -0.4973257 1.298397 0.7825854 0.4352067
-0.1736599 -0.4323797 1.606275 0.6169124 0.2965649
-0.1301413 -0.4296302 1.577767 0.675922 0.2995972
-0.2206219 -0.5310209 1.611637 0.5569605 0.3555266
-0.4242296 -0.567825 1.786965 0.296338 0.3423696
-0.3796133 -0.5083203 1.60393 0.3919137 0.35659
-0.596175 -0.7731178 1.173553 0.2679794 0.7195059
-0.1307586 -0.471826 1.305332 0.8237746 0.4125952
-0.2776396 -0.4678741 1.348559 0.6213942 0.4087266
-0.1922639 -0.4291478 1.620434 0.5915526 0.2921032
-0.2881356 -0.5143653 1.640337 0.4777778 0.3430092
-0.3897836 -0.5542831 1.209439 0.5390671 0.5413259
-0.3127017 -0.5326444 1.327941 0.5807485 0.4620938
-0.404487 -0.5167235 1.67759 0.3428176 0.3421782
0.02978414 -0.6275425 1.234414 1.003281 0.5144902
-0.3994525 -0.5272693 1.571929 0.3800023 0.3789867
0.02001411 -0.638448 1.214103 1.00458 0.5301773
-0.2746749 -0.5575573 0.9385673 0.9003856 0.6927683
-0.1132948 -0.4131898 1.577113 0.6961665 0.2886215
-0.3152286 -0.4732664 1.356791 0.5694606 0.4130263
-0.1660467 -0.4699175 1.620629 0.6142387 0.3146997
0.02692062 -0.3681715 1.462115 0.9196384 0.2813014
-0.2692025 -0.5027567 1.672138 0.4864892 0.3266637
-0.3240965 -0.5520781 0.9821188 0.7872356 0.6682088
-0.5633525 -0.5731947 1.499097 0.2078492 0.4462794
-0.2499493 -0.4970066 1.338571 0.6565334 0.4284461
-0.2957199 -0.5329773 1.143984 0.710525 0.5478119
-0.4444912 -0.6081286 0.7590565 0.7707886 0.9545025
-0.2326026 -0.5194625 1.559883 0.5666949 0.3648425
-0.436793 -0.5471056 1.268068 0.4469238 0.5142408
-0.2340662 -0.5538249 1.101966 0.8189023 0.5741345
-0.5938381 -0.5627612 1.313004 0.2111794 0.524567
-0.5561501 -0.5774319 1.490656 0.2192066 0.451187
-0.2872265 -0.4732366 1.342642 0.6119227 0.4155591
-0.5981292 -0.5633949 1.289757 0.2111949 0.5373923
-0.4004286 -0.5418436 1.245892 0.5070903 0.5165972
-0.6217612 -0.5735251 1.204171 0.199931 0.595443
-0.4363606 -0.5575193 1.34038 0.4171558 0.4870888
0.007399261 -0.3362406 1.481241 0.8951744 0.2559884
0.01940864 -0.3352359 1.468867 0.9166085 0.2577758
-0.3016675 -0.6801276 1.007355 0.7642223 0.7199534
-0.7086949 -0.6141514 1.281483 0.05587688 0.5907427
-0.5825085 -0.6698797 1.174696 0.2789479 0.6628414
-0.5995876 -0.6668782 1.170224 0.2548068 0.6673421
-0.3314533 -0.7295987 0.9852395 0.7273681 0.767813
-0.4108218 -0.5833593 0.8341963 0.7668673 0.8417807
-0.2006914 -0.4923377 1.637681 0.56984 0.3253577
-0.6848257 -0.5652785 1.334992 0.07306877 0.5285436
-0.4219795 -0.5668867 1.556547 0.3598892 0.408554
-0.6039302 -0.5606615 1.309315 0.1972377 0.5265864
0.005811155 -0.3418657 1.46305 0.90422 0.2646008
-0.3663801 -0.5116966 1.537846 0.4290852 0.3778911
-0.445402 -0.5570528 1.341412 0.4050123 0.4874967
-0.490899 -0.5639833 1.394051 0.3276258 0.4746085
-0.4586542 -0.5652367 1.380359 0.373585 0.4772497
-0.4468987 -0.5619731 1.212546 0.4574528 0.5534777
-0.4456884 -0.6630809 1.082718 0.5173854 0.6906049
-0.6056665 -0.5627605 1.202114 0.2245281 0.5869203
0.06100774 -0.5290067 1.444697 0.9208233 0.3817863
-0.4846867 -0.5569908 1.225076 0.3981172 0.5496815
-0.5256899 -0.5597603 1.223419 0.3390555 0.5589843
0.02697021 -0.3336034 1.459976 0.9312941 0.2585057
0.03168803 -0.3353383 1.466461 0.9312384 0.2577702
-0.4245235 -0.5936545 0.7769413 0.7957464 0.9166067
-0.2167689 -0.4427719 1.628876 0.5610737 0.2996697
-0.718446 -0.7299485 1.300829 0.06343359 0.6455947
-0.3394311 -0.5418578 1.12811 0.6585238 0.5697521
-0.4032148 -0.5292293 1.553288 0.3817102 0.3863842
-0.369028 -0.5358589 1.211155 0.5685322 0.525631
-0.2878015 -0.5644236 1.576428 0.4990857 0.38941
-0.3986119 -0.6606627 0.8730652 0.7295298 0.8426641
-0.8824427 -1.266308 1.399288 -0.03726739 0.830189
-0.1675685 -0.4675202 1.351015 0.7524224 0.3964418
-0.3497945 -0.5441572 1.229745 0.583359 0.518702
-0.1149939 -0.4589532 1.344653 0.8190387 0.3881596
-0.3838678 -0.5678975 1.509205 0.4183903 0.4216156
-0.1964737 -0.4592136 1.354973 0.717697 0.392445
-0.5378058 -0.5644648 1.498453 0.2389304 0.4387501
-0.5587075 -0.5651272 1.421359 0.2316495 0.471943
-0.1257421 -0.5303941 1.213989 0.8778102 0.4869554
-0.2805228 -0.5480062 1.14904 0.7243885 0.5521731
-0.4172756 -0.5863574 0.8036886 0.7843028 0.878796
-0.176829 -0.4414117 1.583988 0.6226939 0.3080842
-0.1763246 -0.496136 1.603638 0.6084113 0.3350026
-0.5716633 -0.5715449 1.891378 0.1287298 0.3275935
-0.4929854 -0.5575772 1.203526 0.3951795 0.5631945
-0.2468512 -0.5505522 1.092471 0.8099568 0.5797306
-0.5165295 -0.5633741 1.314267 0.3197837 0.5132902
-0.3312759 -0.5496557 0.979758 0.778888 0.6700531
-0.1872046 -0.5169808 1.280263 0.7628509 0.4575254
-0.1319751 -0.4654825 1.574917 0.6703581 0.3220059
-0.1147719 -0.4686041 1.307584 0.8416668 0.408005
-0.1700127 -0.4986998 1.322551 0.760525 0.4271752
-0.219042 -0.4871499 1.319365 0.7066215 0.4263868
-0.1015736 -0.4221448 1.567039 0.7119945 0.2960363
-0.1720113 -0.5225282 1.279485 0.7801139 0.4595006
-0.2555584 -0.5226552 1.096618 0.8028294 0.5609129
-0.2606959 -0.6445569 0.8810145 0.9416436 0.7869321
-0.3279559 -0.7118335 0.992631 0.731065 0.7527483
-0.4729053 -0.6639308 1.073879 0.4821816 0.7028739
-0.4765756 -0.6579092 1.085408 0.4713016 0.6924831
-0.5768447 -1.060398 1.160779 0.3135617 0.8409337
-0.4449977 -0.5672987 1.726998 0.2891476 0.359321
-0.676576 -0.5774388 1.244507 0.1043871 0.5838927
-0.4429323 -0.6179821 0.7496946 0.7799938 0.9707807
-0.3794176 -0.5583577 0.809973 0.8585617 0.8414598
-0.05724007 -0.5842734 1.312754 0.8713646 0.4693474
-0.7194439 -0.5649153 1.305664 0.02418274 0.5489706
-0.4431511 -0.5544672 1.220768 0.4592294 0.543811
-0.4909376 -0.565124 1.299891 0.3600065 0.5176653
-0.07984281 -0.4719141 1.294656 0.8899398 0.4114467
-0.2308963 -0.5211477 1.298487 0.6984215 0.4576476
-0.350929 -0.5727103 0.7807586 0.9370719 0.8718784
-0.1978146 -0.4778916 1.300885 0.7455006 0.4254427
-0.3059148 -0.5424423 1.154704 0.6875315 0.5496884
0.002312005 -0.6058024 1.256141 0.966184 0.4970108
-0.3995787 -0.6763329 0.8799641 0.7181839 0.8447597
-0.2892805 -0.4534771 1.370996 0.5968818 0.3918968
-0.3230006 -0.5037739 1.542275 0.4767119 0.368198
-0.5596734 -0.5628049 1.16222 0.3105549 0.6027087
-0.5593421 -0.5628214 1.162048 0.3111435 0.6027635
-0.4708773 -0.5619242 1.195318 0.4310228 0.5668098
-0.1951106 -0.6040475 1.133957 0.830947 0.5803139
-0.5616156 -0.5557014 1.355669 0.2443411 0.4953275
0.1650195 -0.5436758 1.54354 0.9521132 0.3539829
-0.4487475 -0.5591193 1.321796 0.4082614 0.4979861
-0.4445989 -0.6607578 0.8017894 0.7123566 0.9310473
-0.1396006 -0.5421904 1.227275 0.8485226 0.4900357
0.1601716 -0.5849656 1.447676 0.9954317 0.4030573
0.03225034 -0.3211812 1.466138 0.9363058 0.2480475
0.02593386 -0.3176391 1.457106 0.9370466 0.2481898
-0.0101884 -0.6135415 1.209803 0.9844303 0.5224179
-0.3968633 -0.5741746 0.7995973 0.8311196 0.8686973
-0.3967389 -0.5730365 0.7993062 0.8321345 0.8683041
-0.5966045 -0.6676565 1.196194 0.2513615 0.6511144
-0.6502206 -0.552557 1.363796 0.1165861 0.5015309
-0.5799634 -0.7729842 1.17045 0.2912917 0.7181505
-0.7167826 -1.183199 1.292022 0.1384068 0.8325199
-0.1403892 -0.4459573 1.554677 0.6742514 0.31637
-0.2073751 -0.4444481 1.62522 0.5722757 0.3010414
-0.3436202 -0.4806765 1.663044 0.412272 0.3212363
0.065216 -0.6368562 1.238743 1.03282 0.513368
0.06698948 -0.6387229 1.239901 1.033092 0.5136657
-0.6326133 -0.5601544 1.398092 0.1362746 0.488135
-0.6311193 -0.5545416 1.388811 0.1393242 0.4886487
-0.6642385 -0.5624589 1.316756 0.1065932 0.5329698
-0.226964 -0.4051263 1.649315 0.5449204 0.2721535
-0.2549314 -0.5209273 1.311618 0.6617939 0.454868
-0.2308227 -0.6858271 0.9897017 0.8710626 0.7195773
-0.3126853 -0.5510793 0.9973786 0.7920587 0.6539766
-0.4643077 -0.5564211 1.34088 0.3804516 0.4897633
-0.464503 -0.5540239 1.337808 0.3813139 0.4896949
-0.3122267 -0.61681 0.9991369 0.7723302 0.692816
-0.2150104 -0.5073293 1.310374 0.7130355 0.4423248
-0.0009338856 -0.3200282 1.492826 0.8829982 0.2423922
-0.3168358 -0.5538268 1.175371 0.6575575 0.5475425
0.07316202 -0.6389733 1.273761 1.014515 0.4995193
0.0243395 -0.6194094 1.242953 0.9941236 0.507219
-0.2823784 -0.634823 0.9124433 0.8835622 0.7614295
-0.2642666 -0.6398097 0.8667585 0.9526481 0.7974851
-0.2078101 -0.4313188 1.576647 0.5941761 0.3058541
-0.4733585 -0.7630294 1.086958 0.4698729 0.7452182
-0.6937072 -0.559887 1.292796 0.06510344 0.5485846
-0.2621161 -0.6490968 0.8585651 0.9600793 0.8090738
-0.674821 -0.5670127 1.257748 0.1024716 0.5694089
-0.5116091 -0.5581361 1.189685 0.3733703 0.5745726
-0.4234678 -0.5611735 1.379339 0.4184318 0.4710518
-0.6700033 -0.5565192 1.869992 0.02637857 0.3309576
0.01057607 -0.5863008 1.322636 0.9344336 0.4594396
-0.1416464 -0.4663819 1.311148 0.8084968 0.4079766
-0.5204308 -0.559072 1.198977 0.3563722 0.5713631
-0.2223433 -0.6460901 0.8439131 1.035914 0.8088996
-0.5632617 -0.565858 1.44474 0.2199505 0.4632741
-0.5528949 -0.5611613 1.223812 0.2984922 0.5641754
-0.3822406 -0.5502005 1.448425 0.4426027 0.43295
-0.4272008 -0.6025948 0.757951 0.8074881 0.9456803
0.2485525 -0.5473483 1.573276 1.004707 0.3427881
-0.1491784 -0.5639889 1.275477 0.7995415 0.4833835
-0.255375 -0.6386381 0.9933305 0.8503772 0.6967943
-0.09950525 -0.4446541 1.542943 0.7228644 0.3160607
-0.007889748 -0.6324431 1.208246 0.9817486 0.5331082
-0.007703125 -0.6189384 1.257867 0.9504808 0.5046576
-0.2515882 -0.6353754 1.030879 0.8265245 0.6690737
-0.703351 -0.6175532 1.270572 0.06650394 0.5980192
-0.4034349 -0.5681173 1.611133 0.3640982 0.3902353
-0.4349783 -0.5337952 1.815233 0.2773957 0.3179805
-0.6409542 -0.5769945 1.218501 0.1663772 0.592547
-0.9039109 -1.267294 1.386556 -0.05942875 0.8406702
-0.6066532 -0.6734899 1.176391 0.2430545 0.6684978
-0.7128512 -1.188533 1.287513 0.1440367 0.8359417
-0.9041028 -1.242788 1.389349 -0.06488717 0.8319119
-0.7228577 -1.207494 1.284811 0.1359244 0.8450883
-0.8638588 -0.9922695 1.383057 -0.07498235 0.7426148
-0.8035184 -0.7317674 1.375096 -0.06248015 0.6207092
-0.77746 -0.6880299 1.336289 -0.03460014 0.6140291
-0.7805723 -1.067375 1.322589 0.04505185 0.7885116
-0.1877901 -0.3863986 1.552873 0.6323258 0.282357
-0.4253807 -0.6296074 1.069066 0.55782 0.6765953
-0.1000131 -0.5704427 1.247682 0.8720356 0.4929468
-0.2620682 -0.6443194 0.8340214 0.9880846 0.8285084
0.1799396 -0.6630973 1.296376 1.091159 0.4915774
-0.1459045 -0.4700037 1.375063 0.7621625 0.3873541
-0.2475549 -0.6440767 0.8172803 1.028766 0.8395002
-0.4225977 -0.5674381 1.558774 0.3585281 0.4081836
-0.1106871 -0.5708942 1.149399 0.9319531 0.539904
-0.7229149 -0.5701293 1.279569 0.02337149 0.5672241
-0.4697868 -0.547994 1.562016 0.3028997 0.4002452
-0.1483846 -0.4746106 1.322247 0.7913421 0.4097664
-0.2008503 -0.4810509 1.316262 0.7315995 0.4217235
-0.6893814 -0.5610407 1.268265 0.07626063 0.5621382
-0.5138032 -0.56316 1.26229 0.3418991 0.5385296
-0.2981705 -0.5521958 0.9507015 0.8549618 0.6857293
-0.2216809 -0.4554209 1.343392 0.6950017 0.3967519
0.1325728 -0.6745985 1.376788 0.990117 0.4735767
-0.05309719 -0.6128514 1.244234 0.9138744 0.5125862
-0.262762 -0.5369011 1.158506 0.7440694 0.537317
-0.2868808 -0.5079798 1.138132 0.7323743 0.5332019
-0.2744976 -0.5480549 1.175472 0.7147487 0.5373265
-0.02095336 -0.6271678 1.202287 0.9740146 0.5346041
-0.3604366 -0.537252 1.200831 0.5858783 0.5305306
-0.4228027 -0.5758423 0.7648149 0.8194615 0.920602
-0.2755844 -0.6644526 0.9008064 0.8930748 0.7853054
-0.2893963 -0.6540204 0.900631 0.8768913 0.7835155
-0.6139345 -0.5455098 1.221203 0.2036904 0.5660352
-0.7034507 -0.5547118 1.280255 0.05050513 0.5537329
-0.8851502 -1.292546 1.395363 -0.03483546 0.8403524
-0.8014948 -0.7586201 1.310716 -0.04864198 0.6691488
-0.4806858 -0.5613674 1.107362 0.4587348 0.6212467
-0.5088173 -0.5591431 1.145197 0.3968971 0.6012931
-0.5001371 -0.5583925 1.123599 0.4204274 0.6127328
-0.5751982 -0.5729142 1.170057 0.2839735 0.607202
-0.2453105 -0.6530056 0.8797912 0.9617363 0.7883701
-0.5656217 -0.5534384 1.197973 0.2875792 0.5762268
-0.6488945 -0.5506359 1.234941 0.1453745 0.5675017
-0.4286749 -0.5963665 0.7808542 0.7827357 0.9151124
-0.2134882 -0.6158099 1.077304 0.8465233 0.6219655
-0.3977608 -0.5668578 0.7868295 0.8465841 0.8791811
-0.7022694 -0.621629 1.345093 0.05772656 0.5600739
-0.3299816 -0.6598724 0.7319168 0.9866859 0.9665373
-0.2002227 -0.4736741 1.008059 0.9779822 0.5710634
-0.2632244 -0.5212196 0.9321239 0.9398137 0.6712413
-0.2116444 -0.6365283 1.075075 0.8444399 0.6347157
-0.3052723 -0.5393511 1.191419 0.6656199 0.5283417
-0.2710217 -0.6683237 0.7740843 1.029005 0.902269
-0.1885822 -0.6370065 1.112304 0.8454765 0.6096957
-0.2912621 -0.6203626 0.8415201 0.9460622 0.8172444
-0.2597509 -0.6608395 0.8178658 1.001044 0.8515879
-0.4018557 -0.6404113 0.7365731 0.8628319 0.9810108
-0.2069073 -0.5081708 0.9773449 0.9838766 0.6167594
-0.4461937 -0.7635917 1.060912 0.519684 0.7571883
-0.2326136 -0.6429214 0.9523568 0.9153701 0.7231054
-0.2442148 -0.6403194 0.9296411 0.9207927 0.7413645
-0.3278269 -0.5759707 0.8111037 0.9405136 0.8330265
-0.2551274 -0.6340351 0.8386531 0.9986569 0.8165979
-0.3959107 -0.663537 0.8529285 0.7501857 0.8624808
-0.2665951 -0.6386925 1.001399 0.8284123 0.6937191
