-0.3683172 0.0143721 0.2471141 
0.99946 1
0.99946 0
0.0005400776 1
0.0005400777 0
386
-0.006016552 -0.6332049 1.190837 0.5304605 0.3263642
-0.1440853 -0.482409 1.584485 0.2690542 0.1264433
-0.2003093 -0.4973189 1.30703 0.2656603 0.2142095
-0.2524726 -0.4731194 1.340263 0.1898639 0.1897171
-0.3243231 -0.60708 0.9934061 0.1801798 0.4274473
-0.04868364 -0.567232 1.293529 0.4511683 0.2549043
-0.4055505 -0.5531477 1.606933 -0.01210356 0.1742468
-0.2417328 -0.5127266 1.616503 0.1610442 0.1411079
-0.3299642 -0.611044 0.9916925 0.1727726 0.4315525
-0.251383 -0.5349739 1.311865 0.2042453 0.2408557
-0.4137357 -0.5209093 1.593683 -0.02807796 0.1579164
-0.3846766 -0.5471673 1.547936 0.01455504 0.1851279
-0.4046384 -0.5625923 1.789927 -0.01945174 0.1369697
-0.01265922 -0.5862493 1.307244 0.4857844 0.2598144
-0.2651933 -0.5350603 0.9406628 0.2756276 0.3998774
0.07222676 -0.6646684 1.247455 0.5905124 0.3183218
-0.3995943 -0.5534543 1.805279 -0.01693499 0.128316
-0.3847466 -0.5229919 1.620648 0.004011959 0.15144
-0.2794743 -0.5139781 1.610165 0.1209515 0.1446587
-0.2703108 -0.53486 1.202464 0.2019138 0.2809801
-0.230706 -0.4533437 1.622771 0.1648838 0.101501
-0.1609211 -0.4458617 1.570881 0.2508495 0.1062902
-0.1440994 -0.4363937 1.575084 0.2679894 0.09856188
-0.1608706 -0.5058738 1.30013 0.3169211 0.2200015
-0.1706581 -0.4404904 1.607108 0.2325927 0.09490716
-0.2191747 -0.5472546 1.620685 0.1883337 0.1602197
-0.3761531 -0.5208711 1.612295 0.01392204 0.1518523
-0.2752346 -0.4746648 1.34791 0.1593903 0.1896021
-0.1887704 -0.4375039 1.624235 0.209257 0.08966017
-0.2820581 -0.52215 1.644824 0.1149903 0.1416177
-0.1133988 -0.4183597 1.572389 0.3015765 0.08619845
-0.3096029 -0.4812013 1.359594 0.114138 0.1923413
-0.2512932 -0.498352 1.330542 0.1963828 0.2102364
-0.2218132 -0.520685 1.56505 0.1916405 0.1577297
-0.1680725 -0.4570919 1.329404 0.2979485 0.1775001
0.009903759 -0.3431354 1.482671 0.465915 0.04911947
-0.4415225 -0.6668816 1.078992 0.00909102 0.4346057
0.06295469 -0.5345786 1.440863 0.5249544 0.1864665
-0.3465859 -0.5391312 1.114863 0.1121089 0.3262098
-0.1989271 -0.4603535 1.344593 0.2556821 0.1767311
-0.2847503 -0.5440916 1.135668 0.1975064 0.3151135
-0.1826929 -0.522677 1.277489 0.2965998 0.2399729
-0.2688435 -0.6529623 0.8621498 0.3032373 0.5222778
-0.5710111 -1.06673 1.161424 -0.05732566 0.595193
-0.2496514 -0.5287408 1.315317 0.2050166 0.2355051
-0.1870458 -0.4531766 1.610232 0.21515 0.103009
-0.3564422 -0.5555511 1.249058 0.08185652 0.2836566
-0.3537404 -0.5648645 1.26338 0.08543241 0.2842293
-0.1420276 -0.4680657 1.303028 0.3381195 0.1920398
-0.2219756 -0.6430921 0.8399436 0.3815368 0.5228681
-0.2214427 -0.6457064 0.8406792 0.382069 0.5238787
0.002706468 -0.6361991 1.267535 0.5124936 0.3006593
-0.2466798 -0.6458347 0.8146989 0.3529987 0.5445095
-0.06526217 -0.622196 1.192611 0.4630238 0.3239089
-0.1520943 -0.4720691 1.30747 0.3244567 0.1939908
-0.26013 -0.5439019 1.158108 0.2264647 0.3036741
-0.006494969 -0.6395369 1.208388 0.5229729 0.3236769
-0.3416395 -0.5438634 1.11204 0.1207557 0.3302681
-0.2781188 -0.6714873 0.9053224 0.2778704 0.5087188
-0.2596232 -0.6585497 0.8141045 0.333517 0.5544881
-0.22817 -0.5508929 1.227093 0.2534226 0.2793187
0.1744884 -0.5979905 1.425033 0.6344455 0.222313
0.0175783 -0.3712026 1.469748 0.4775281 0.07256854
0.01703566 -0.3709925 1.469791 0.4769101 0.07241762
0.06076145 -0.5391837 1.430536 0.5257966 0.1920592
-0.2693457 -0.6361185 0.9142792 0.2854519 0.4814757
-0.06023866 -0.638872 1.167317 0.4766059 0.3427054
-0.08937606 -0.6420338 1.15344 0.4470942 0.352336
-0.2078108 -0.4421137 1.647243 0.1849539 0.08825094
0.03903228 -0.378626 1.454425 0.506619 0.08091509
-0.1074803 -0.470239 1.356275 0.3652395 0.1759181
-0.1715959 -0.5564446 1.219494 0.3273227 0.2816103
-0.2658738 -0.5681164 0.9427724 0.2768003 0.4216738
-0.2208368 -0.6750823 0.9285687 0.3527017 0.4897282
0.1976171 -0.4213336 1.46567 0.6674471 0.1039209
-0.03459984 -0.6522567 1.191086 0.4967495 0.3393346
-0.03639871 -0.651153 1.189116 0.4954882 0.3395845
-0.2396095 -0.5575255 0.923681 0.3226389 0.4216068
-0.05360678 -0.6099432 1.197788 0.4754153 0.3138812
-0.01104632 -0.6463563 1.214742 0.5151119 0.3256053
-0.3112296 -0.6755379 0.9966856 0.2079141 0.465465
-0.0637086 -0.6472102 1.113214 0.4912417 0.3691388
-0.4231582 -0.546039 1.804203 -0.04278505 0.1249167
-0.4469838 -0.7707884 1.067513 0.02859679 0.4978159
-0.4487425 -0.7693828 1.066316 0.02602485 0.4979155
-0.4407144 -0.7668527 1.073276 0.03547439 0.4921692
-0.06070679 -0.6572134 1.105542 0.4968955 0.3777215
-0.2362628 -0.642175 0.7817343 0.381766 0.5625252
-0.3241839 -0.5644019 0.9729035 0.1781374 0.4101973
-0.2575435 -0.5241366 0.9206954 0.2932348 0.4020799
-0.2767137 -0.5333825 1.303346 0.1737163 0.2442297
-0.136757 -0.6670744 0.8931533 0.4821887 0.4932455
0.1437308 -0.6179583 1.21922 0.6835645 0.2968955
-0.08806923 -0.6349263 1.13152 0.4564019 0.3567867
-0.05465406 -0.5714878 1.27853 0.4490643 0.2627638
0.06796226 -0.5962481 1.417002 0.5330189 0.2287052
0.1485766 -0.6050499 1.209669 0.6952482 0.2923548
-0.4063424 -0.5781537 0.8019029 0.07689261 0.5387488
-0.2337967 -0.6437832 0.8290109 0.3676171 0.5320015
-0.248943 -0.6436929 0.8266544 0.3451433 0.5358934
0.1263587 -0.6134769 1.168957 0.6882847 0.3128894
0.142948 -0.5859023 1.218152 0.6889844 0.2786776
-0.2560014 -0.5515537 0.9233989 0.2968234 0.4197794
0.1301897 -0.6163097 1.228485 0.665614 0.2937756
-0.07062364 -0.5385208 1.265409 0.4360334 0.2474172
-0.02363989 -0.5801361 1.317772 0.470628 0.2535146
0.2298827 -0.4327542 1.490543 0.6877265 0.1050111
0.01196444 -0.3494554 1.467796 0.4730068 0.05702859
0.1863583 -0.4446676 1.437996 0.6636567 0.1260597
0.0399929 -0.548699 1.438092 0.5012146 0.1966694
0.1587479 -0.6028214 1.200348 0.7106893 0.2935157
0.09004968 -0.59544 1.061111 0.7024876 0.3460361
-0.2254737 -0.444463 1.65073 0.165312 0.08947217
-0.2252967 -0.4437455 1.651739 0.1652658 0.08878195
-0.3766131 -0.5412443 1.124822 0.0668608 0.3260809
-0.06550682 -0.5983075 1.207218 0.4589617 0.3043879
0.1726149 -0.5291832 1.47503 0.6231013 0.1701622
-0.247149 -0.4559323 0.9520115 0.2946687 0.3317499
-0.1606734 -0.6674541 0.9961006 0.4112359 0.4429646
0.069518 -0.6695004 1.239813 0.5900053 0.3237185
-0.1769799 -0.6658987 0.7406363 0.4913583 0.5939289
-0.4118215 -0.6031773 0.8006699 0.07415792 0.5570384
-0.2406154 -0.6670182 0.7577053 0.3843482 0.5942792
-0.2401554 -0.6667184 0.7576551 0.385097 0.594061
0.2286533 -0.4328363 1.46439 0.6975348 0.1109334
0.00801146 -0.5292568 1.434818 0.4700111 0.1872023
-0.2014913 -0.4842899 1.309674 0.262531 0.2044463
-0.2785251 -0.6457856 0.970119 0.2573509 0.4578357
-0.2446809 -0.552894 1.304731 0.2159788 0.2544514
-0.3546865 -0.6792359 0.9487646 0.1561799 0.4992293
0.06033969 -0.6238326 1.320654 0.5558162 0.2729032
-0.1734448 -0.6685372 0.8584417 0.4449833 0.5191151
0.1062676 -0.6159953 1.044722 0.7252503 0.3636146
-0.2644311 -0.5297294 0.9255201 0.2810675 0.4043055
0.08771646 -0.6683769 1.370711 0.5616811 0.2803365
-0.4939204 -0.6638498 0.7891434 -0.05259436 0.618407
0.135527 -0.6665664 1.012542 0.7635315 0.4033236
-0.2390684 -0.657003 0.7390014 0.394419 0.6017044
-0.1933249 -0.6573081 0.9750778 0.3749914 0.4514593
-0.235281 -0.6316437 0.7834356 0.3826461 0.5549247
0.08934212 -0.6252883 1.075168 0.6886801 0.3581843
-0.2494765 -0.5586358 0.9218485 0.3079932 0.4246633
-0.2465861 -0.6471859 0.8417209 0.3435866 0.5280496
0.3889438 -0.5873418 1.300664 0.8944892 0.2398676
0.3866725 -0.5610399 1.296498 0.9019813 0.2261853
0.3510162 -0.4252414 1.367069 0.8687993 0.1249487
0.3696749 -0.5237303 1.29595 0.8967855 0.2051183
0.3706537 -0.5516559 1.300644 0.8872269 0.2203678
0.3686621 -0.4577425 1.331852 0.8959131 0.1543721
0.3739433 -0.5871137 1.303803 0.8789122 0.2396333
0.2014772 -0.6151997 1.175873 0.7646611 0.306039
0.3749956 -0.5067014 1.305312 0.9019662 0.1919329
-0.2554787 -0.6508808 0.8806744 0.3173415 0.5078588
-0.2612149 -0.4887587 0.9702979 0.2686704 0.3496229
0.1170596 -0.5915797 1.030148 0.7512908 0.3540015
0.1894214 -0.5800344 1.078005 0.8113388 0.321676
-0.1627686 -0.6335542 1.012207 0.4034988 0.4155781
0.09503245 -0.5879012 1.08717 0.6968912 0.3306327
0.08209807 -0.5835918 1.107203 0.6730174 0.3212879
-0.4895102 -0.6703123 0.7503316 -0.03929007 0.6516755
-0.4537885 -0.6704213 0.7301741 0.02875084 0.6603208
-0.5797668 -1.067592 1.179117 -0.06740522 0.5885331
0.1965289 -0.5665089 1.431454 0.6576205 0.2018671
-0.276034 -0.5275388 0.9281691 0.2613665 0.4027371
-0.221255 -0.6460007 0.8012567 0.3975407 0.5491511
-0.1322561 -0.625119 1.047675 0.4312078 0.3908055
-0.1736458 -0.6489719 0.7734917 0.4825481 0.5611863
0.1753486 -0.5262761 1.46515 0.6298481 0.1707615
-0.1167759 -0.5790547 1.171431 0.409965 0.3097423
-0.2695867 -0.5668929 0.9415878 0.2713258 0.4219688
-0.2396563 -0.5498837 0.9301875 0.32 0.4127776
-0.2283639 -0.6634079 0.7489721 0.407344 0.5961513
-0.2251839 -0.6506224 0.7806019 0.399629 0.5663008
-0.2193561 -0.5629641 0.9372754 0.3491429 0.4153162
-0.3781699 -0.4337427 0.6364834 0.1312849 0.5638254
-0.2313403 -0.4812476 0.9520261 0.3221331 0.3499576
0.0700835 -0.5770199 1.08322 0.6717219 0.3275664
-0.1868066 -0.662277 0.972439 0.3846847 0.4548898
-0.3231807 -0.5882828 0.8426039 0.2157996 0.5030598
0.1242483 -0.6729136 1.011192 0.7499843 0.4085205
0.1531723 -0.6691598 1.014073 0.7818657 0.4023776
0.1650846 -0.6032809 1.174137 0.7296042 0.3023356
0.4416292 -0.4440311 1.386972 0.9407873 0.1295768
0.4170536 -0.557431 1.326002 0.9161097 0.2145092
-0.06560931 -0.4792446 1.354352 0.4151726 0.1806679
-0.09237653 -0.4627114 1.33334 0.3900932 0.1767001
0.3816892 -0.5929427 1.275862 0.8988838 0.2505128
0.01268208 -0.3306204 1.46087 0.4773228 0.04419005
0.01389164 -0.3324569 1.46631 0.4767253 0.04442072
-0.04407895 -0.6449384 1.190871 0.4866097 0.3360237
-0.04485479 -0.6443124 1.190325 0.485958 0.3359312
0.3899665 -0.5190318 1.303698 0.9136798 0.1992051
-0.2842141 -0.6426665 0.8406571 0.2855238 0.5320432
-0.1600287 -0.6409677 1.002726 0.4102954 0.4242461
-0.3360845 -0.4105686 0.5699589 0.2590224 0.6034777
-0.3215624 -0.4072543 0.560986 0.301605 0.6064828
0.1321907 -0.6569987 1.018252 0.7590982 0.395883
0.1280335 -0.6140109 1.016308 0.7660378 0.3723122
-0.2627036 -0.5237899 1.173432 0.2171874 0.2840577
-0.237744 -0.4485098 1.657064 0.1514055 0.09107244
-0.4272772 -0.5552698 0.6303906 0.0589819 0.6756232
-0.4079695 -0.4765652 0.5940199 0.08350658 0.6530139
-0.3908995 -0.4390773 0.6265924 0.1041945 0.5820687
-0.4171779 -0.4258721 0.6118058 0.03444567 0.5938602
-0.4639015 -0.6619225 0.7613817 0.003600955 0.6326402
-0.1955547 -0.6906707 0.7742565 0.4463157 0.5878957
-0.1090884 -0.6743827 0.8807333 0.5245464 0.5004811
-0.02464351 -0.6751748 0.9121833 0.6207432 0.4730116
0.01311049 -0.660654 0.9633614 0.6456724 0.4350356
0.3846739 -0.4130206 1.349066 0.9160377 0.1200237
-0.4817061 -0.665842 0.724878 -0.02426541 0.6684927
-0.3332082 -0.4139338 0.5481663 0.2782453 0.6315421
-0.225778 -0.4827865 0.9578673 0.3290749 0.3474947
0.01892081 -0.5835788 1.38179 0.495267 0.2339067
-0.2640066 -0.56213 0.9288064 0.2834132 0.4250663
0.4009432 -0.5043227 1.319804 0.9199764 0.1854545
0.370837 -0.4121087 1.356961 0.8980268 0.1179451
-0.03697211 -0.5427845 1.345141 0.4488073 0.2230932
-0.120946 -0.6551549 0.9142262 0.495875 0.4728197
-0.2047334 -0.6402346 0.7926266 0.4267737 0.5486491
-0.1721434 -0.6617501 0.7696555 0.4855488 0.5708343
-0.07013088 -0.6675874 0.8843385 0.5760253 0.4893669
-0.1387608 -0.6628385 0.6295506 0.6125776 0.6687469
-0.3616823 -0.4304644 0.5957916 0.185583 0.5995075
-0.1466632 -0.6683938 0.8728437 0.4768437 0.5067933
0.3603794 -0.5354676 1.310102 0.876974 0.2086923
0.3919382 -0.5697749 1.228683 0.9411233 0.2507019
0.3997875 -0.5619135 1.243939 0.9426861 0.2411357
0.3925511 -0.5936236 1.279543 0.9069891 0.249234
0.1803895 -0.5827074 1.076354 0.8013678 0.3246635
0.3449386 -0.4219173 1.378408 0.8576467 0.120216
-0.3390723 -0.4424896 0.5169846 0.2829883 0.6970202
-0.3497476 -0.4357556 0.5299419 0.2464451 0.6785696
-0.3589066 -0.4170459 0.5301003 0.217068 0.6658276
-0.3257276 -0.4526765 0.5177891 0.3191871 0.6992345
-0.1411014 -0.6560284 1.055426 0.4164081 0.4064466
-0.3518519 -0.4362712 0.5291581 0.2412141 0.6807365
-0.2629981 -0.4973117 0.9596515 0.2698671 0.3618394
-0.3775155 -0.5171729 1.55794 0.01573968 0.1632959
-0.3203366 -0.6106259 0.7901746 0.2385953 0.5524619
-0.3944837 -0.433054 0.6091671 0.09762803 0.5965198
-0.3199807 -0.6076621 0.7936531 0.2377908 0.5480884
-0.4323988 -0.6682758 0.6302783 0.08517691 0.7429489
-0.3913956 -0.4437981 0.6144954 0.1079415 0.5990842
-0.4229923 -0.6102095 0.6154245 0.08981621 0.7234214
0.1367595 -0.6323637 1.425827 0.5938493 0.2427516
-0.111589 -0.6671897 0.7984828 0.5603615 0.5452195
-0.1006134 -0.4639204 1.368776 0.3697702 0.1676923
-0.4260622 -0.5872939 0.626671 0.07351169 0.6993102
-0.3305811 -0.6719685 0.9841172 0.1827873 0.4724718
-0.4535097 -0.7694579 1.068077 0.01948288 0.4976629
-0.4509476 -0.6602327 0.6507702 0.04233009 0.7240742
0.09745157 -0.6601214 1.042498 0.706742 0.3907344
0.3878194 -0.4460114 1.329653 0.9197217 0.1466006
-0.1280249 -0.5910533 1.101365 0.4189348 0.3461703
-0.1154549 -0.6682671 0.9144131 0.5020829 0.4795423
0.1750657 -0.4418756 1.435595 0.6534398 0.1251558
-0.1605389 -0.6699257 0.8550941 0.4646228 0.5199683
-0.06187135 -0.6687233 0.7286844 0.669745 0.5830434
-0.3974325 -0.4736434 0.6118222 0.1040263 0.6280469
-0.4669306 -0.6662678 0.7107459 0.005288422 0.6773276
-0.07427439 -0.6662601 0.8924794 0.5668882 0.4847546
-0.1316475 -0.6684992 0.8042836 0.528566 0.5455316
-0.070454 -0.6672661 0.8096927 0.6126995 0.5319809
-0.07401299 -0.6388205 1.153907 0.4651693 0.348992
0.03010392 -0.3400699 1.460779 0.4969885 0.05113018
0.3591406 -0.5488884 1.196807 0.9336175 0.2500252
0.411844 -0.5660178 1.214898 0.969476 0.2515537
-0.02763087 -0.63987 1.189126 0.5061858 0.3324851
0.002515733 -0.5995123 1.210941 0.5356873 0.2988336
0.03955573 -0.6631374 1.244522 0.5575392 0.3208029
-0.3588364 -0.5644042 0.5270122 0.2476885 0.7745607
-0.3549007 -0.5744349 0.5241804 0.2594594 0.7824135
-0.3401333 -0.4362738 0.5167062 0.2793647 0.6927766
-0.2440084 -0.7065547 0.7805005 0.3706194 0.6007662
-0.2275171 -0.6193714 0.6154116 0.4743873 0.6773662
-0.3049114 -0.5457449 1.341049 0.1336749 0.2415119
-0.2796984 -0.6426843 0.9137584 0.2707441 0.4871824
-0.344225 -0.5708202 0.7834744 0.1925778 0.5357596
-0.2711136 -0.5259379 0.9410672 0.265242 0.3938607
-0.2688583 -0.6529774 0.9391305 0.280297 0.4775763
0.07829592 -0.6804624 1.19032 0.6170206 0.346265
-0.1251283 -0.6544108 0.7109494 0.5882168 0.5988651
-0.2306199 -0.5655373 1.011093 0.3086051 0.3805837
-0.3261226 -0.5973991 0.8131586 0.2203005 0.5291256
-0.2625933 -0.5218661 0.9276731 0.2826757 0.3971974
-0.2626004 -0.6520365 0.9055434 0.2991449 0.4950469
0.3689247 -0.5115931 1.307021 0.8936862 0.1947401
0.4860865 -0.5715151 1.321754 0.977164 0.2203678
-0.4229533 -0.6324089 0.6108823 0.09765331 0.7404746
0.2050093 -0.5763922 1.334788 0.7036217 0.2335104
-0.2627117 -0.5151135 1.683772 0.1297484 0.1279001
-0.3614351 -0.5371291 1.171543 0.08158442 0.302021
-0.2178016 -0.4524756 1.315622 0.2374402 0.180827
-0.4322393 -0.6687254 0.6241684 0.08683297 0.7490724
0.2067385 -0.5961928 1.080773 0.8245539 0.3289599
0.04496735 -0.6020556 1.350153 0.5315806 0.2524738
-0.4027276 -0.5742475 0.5852538 0.1303874 0.7279853
-0.0704841 -0.6694606 0.7260485 0.6585838 0.5867575
-0.1910835 -0.626368 0.6806508 0.5025291 0.6184564
-0.04319888 -0.6688277 0.7125236 0.7066923 0.5907713
0.005233109 -0.6681774 0.7650632 0.7424281 0.5480133
-0.3288243 -0.5665699 0.8058963 0.2130986 0.5141978
0.04373297 -0.6508843 1.232267 0.5677658 0.3179656
0.1198872 -0.6155194 1.212073 0.6618842 0.2995459
-0.08684579 -0.6672721 0.7169459 0.6402716 0.594744
-0.1321086 -0.6623572 0.7040493 0.5799103 0.6096295
-0.4506747 -0.6542787 0.6522244 0.04063046 0.7194304
-0.4115464 -0.6626331 0.5977206 0.1323772 0.7665142
-0.02016681 -0.6678349 0.8766075 0.6455739 0.4870425
0.1373987 -0.6677384 0.8092613 0.8864841 0.5024738
-0.06650668 -0.6592557 0.7346231 0.6616497 0.5745645
-0.06039935 -0.6637399 0.8377667 0.61264 0.5119325
-0.006022394 -0.6670618 0.7493302 0.7369928 0.5591
-0.02950832 -0.6672043 0.7928014 0.6785346 0.5358855
-0.1283539 -0.6650629 0.6350163 0.6256296 0.6632006
-0.05249959 -0.6701401 0.8872054 0.5975944 0.4869139
-0.1230548 -0.6703743 0.8079706 0.5389296 0.5429367
-0.06224075 -0.6522774 1.158835 0.4764454 0.353798
0.5379183 -0.4649656 1.39848 1.01654 0.1369061
-0.01408035 -0.6358387 1.236869 0.5048224 0.3120875
-0.0112389 -0.6375995 1.176071 0.5296492 0.3347244
0.3932423 -0.6015629 1.155352 0.9739489 0.2920345
0.436756 -0.5693871 1.210455 0.9949038 0.2534348
-0.2396947 -0.6015078 0.6099429 0.4562925 0.6748952
-0.3235034 -0.4301565 0.5459486 0.3072005 0.6451198
-0.2029775 -0.6676005 0.7903674 0.4294055 0.5656851
-0.1283804 -0.6791594 0.9158829 0.4833424 0.4866023
-0.2662911 -0.6613576 0.4907688 0.4670284 0.8363236
-0.2786018 -0.5675777 0.9729453 0.2487128 0.4067535
-0.2738125 -0.4992825 0.9584315 0.2529849 0.3652207
-0.1448223 -0.4625679 1.359784 0.319069 0.1713007
-0.2726705 -0.5343685 0.9902273 0.249509 0.3742232
-0.1727583 -0.6331382 1.029173 0.3845616 0.408391
-0.2695422 -0.503323 0.9913837 0.2507217 0.3507906
-0.1988475 -0.5314298 0.9650325 0.3695484 0.376577
-0.357595 -0.5323775 0.526333 0.2455644 0.7554699
-0.3224659 -0.6809787 0.9954616 0.193152 0.4706298
0.2329519 -0.5537826 1.186636 0.8073398 0.2639592
0.08051285 -0.6808352 0.9735445 0.7172781 0.434124
-0.1294389 -0.664256 0.5795699 0.6599025 0.7099491
-0.2415157 -0.509344 1.324018 0.2112978 0.2192461
-0.3601456 -0.4352583 0.6384567 0.1751975 0.5584949
-0.4001789 -0.5020245 0.5857239 0.1139782 0.678955
-0.2219053 -0.5434921 0.9408218 0.3434518 0.4003808
-0.2401505 -0.6765106 0.9254692 0.326669 0.4948637
0.3459101 -0.6497007 1.145635 0.917353 0.3253039
0.4974178 -0.576205 1.260669 1.020036 0.2392758
-0.1096646 -0.6668559 0.7727203 0.576209 0.5610858
0.5223027 -0.5842038 1.334657 0.9982959 0.2222652
-0.3825814 -0.534586 1.148481 0.05343086 0.3117316
0.375717 -0.591917 1.155843 0.9596617 0.2875129
0.08836329 -0.6277556 1.027856 0.7104009 0.3792688
-0.316411 -0.5848767 0.9793684 0.1918437 0.4194968
-0.08184049 -0.6670314 0.808607 0.5974103 0.5342483
-0.1715644 -0.6240148 0.6549947 0.5499125 0.6333984
-0.378384 -0.6641494 0.5542338 0.2123803 0.8029444
0.3640311 -0.4305171 1.312649 0.9102792 0.1415232
-0.1867104 -0.6088783 0.9889575 0.37916 0.414511
-0.4553524 -0.6733288 0.7644447 0.02241698 0.634886
-0.04520473 -0.6671375 0.837808 0.6326228 0.51165
0.3771008 -0.4129189 1.355201 0.905044 0.1187193
-0.1144514 -0.6692219 0.7743776 0.5680424 0.5621395
-0.137619 -0.6086852 1.216124 0.3708898 0.312799
-0.1621139 -0.6682063 0.7796562 0.4954495 0.5661355
-0.2522767 -0.6612834 0.9596487 0.2986337 0.4691722
-0.04293582 -0.6708916 0.6964622 0.716678 0.6029849
-0.3739481 -0.6183348 0.541382 0.2177637 0.7926848
-0.1615824 -0.6672311 0.6188467 0.5805803 0.6851695
-0.2857608 -0.6624806 0.9783018 0.2465799 0.4642947
0.4946738 -0.5799598 1.300679 0.9936867 0.2303687
-0.05926552 -0.6659122 0.7439013 0.6651889 0.5708816
-0.04371461 -0.6671198 0.860618 0.6228727 0.4985587
-0.2104681 -0.6586346 0.6523539 0.4813474 0.6636983
-0.05080965 -0.4977899 1.30419 0.4480668 0.2072796
-0.04907182 -0.6645477 0.6080838 0.7698854 0.6673318
0.004120886 -0.6745109 0.8313044 0.7002628 0.512468
-0.07329851 -0.6671533 0.5762028 0.7540038 0.7008738
-0.2496435 -0.6449153 0.5452406 0.4696647 0.7644926
-0.3283648 -0.4215345 0.5905131 0.2707468 0.587873
0.1230632 -0.6752626 0.8420179 0.84469 0.4908406
-0.06924444 -0.6648357 0.6857516 0.6860512 0.612224
-0.4023983 -0.5040018 0.5906025 0.1079228 0.6755862
-0.3495506 -0.6586627 0.520883 0.2830828 0.8280725
0.03143656 -0.3755353 1.465769 0.4942894 0.07629377
-0.3194074 -0.5824889 0.8274517 0.225582 0.5086094
