-0.1470306 -0.01656237 0.03043821 
0.99946 1
0.99946 0
0.0005400776 1
0.0005400777 0
213
-0.01801059 -0.6405383 1.209144 0.4900349 0.2553536
-0.2171652 -0.5048476 1.317555 0.2561959 0.1476545
-0.2678069 -0.4826794 1.353237 0.1967316 0.1254724
-0.2579795 -0.5174248 1.63323 0.2220274 0.0891813
-0.1820323 -0.4669076 1.349114 0.2916268 0.1145378
-0.2811615 -0.6678884 0.8748449 0.1876556 0.4049032
-0.2592884 -0.661913 0.8267113 0.2139775 0.4234362
-0.02383435 -0.6380516 1.215524 0.4830417 0.2521919
-0.2838274 -0.6490636 0.9276161 0.1836607 0.3700277
-0.2540349 -0.5706888 0.9367287 0.2093672 0.3150244
-0.1435332 -0.6839225 0.9154619 0.3703077 0.3902045
-0.1015096 -0.6454592 1.145653 0.4037514 0.2801324
-0.05944511 -0.5969844 1.31793 0.4349104 0.2009608
0.12939 -0.5899044 1.233315 0.6477658 0.2154237
-0.2697659 -0.5658304 0.9377563 0.1866679 0.3119053
0.002692938 -0.6231545 1.278858 0.5041619 0.2250634
-0.04249817 -0.5808334 1.323177 0.4520161 0.1898135
0.07742149 -0.6028067 1.0753 0.6201319 0.2729125
-0.07300989 -0.6118158 1.237914 0.4272503 0.2317509
0.002820343 -0.546639 1.475639 0.4834382 0.1334592
0.05204737 -0.6301177 1.339882 0.5469098 0.2117386
-0.1882209 -0.6853771 0.8715377 0.3143322 0.4126157
0.1235784 -0.6739628 1.02745 0.6767076 0.3301709
-0.2121269 -0.6719579 0.9797135 0.28093 0.3590677
0.07449596 -0.6323744 1.088062 0.6117144 0.286445
-0.2636965 -0.5747221 0.9369141 0.1968062 0.3180101
0.3858556 -0.5913831 1.331147 0.8864514 0.1854588
0.3970036 -0.5748083 1.344581 0.896881 0.1725181
0.362188 -0.5875279 1.319575 0.8673156 0.1865506
0.1916678 -0.6214272 1.196299 0.7189986 0.2429492
0.1057371 -0.6016201 1.045967 0.6600801 0.2813831
0.1773785 -0.5866693 1.094383 0.7340387 0.2538582
-0.2051818 -0.675449 0.9771345 0.2900088 0.3618726
0.1542402 -0.6058208 1.192546 0.6815403 0.2358671
0.4274964 -0.5725592 1.368024 0.9198151 0.1651869
0.3745571 -0.5967248 1.299831 0.8837969 0.196504
0.4333141 -0.5653399 1.412741 0.9128511 0.1509026
-0.02462319 -0.6534381 1.186292 0.4853733 0.2697472
0.1172197 -0.6617014 1.030226 0.6701985 0.322377
-0.03990275 -0.681972 0.9194356 0.5005935 0.3832059
0.418938 -0.5287086 1.384371 0.9162468 0.1359869
-0.1494072 -0.6815294 0.6450126 0.3798439 0.5309725
0.374215 -0.5640663 1.234986 0.9122362 0.1941223
0.3950118 -0.5683261 1.270095 0.9208007 0.1871044
-0.2159663 -0.672605 0.8068176 0.2757656 0.437714
-0.1212224 -0.6832222 0.8124604 0.4069179 0.4365829
0.3736912 -0.5726216 1.254205 0.9031105 0.1941997
0.4026781 -0.5688094 1.234959 0.9409248 0.1963782
0.006576121 -0.629796 1.265017 0.509793 0.2325623
0.3600878 -0.5145119 1.329135 0.8778138 0.1407528
-0.2312454 -0.4692315 1.349951 0.2360883 0.1166992
0.5001296 -0.5723293 1.286955 1.020385 0.1831199
0.5085456 -0.4561257 1.396298 1.020522 0.08728278
-0.2095656 -0.5801513 0.9494413 0.2720194 0.3144619
0.4842199 -0.5739547 1.275198 1.00842 0.1873347
0.5064337 -0.5781954 1.343933 1.003489 0.1726063
0.3756959 -0.5971286 1.190645 0.9210376 0.2259778
0.4776156 -0.5765575 1.314573 0.9863729 0.1792248
-0.0863227 -0.6818379 0.5874513 0.4854499 0.5649484
0.06612644 -0.5893275 1.092173 0.6046491 0.2593184
0.06662005 -0.6779911 0.6520109 0.704018 0.5112895
-0.08508236 -0.6826373 0.7186408 0.4677283 0.4838886
0.01481813 -0.6820989 0.8750658 0.5769565 0.4003881
0.4902113 -0.5723065 1.370957 0.9796653 0.1632632
0.1959238 -0.4347903 1.478709 0.6831 0.06160051
0.03441265 -0.6796213 0.6125907 0.6677123 0.5388663
0.3533107 -0.6014439 1.207677 0.8905942 0.2242259
0.05549452 -0.6425925 1.279185 0.5584322 0.2346902
0.3279161 -0.661193 1.176705 0.8608179 0.2677414
0.444985 -0.5700694 1.252175 0.9782016 0.1917297
-0.01419677 -0.6772621 0.4709981 0.6324732 0.6443166
0.06034935 -0.6764566 0.5681598 0.7230171 0.5649208
0.1539461 -0.6757933 0.7062539 0.810681 0.4737751
0.009214222 -0.6770407 0.514955 0.658324 0.6075217
-0.07186884 -0.6507592 1.140392 0.4377432 0.284044
0.1026738 -0.6756841 0.6243541 0.7675659 0.524752
0.3843376 -0.6533922 1.137195 0.934804 0.2739464
-0.05943421 -0.550233 1.351566 0.4310938 0.1648027
-0.07809779 -0.6776347 0.4001188 0.5372506 0.7130674
0.3371248 -0.4992104 1.33239 0.8562679 0.1308326
0.1680187 -0.5591801 1.224938 0.6948522 0.198303
0.3791955 -0.59062 1.195762 0.9245784 0.2206055
0.3765534 -0.6696127 0.9980863 0.9748828 0.3300692
-0.1153433 -0.6230149 1.15102 0.3866146 0.2656945
0.4195396 -0.6185582 1.080628 1.004471 0.270844
-0.2874638 -0.6840687 0.8483548 0.1806605 0.4272935
-0.3033928 -0.6800883 0.8649197 0.1594019 0.4177577
0.07229914 -0.6258777 1.09636 0.6081262 0.2798979
-0.09143008 -0.6056842 1.300864 0.4026698 0.2111865
0.3006237 -0.6803887 1.033755 0.8737265 0.3257672
0.5043392 -0.5755574 1.193116 1.061966 0.2095132
0.4803033 -0.5809113 1.157255 1.050129 0.2233974
0.4988497 -0.5613708 1.191756 1.061475 0.2014357
0.07658583 -0.6616167 1.292212 0.5770945 0.2410741
0.4863004 -0.5799718 1.357147 0.9787437 0.1708906
0.4909992 -0.5787153 1.182742 1.051313 0.2145884
0.1099704 -0.6833652 0.6269012 0.7756903 0.5271979
-0.2467344 -0.6692286 0.8204698 0.2325699 0.4303273
0.03231899 -0.6773543 0.4049122 0.7390212 0.6976517
-0.05769069 -0.5689809 1.340614 0.4342701 0.178702
-0.2367243 -0.6841933 0.9321057 0.2511266 0.3869387
0.2150894 -0.5674556 1.220624 0.7459635 0.203509
0.4360491 -0.6535915 1.016507 1.038909 0.312407
0.2097975 -0.6329072 1.115933 0.7574477 0.2737267
0.05139169 -0.6786572 0.476018 0.7427412 0.6355221
0.0981869 -0.6734904 0.5627124 0.7852743 0.5643154
0.005161583 -0.6789408 0.4174902 0.6845562 0.6896476
0.02011387 -0.6394964 1.332092 0.5154501 0.2196078
-0.2517054 -0.6653425 0.8935995 0.2276028 0.3935131
-0.3068633 -0.6730663 0.9911544 0.163055 0.3586169
-0.3070804 -0.6609088 0.8641273 0.1500324 0.4069121
0.07563438 -0.7034915 1.003391 0.6236647 0.357237
-0.1735503 -0.6436334 0.6468595 0.3383311 0.5084314
-0.07804035 -0.6406946 1.191947 0.4262537 0.2621873
-0.2302889 -0.5187856 0.9897926 0.2349569 0.2573423
0.1472421 -0.6783983 1.029249 0.7027923 0.3312408
-0.2576512 -0.4883804 1.695005 0.2204572 0.06161678
-0.03913171 -0.5620692 1.38714 0.4495495 0.1629845
0.08545628 -0.6744151 0.4698521 0.804306 0.6352612
0.1260788 -0.6732358 0.5213022 0.8479714 0.59168
0.3793522 -0.6640009 1.006457 0.9763149 0.3237545
0.4358521 -0.6215861 1.029572 1.043766 0.2891613
0.3650759 -0.5574813 1.322969 0.8755114 0.1681463
-0.2442315 -0.6818112 0.9184145 0.240815 0.3918179
-0.2963248 -0.5550706 0.9888914 0.1517106 0.2850726
-0.09588699 -0.6530927 1.148212 0.4102047 0.283522
-0.2462667 -0.6727346 0.665185 0.2282893 0.5191378
-0.2551812 -0.6811398 0.5179221 0.2080026 0.628601
0.2260432 -0.6198324 1.126056 0.7748255 0.2624274
-0.1282801 -0.682869 0.8839018 0.3918826 0.4029261
0.3473426 -0.4581051 1.336206 0.874742 0.1033443
0.4371309 -0.5505065 1.413607 0.9195707 0.1421372
0.03266776 -0.6773076 0.4012894 0.7412158 0.7009325
0.4145133 -0.6271313 1.130476 0.9764647 0.2602826
-0.3035494 -0.5749692 0.9765282 0.145314 0.3035139
0.3242551 -0.6734353 0.8683443 0.9669811 0.385585
-0.2188521 -0.6605697 0.6424548 0.2686507 0.52454
0.1696244 -0.6755477 0.5811344 0.8870645 0.548205
0.126262 -0.6166977 1.217301 0.6450545 0.2357247
0.4269951 -0.5713867 1.229307 0.9677207 0.198905
0.3444656 -0.6730306 1.054889 0.9164847 0.3129151
0.431552 -1.080548 0.8148729 0.9862835 0.5903562
-0.2434067 -0.5300794 0.9719411 0.2181624 0.2725726
0.162221 -0.683953 1.02022 0.7213579 0.3371559
0.2033032 -0.6883931 0.9524693 0.7871789 0.3640286
0.1642547 -0.6683686 0.8122963 0.7881289 0.4147501
0.05136931 -0.6830734 0.46638 0.7455342 0.6458322
0.06820738 -0.692969 0.5544054 0.736861 0.5834318
0.1164543 -0.682193 0.6962035 0.7602741 0.4851469
0.08846051 -0.6215732 1.194336 0.6082897 0.2461774
-0.03619923 -0.6857646 0.3595427 0.6272526 0.7528363
-0.1930745 -0.6835782 0.578613 0.3143193 0.5796462
-0.2161625 -0.5555362 0.9897913 0.2599693 0.2823495
0.01208526 -0.6757133 0.3677989 0.7177261 0.7341984
-0.1560937 -0.6803458 0.6482831 0.3692133 0.5286301
-0.1407645 -0.6067675 1.121585 0.3576685 0.266197
-0.1350735 -0.6819115 0.6802702 0.3986971 0.5085842
-0.2433097 -0.5468167 1.331669 0.2328342 0.1711644
-0.1398861 -0.4747274 1.371535 0.3390502 0.1139679
0.1207259 -0.6606793 1.340875 0.6133647 0.2266622
-0.2506052 -0.5608029 1.003343 0.2152423 0.281885
-0.2503593 -0.6834057 0.6023528 0.2212252 0.5669808
-0.2909621 -0.5573443 0.9611565 0.1572131 0.2973605
0.1648303 -0.4448248 1.463405 0.6533387 0.07130927
-0.2406456 -0.6768866 0.5396171 0.2333106 0.6080691
-0.2595614 -0.4629817 1.003167 0.1839221 0.2121026
-0.2245204 -0.6822277 0.9735286 0.2667944 0.367967
-0.1645299 -0.6625109 0.6564315 0.354019 0.5134121
-0.1834826 -0.6749635 0.6585734 0.3259183 0.5207007
-0.2565893 -0.6779275 0.9792811 0.2262748 0.3643583
0.3589773 -0.6748403 1.142995 0.9009247 0.2847016
-0.2924958 -0.6445366 0.9741124 0.1744732 0.3480977
-0.2541294 -0.6659556 0.6866537 0.2157032 0.5023336
-0.2779167 -0.5099761 0.9745882 0.1659614 0.2583275
-0.1975374 -0.5415989 1.315646 0.2825015 0.1710986
-0.09815587 -0.6794289 0.3734126 0.5052958 0.7421451
0.3320423 -0.6620527 1.201028 0.857408 0.2609197
-0.009397253 -0.678031 0.4909907 0.6344371 0.628186
0.0822527 -0.6772798 0.5921891 0.7481887 0.5476965
-0.2672987 -0.6738007 0.8313158 0.2053057 0.428641
-0.285258 -0.6332451 0.7022148 0.1608517 0.4745765
-0.2493521 -0.6885792 0.314889 0.2071806 0.8272991
-0.280859 -0.6767416 0.519285 0.1619262 0.6270967
-0.1537621 -0.6810565 0.3024379 0.4064586 0.8263004
-0.2542421 -0.6649356 0.6284701 0.2123101 0.5386397
-0.269173 -0.6801828 0.9697149 0.2104957 0.3700523
0.1841314 -0.65977 0.741119 0.842994 0.4440256
0.05806887 -0.642015 1.194994 0.5740075 0.2584807
-0.06923194 -0.6801679 0.4021658 0.5530954 0.7116212
0.06376296 -1.24411 0.450595 0.6731222 0.8644973
0.05611223 -1.211029 0.4090147 0.678034 0.8860705
-0.2826361 -0.6888871 0.5174911 0.1620248 0.6355794
-0.1280369 -0.6755289 0.3212931 0.4564708 0.7988177
-0.06039358 -0.6980323 0.6355993 0.5169257 0.5408404
-0.07695932 -0.7038899 0.7011653 0.4818762 0.5056201
-0.1481178 -0.6746742 0.3041108 0.4176061 0.8205558
0.05271384 -1.167511 0.4479355 0.6699709 0.847592
0.03044628 -0.7162609 0.466991 0.7028447 0.6651395
0.1007739 -1.132988 0.3548792 0.7613231 0.9041817
0.0978571 -1.209035 0.3862977 0.7346191 0.8988672
-0.2357772 -0.6710953 0.8693053 0.2491648 0.4073867
-0.2972955 -0.6847351 0.4719864 0.1291908 0.672438
-0.2212043 -0.6901485 0.2878297 0.2660286 0.8566626
-0.2153604 -0.6844087 0.3585007 0.2774768 0.7728541
-0.2674426 -0.694229 0.329769 0.1726024 0.8151571
0.001272947 -0.6798019 0.3535569 0.7021691 0.7518063
0.1229103 -1.137372 0.3808876 0.7804278 0.8831604
-0.3073683 -0.6658421 0.6542162 0.1294068 0.5258177
-0.2471236 -0.658475 0.6206024 0.2220854 0.5395153
-0.1806566 -0.6919346 0.3244382 0.3498986 0.8096269
-0.106269 -0.6742072 0.3606508 0.4923865 0.7532585
-0.2336914 -0.676914 0.3474268 0.2384434 0.7830335
-0.1986707 -0.6794522 0.272985 0.3127243 0.8672469
