-0.1318437 -0.005246546 0.1145454 
0.99946 1
0.99946 0
0.0005400776 1
0.0005400777 0
381
-0.001604944 -0.6390708 1.197622 0.4086397 0.2856892
-0.200233 -0.5010911 1.308429 0.1568602 0.1684624
-0.2509883 -0.4781156 1.343871 0.09144613 0.1434293
-0.3230259 -0.6118907 0.997761 0.0005794764 0.3570533
-0.2398259 -0.5162417 1.622237 0.1198996 0.1029869
-0.2508677 -0.5398589 1.313859 0.1018626 0.1932313
-0.3885235 -0.5167844 1.597065 -0.03906292 0.1088859
-0.2287116 -0.4585924 1.630144 0.1232198 0.06558478
-0.1581866 -0.4509102 1.577862 0.1973498 0.07096767
-0.1423077 -0.441583 1.57922 0.2134279 0.06463748
-0.1883019 -0.4403903 1.623357 0.1635695 0.05525494
-0.2803456 -0.5217727 1.643979 0.07967886 0.1019499
-0.3084478 -0.4863167 1.3629 0.02358132 0.1444365
-0.2505116 -0.5024736 1.33306 0.09617507 0.1630305
-0.1645371 -0.4642373 1.337522 0.1952624 0.1348683
-0.1998864 -0.4638022 1.344913 0.1518929 0.1328398
-0.2681533 -0.655503 0.8629677 0.080392 0.448597
-0.2479665 -0.5355568 1.320091 0.104822 0.1885943
-0.1401196 -0.474759 1.308157 0.2271217 0.1498987
-0.2445382 -0.6512991 0.8166531 0.1128712 0.4704694
-0.1510129 -0.475815 1.309786 0.2138231 0.1502767
-0.008439675 -0.6368228 1.204655 0.3999319 0.2822059
0.1754696 -0.601342 1.428193 0.559902 0.1940009
0.01976033 -0.3769274 1.478085 0.3963961 0.04075766
0.01942495 -0.3754896 1.47515 0.3963838 0.04029763
-0.2675009 -0.6384242 0.9151765 0.08055437 0.4107556
-0.1770884 -0.5543856 1.207343 0.1934127 0.2343932
-0.2381919 -0.5602951 0.9265447 0.1069099 0.3521446
-0.01176332 -0.646505 1.211571 0.3953055 0.2855631
-0.2343301 -0.6474716 0.7838932 0.126755 0.4867576
-0.2737906 -0.5416992 1.31193 0.07435745 0.1953033
-0.1294887 -0.6786652 0.9039337 0.2823941 0.4336146
-0.0862605 -0.6403435 1.134783 0.3164824 0.3107415
-0.04436845 -0.5899372 1.304411 0.3473262 0.22409
-0.2299319 -0.6509041 0.8331596 0.1356763 0.459946
-0.2470417 -0.6499878 0.8285889 0.1092376 0.4629999
0.1460229 -0.5902832 1.222871 0.5729821 0.2454915
-0.2544812 -0.5581111 0.9271373 0.08148238 0.3510292
0.01330702 -0.6107299 1.24917 0.4186682 0.2521095
-0.05743131 -0.5611398 1.301013 0.3318367 0.207714
-0.02641188 -0.5772636 1.310401 0.3664611 0.2144188
0.09242749 -0.5994928 1.064388 0.5457041 0.306998
-0.05839837 -0.6103343 1.223532 0.3399146 0.2615594
-0.2386899 -0.6721104 0.7604552 0.1245041 0.5163909
-0.2396942 -0.6695914 0.7590883 0.12231 0.5158204
0.01862545 -0.5455229 1.462329 0.3975246 0.1548473
-0.2515444 -0.5469592 1.283573 0.1011513 0.2068326
0.06988947 -0.6340257 1.33402 0.4669356 0.2390916
0.1098523 -0.6220464 1.051988 0.5676659 0.3249862
0.1387077 -0.6717609 1.016946 0.6053569 0.366959
-0.1975731 -0.6597471 0.9673498 0.1844964 0.3953116
0.09047018 -0.6300856 1.077822 0.5375608 0.3205168
-0.2474381 -0.5641505 0.9251704 0.09361285 0.3558998
-0.2477928 -0.5656763 0.9268724 0.0935252 0.3561492
0.3995562 -0.5933362 1.315602 0.8136215 0.2159491
0.4101024 -0.5758449 1.328677 0.8237354 0.202273
0.3788894 -0.59196 1.310549 0.7948623 0.2168505
0.2057085 -0.6185688 1.1807 0.6461184 0.2744053
0.1208023 -0.5975181 1.035069 0.5881816 0.3162119
0.1934885 -0.5852642 1.084536 0.6644515 0.2878062
0.1922377 -0.571188 1.426082 0.5797383 0.1771957
-0.2236179 -0.645324 0.7967141 0.1434652 0.4770656
-0.1660708 -0.6664377 0.7870283 0.2357348 0.4918347
-0.2250444 -0.6666795 0.7536863 0.1447724 0.5164088
-0.1915512 -0.6652462 0.9667116 0.1934795 0.3986119
0.1252041 -0.6749229 1.012106 0.5900886 0.3712416
0.1700641 -0.6079656 1.181482 0.6076756 0.2687474
0.4476153 -0.5798395 1.359892 0.8491658 0.1959467
-0.08929501 -0.4707713 1.343561 0.2863101 0.1373442
0.3890751 -0.6002789 1.286099 0.8113784 0.2282271
-0.007978514 -0.6501253 1.176278 0.4041769 0.2994866
-0.2795748 -0.6702005 0.8618293 0.06686851 0.4587737
0.1337468 -0.6610113 1.020155 0.599961 0.3597044
0.1304529 -0.6163155 1.020638 0.6015702 0.3331899
-0.1993582 -0.6807519 0.7631656 0.1876293 0.5169706
-0.02424259 -0.6770563 0.9113557 0.4232791 0.423749
0.3766892 -0.416948 1.366515 0.8132917 0.09331286
-0.1998577 -0.652478 0.8011101 0.1816377 0.4773511
-0.1679346 -0.6727532 0.7745196 0.2343206 0.5031614
-0.1355202 -0.6705962 0.633641 0.2964939 0.593419
0.3618893 -0.5382156 1.313266 0.7882086 0.184692
0.3952553 -0.5725939 1.233906 0.8426813 0.227026
0.4113581 -0.5719681 1.258814 0.8505166 0.2191922
0.1844255 -0.5864884 1.082069 0.6541678 0.2897088
-0.2014859 -0.6610744 0.7955742 0.1806611 0.4859215
-0.2018911 -0.6617647 0.7962424 0.1801532 0.4859718
-0.2875212 -0.5607996 0.9855609 0.03688839 0.3269861
0.1097104 -0.6026441 1.366742 0.5044619 0.2116071
-0.1089113 -0.6757349 0.8027778 0.3205435 0.4844982
-0.3274314 -0.6770711 0.9919002 0.0117383 0.4001244
0.1006988 -0.6652614 1.047983 0.5532709 0.3521945
-0.1144169 -0.6723601 0.915588 0.3015482 0.4234278
-0.06031378 -0.672289 0.7311187 0.4029743 0.5218707
0.382314 -0.5689245 1.231869 0.8306866 0.2256548
0.417219 -0.5706047 1.222032 0.8707875 0.2289641
0.02146551 -0.6257243 1.252265 0.4271488 0.2597346
-0.2812896 -0.6385975 0.9066665 0.0597448 0.4158742
0.3807335 -0.5216161 1.325416 0.8073781 0.1711677
-0.2131145 -0.4629663 1.335825 0.1353027 0.1347231
0.5195155 -0.5797737 1.280137 0.9498433 0.2161108
-0.04264241 -0.6705247 0.7137545 0.4332186 0.5304898
0.1261529 -0.6251524 1.223252 0.5476981 0.2662977
-0.05947664 -0.6740732 0.7458022 0.4016891 0.5137895
-0.0614688 -0.6552549 1.161983 0.3440077 0.3089096
0.5243809 -0.4609035 1.384249 0.9480479 0.1179868
-0.008956417 -0.6428138 1.180504 0.4025014 0.2938465
0.3879479 -0.5986422 1.151305 0.8592379 0.268145
-0.2718342 -0.5034143 0.960781 0.04270968 0.2959366
-0.3212466 -0.6801992 0.9945729 0.02129313 0.4004532
-0.1255578 -0.6753498 0.5867189 0.3193482 0.6313111
0.5020709 -0.5807335 1.268314 0.9369207 0.2202089
0.5240901 -0.58583 1.337007 0.9300649 0.2042735
-0.3151025 -0.5902037 0.9821402 0.004044056 0.349616
0.3621816 -0.4314229 1.310932 0.8141082 0.1162836
0.4896939 -0.5782691 1.29662 0.9140736 0.2111766
-0.05482618 -0.6737734 0.7511067 0.4077304 0.510065
-0.07319231 -0.6699914 0.5770991 0.411384 0.6305735
0.08278494 -0.5857444 1.082194 0.5310311 0.2920141
0.1554637 -0.6707169 0.7090148 0.7287722 0.5190974
0.08065905 -0.6687633 0.6395148 0.6448102 0.5689766
0.126783 -0.5825788 1.086378 0.5841019 0.2872695
0.1356095 -0.6481826 1.024389 0.6027248 0.3504992
0.0005610287 -0.5709612 1.365333 0.3898436 0.1949111
-0.0692596 -0.6706426 0.7077581 0.3932754 0.5364354
0.02653182 -0.6755512 0.8561761 0.5020654 0.4476311
0.5054671 -0.5783661 1.358241 0.9061511 0.1948336
0.5089192 -0.5809644 1.364256 0.9065516 0.1947316
-0.2327971 -0.6666956 0.7601925 0.1326367 0.5129004
0.3685901 -0.4275042 1.402259 0.7898239 0.09252721
0.06643219 -0.6694419 0.6203361 0.6294904 0.5841118
0.2139542 -0.4389741 1.469519 0.6062858 0.0857147
0.0492287 -0.6692444 0.6001322 0.6093476 0.6003221
0.09182413 -0.6788692 1.085716 0.5334095 0.3455736
0.1328256 -0.5537225 1.240789 0.5577189 0.2178769
0.1612573 -0.5874982 1.227145 0.5892278 0.2421978
0.3731337 -0.6088552 1.201339 0.8221962 0.2585049
0.06986023 -0.6789644 0.9948871 0.5267761 0.382898
0.1623401 -0.5782112 1.202177 0.5974666 0.2443599
0.07145698 -0.6429797 1.269647 0.4785317 0.2631447
0.3426359 -0.6615297 1.165947 0.7901658 0.3001826
0.4630502 -0.5763059 1.243983 0.9083174 0.2251573
-0.1706202 -0.6746119 0.7666846 0.2308256 0.5091832
-0.0005028397 -0.6652148 0.4594802 0.5758692 0.722958
0.04659389 -0.6663286 0.532972 0.630985 0.6518593
0.07519031 -0.6684686 0.5575398 0.6686141 0.630054
0.1689643 -0.6711078 0.6960844 0.7535912 0.5263131
0.01321442 -0.6643115 0.4902924 0.5894165 0.6918054
-0.04186962 -0.6638429 0.4156807 0.5125453 0.7726331
0.09536643 -0.6682433 0.5969347 0.684952 0.5978239
0.02265345 -0.665756 0.5031753 0.6010867 0.6798885
0.1761446 -0.6693661 0.7083387 0.7590873 0.5172671
-0.04961412 -0.6626818 0.4073451 0.5000642 0.7822241
-0.1780548 -0.4548726 1.603218 0.1763022 0.06851137
-0.3681894 -0.5754707 1.29524 -0.03465569 0.2234778
-0.3685272 -0.5752821 1.295205 -0.03512573 0.2233751
-0.2972589 -0.669682 0.984396 0.05065688 0.3978507
-0.05870073 -0.6494431 1.13255 0.3501063 0.3160785
0.08218123 -0.6070594 1.440625 0.4643811 0.1951793
-0.1692229 -0.6681421 0.5707408 0.2428696 0.6449074
0.1731363 -0.6715763 0.6836435 0.7649685 0.5340618
0.1171115 -0.6680498 0.6132838 0.712393 0.5838645
0.4745348 -0.5818942 1.31474 0.8911878 0.208586
0.4745389 -0.5813078 1.313527 0.8917985 0.2085754
0.3984922 -0.6537797 1.123148 0.8665199 0.3088334
0.398865 -0.6546418 1.124846 0.8660297 0.3087202
0.09721509 -0.6680417 0.5794447 0.6954258 0.6106318
0.01839443 -0.6680144 0.5413513 0.5791438 0.6489017
-0.05149658 -0.6646922 0.7075728 0.4209031 0.5317011
0.1398119 -0.6698055 0.6583496 0.7272831 0.5519651
-0.2251586 -0.6440935 0.6880144 0.1382832 0.5462899
-0.0441295 -0.542965 1.331934 0.3433893 0.1874167
0.06285104 -0.6689119 0.6287673 0.6208657 0.5781185
-0.07063591 -0.6620172 0.3779786 0.4666103 0.8184067
0.004924655 -0.6643491 0.4545562 0.5880452 0.7265546
-0.06507553 -0.6618901 0.3885087 0.4748508 0.8052816
0.3546946 -0.5032046 1.323156 0.7850332 0.16053
0.3547674 -0.5033202 1.323708 0.7849003 0.1604608
-0.3132878 -0.5616751 0.9805235 -0.001882255 0.3308525
-0.2435127 -0.6714501 0.7771261 0.1173856 0.5060434
0.182948 -0.5538528 1.212419 0.6212597 0.2257228
0.1310241 -0.5847246 1.239614 0.5531313 0.2372705
0.3947607 -0.5931612 1.182415 0.8560773 0.2548239
0.3935732 -0.6713042 0.9882513 0.9114382 0.3688006
0.06537394 -0.6670302 0.4731483 0.6897378 0.7025214
-0.1415946 -0.6750148 0.7204369 0.2789005 0.536328
-0.03367353 -0.6736382 0.7259576 0.4442934 0.523939
0.04904078 -0.6659208 0.4524539 0.6702071 0.7235402
-0.06061693 -0.6727444 0.6710953 0.4134955 0.5613884
0.05796151 -0.6667306 0.4638133 0.6809061 0.7119935
0.1593896 -0.674839 0.7362269 0.7223271 0.5049104
-0.2598326 -0.4837772 0.9675586 0.05682883 0.2773609
0.03979354 -0.5703924 1.447413 0.4211619 0.1729803
0.03996548 -0.5722773 1.450988 0.420862 0.1731979
0.4383804 -0.6236771 1.075133 0.9383792 0.307428
0.3593555 -0.6562676 1.100196 0.8325288 0.3193138
0.1524073 -0.6756223 0.7338892 0.7132283 0.5072039
-0.2735268 -0.6729126 0.8380225 0.07492977 0.4732056
-0.2886528 -0.6644886 0.8490236 0.0507769 0.4629195
0.00128518 -0.6648951 0.3887278 0.6083116 0.7958134
0.08657731 -0.6198711 1.084005 0.5323998 0.3122059
-0.07525603 -0.6036444 1.289423 0.3145413 0.2372721
-0.1191622 -0.6455616 1.11347 0.278429 0.3227528
0.1466284 -0.6684132 0.5911978 0.7687401 0.5974064
0.02865809 -0.67332 0.733819 0.5353603 0.5144458
0.09054352 -0.6794566 1.005394 0.5495344 0.3779279
0.09730168 -0.6791643 1.049104 0.5477106 0.3597401
0.316617 -0.6811904 1.023567 0.807511 0.3630653
0.5248965 -0.5830638 1.189947 0.9928674 0.2439865
0.4981806 -0.5820696 1.114795 0.999649 0.2677725
0.497393 -0.5853485 1.148995 0.9817553 0.2586271
0.5191963 -0.5685661 1.188741 0.9924298 0.2358853
0.09187324 -0.6620677 1.281593 0.4973033 0.2696599
0.3772885 -0.5299307 1.308539 0.8076702 0.1807166
0.5004835 -0.5839521 1.341919 0.9059056 0.2022454
0.5087435 -0.5844103 1.17517 0.9822274 0.2496173
0.1473785 -0.600642 1.206339 0.5771958 0.2568635
0.1064509 -0.6609631 0.541581 0.7298037 0.6353717
-0.01657455 -0.6663793 0.4341019 0.5548654 0.7509934
0.1629849 -0.6712363 0.669605 0.7564408 0.5436066
-0.06590457 -0.6808995 0.7343788 0.3939723 0.5252495
0.04360412 -0.6599739 0.4581653 0.6591235 0.7155973
0.1804311 -0.6716247 0.716143 0.761199 0.5135496
0.03384285 -0.6638662 0.4305154 0.6526737 0.7461869
0.2333689 -0.6697901 0.7074607 0.8404937 0.5140373
0.142193 -0.6779684 0.903874 0.640574 0.4197698
0.04421839 -0.6626118 0.3923171 0.6915828 0.7840206
0.08482538 -0.6684285 0.6404298 0.6509997 0.5677988
0.5436491 -0.5667348 1.224716 1.00209 0.2237549
-0.04209284 -0.565446 1.326788 0.3469196 0.2027737
0.2436524 -0.6723561 0.7045615 0.8554703 0.5165336
0.2085104 -0.6683226 0.6785067 0.8196641 0.5328004
-0.0271436 -0.6643077 0.4265344 0.5375444 0.7592427
0.1879652 -0.6700242 0.7218212 0.7698469 0.5087157
-0.1528702 -0.4782532 1.356199 0.2106905 0.139592
0.07667129 -0.6702274 0.7227839 0.6094933 0.5159884
0.08800335 -0.6802074 0.9872081 0.5505946 0.3861353
-0.2233589 -0.6743997 0.9205889 0.1512713 0.427662
-0.1874338 -0.5164651 1.305238 0.1746818 0.179543
0.2240216 -0.5574118 1.193188 0.6725234 0.2331656
-0.006862581 -0.663005 0.3794941 0.5964507 0.8065544
0.326462 -0.6751474 0.9801989 0.8369967 0.3767556
-0.29689 -0.6679654 0.5147579 -0.001695275 0.7102602
-0.2521726 -0.6694965 0.7967278 0.1043261 0.4936644
0.4334832 -0.6560858 0.9891648 0.9611911 0.3584472
0.4690953 -0.6271464 1.0467 0.9840002 0.3187984
0.1336559 -0.5860657 1.129343 0.5812346 0.2739585
0.4508323 -0.6531627 1.003284 0.9750408 0.3506353
0.06498367 -0.6654611 0.4642156 0.6937417 0.7100376
0.1122343 -0.6655006 0.5508974 0.7336127 0.6298673
0.03002821 -0.6584864 0.3135173 0.7073563 0.8776842
0.1217401 -0.6655211 0.6321809 0.7121019 0.5687106
0.01820298 -0.6645021 0.4059033 0.6339098 0.7743311
0.06066187 -0.6660995 0.558708 0.6445013 0.6292798
0.03744213 -0.6385366 1.325387 0.4339962 0.2446839
-0.0813247 -0.6315581 1.150589 0.3205796 0.2996753
-0.4006138 -0.5486249 1.585215 -0.04583198 0.1309423
-0.1722142 -0.6236719 0.6549393 0.226117 0.5526477
-0.2336019 -0.6558291 0.6502151 0.1253055 0.5814717
0.03713994 -0.6412266 1.235876 0.4465733 0.2734782
0.08737372 -0.6935491 0.9829376 0.5495472 0.395477
-0.1591731 -0.6363821 0.6383436 0.2517183 0.5716728
-0.06194858 -0.6380808 1.179393 0.3411084 0.2928637
-0.2349251 -0.5445087 1.221413 0.1192133 0.2244141
-0.1927225 -0.6310661 0.6623474 0.1913558 0.5537081
0.5515497 -0.5623809 1.184345 1.030468 0.232926
-0.2137165 -0.5160252 0.9888477 0.1366295 0.290983
-0.000952974 -0.6608674 0.3951916 0.6019131 0.7870309
0.194884 -0.6669075 0.6563255 0.811034 0.547281
-0.2383674 -0.4535408 1.643792 0.1125773 0.05973834
0.04391216 -0.6663961 0.5060805 0.637285 0.6751821
0.09766999 -0.6711749 0.5375468 0.7141193 0.6452793
0.1484735 -0.6701711 0.741519 0.7059828 0.499854
-0.3174888 -0.5263835 0.5521628 -0.1047653 0.5855895
0.164056 -0.6778656 1.021819 0.6332083 0.3674781
-0.08402665 -0.6622558 0.3815003 0.4376857 0.8166767
-0.02387097 -0.6044273 1.274876 0.3737257 0.2411883
-0.2378195 -0.480839 1.666527 0.1178706 0.07262915
0.6041412 -0.5693421 1.315979 1.02093 0.1993641
-0.02195625 -0.5605168 1.374194 0.3642518 0.1865138
0.1470706 -0.5844993 1.018531 0.6273134 0.3137092
0.09816153 -0.6642537 0.4570418 0.75743 0.711879
-0.2579211 -0.6670243 0.6663119 0.08688456 0.5784821
0.06238709 -0.666086 0.5268794 0.6606009 0.6550882
-0.2778451 -0.6686994 0.4960031 0.03408152 0.7264302
0.1405662 -0.6645299 0.5100661 0.8020669 0.659717
0.4746011 -0.5833326 1.140271 0.962006 0.2607229
0.3496116 -0.6655955 1.19225 0.787799 0.2936473
0.3532607 -0.6663527 1.06734 0.8356262 0.3369847
0.5180472 -0.5710902 1.150849 1.00787 0.2491056
0.5371979 -0.5738561 1.154071 1.025648 0.2493613
0.5233619 -0.5750587 1.13669 1.018841 0.2558785
0.3932105 -0.6631238 0.9918594 0.9120412 0.3627952
0.4538954 -0.6257779 1.022467 0.9791136 0.3274803
0.3874781 -0.5667311 1.326725 0.8037137 0.1977936
0.4625864 -0.5761777 1.169281 0.9387251 0.247486
0.2072103 -0.6618683 0.5217778 0.9067532 0.6413299
0.2328131 -0.6854231 0.5408661 0.9250886 0.6364833
-0.06636673 -0.6723727 0.6690879 0.4047225 0.5630294
0.2153926 -0.6726919 0.6635026 0.8355785 0.5443394
0.0258898 -0.6610002 0.4206561 0.6428226 0.7559158
-0.2591416 -0.4569342 0.9786668 0.05146068 0.251103
-0.2294931 -0.6703528 0.906608 0.1416776 0.432584
-0.2807914 -0.547722 0.9839315 0.04326087 0.3183088
-0.2165349 -0.5285615 0.9464629 0.1338655 0.3192003
-0.08124296 -0.6499431 1.141659 0.3223774 0.3137109
-0.2341994 -0.6812908 0.6705343 0.1309682 0.581634
-0.3282144 -0.6803582 0.7486116 -0.01795357 0.5355123
-0.2504247 -0.6191361 0.6914831 0.08850959 0.5302278
-0.320743 -0.6775151 0.7524698 -0.006193876 0.5307601
-0.2419349 -0.667738 0.5053965 0.106203 0.7119285
-0.3301659 -0.6768873 0.718584 -0.02687156 0.5536409
-0.3072023 -0.6482902 0.7688136 0.008535475 0.501625
0.2270485 -0.5942558 1.084204 0.7026453 0.2925553
0.02635927 -0.6820062 0.9819714 0.4755052 0.3919711
0.1199063 -0.6672198 0.6074669 0.7195405 0.5873174
-0.1138167 -0.6778669 0.8768682 0.3062521 0.4459926
-0.1966076 -0.6705257 0.4929402 0.1955087 0.7194754
0.370693 -0.4663201 1.338999 0.8049044 0.1327912
0.05485524 -0.6664114 0.5443968 0.6404401 0.6415883
-0.2030921 -0.6484744 0.7046186 0.1764833 0.5357434
0.07564384 -0.6724605 0.4697202 0.7081349 0.7072932
-0.2395046 -0.4854284 1.355624 0.1073517 0.1452492
-0.2376942 -0.6685151 0.7693837 0.1255816 0.5086338
0.4285699 -0.6189767 1.067032 0.9326733 0.307871
0.03924344 -0.6631537 0.4381834 0.6594389 0.737375
-0.3243557 -0.6820651 0.7361054 -0.01283783 0.5444292
0.4372413 -0.6412113 1.123898 0.9109241 0.3005244
-0.2347138 -0.6646745 0.7417173 0.1285914 0.5235389
-0.2780828 -0.5613272 0.5061192 -0.008996189 0.6510779
-0.06557917 -0.6604493 0.3732244 0.478764 0.8223616
0.4396616 -0.5455955 1.373677 0.8447793 0.1727995
0.04613949 -0.6640584 0.3899305 0.696121 0.7870387
-0.3048145 -0.6325332 0.6680481 -0.00649035 0.5603895
-0.2155941 -0.5590425 0.9526362 0.1415484 0.3379923
0.3581757 -0.5162098 1.309357 0.7904679 0.1722267
0.08093697 -0.6634982 0.4588509 0.7257638 0.7119862
0.4241493 -0.6223184 1.108454 0.9089543 0.2953905
0.1332153 -0.5524511 1.246536 0.5570134 0.2153585
-0.2686347 -0.6689719 0.510776 0.054326 0.7109341
-0.2257346 -0.6263885 0.6122999 0.1308073 0.5919506
-0.2213286 -0.5524661 0.9529743 0.1316816 0.3334712
-0.09792104 -0.6637115 0.343399 0.4184276 0.8660829
-0.0943598 -0.6617333 0.3722481 0.4184867 0.8290845
-0.1277179 -0.6671431 0.7067781 0.3013945 0.5395531
-0.2034947 -0.5879359 0.9910738 0.1647691 0.3396966
-0.3215004 -0.6393408 0.7668443 -0.01830608 0.4982969
-0.2964001 -0.6468463 0.7489996 0.02352744 0.5125819
-0.075177 -0.6611442 0.3621591 0.4620012 0.8375546
-0.145408 -0.4823736 1.593294 0.2139523 0.08797538
-0.3150659 -0.595703 0.5500078 -0.06387043 0.6359022
-0.1070589 -0.6635493 0.3302492 0.4017749 0.8846846
0.3310871 -0.429532 1.333184 0.7724224 0.1097261
-0.2578855 -0.6398407 0.9410515 0.0962207 0.3984084
-0.2839493 -0.6646153 0.7919568 0.05316925 0.4957363
0.1343292 -0.5935 1.015917 0.6107675 0.3208439
0.109414 -0.6677122 0.6173766 0.6986843 0.5814323
-0.3485401 -0.6954688 0.9801471 -0.01350582 0.4173253
-0.3274866 -0.6679198 0.5418502 -0.05740482 0.6885786
-0.2956808 -0.6670696 0.4634429 -0.008225799 0.7615339
-0.02297695 -0.592223 1.383599 0.3628565 0.2028793
-0.129224 -0.4804772 1.308377 0.2410284 0.1537048
-0.1487895 -0.6258982 0.6374817 0.2686324 0.5648528
0.3407568 -0.6735219 0.8593599 0.9071649 0.4286789
-0.0140935 -0.564992 1.432236 0.3667722 0.1741049
-0.2093454 -0.6716079 0.7737367 0.1705113 0.5058188
0.2492384 -0.6653129 0.6412514 0.8995289 0.5519876
-0.2052462 -0.658192 0.6384956 0.1750644 0.5890255
0.0825523 -0.6732308 1.055584 0.5294029 0.3543658
0.3914687 -0.6124163 1.222149 0.8330898 0.2537898
-0.3216372 -0.6699095 0.49575 -0.05453318 0.7333699
-0.2579208 -0.6711604 0.7880812 0.09534976 0.5002229
0.1007067 -0.6641128 0.4612803 0.759737 0.7075087
-0.2925283 -0.657883 0.6515681 0.02216381 0.5871753
0.170479 -0.6679051 0.5485058 0.8289621 0.6271892
-0.313541 -0.534695 0.5544771 -0.09063035 0.5891588
-0.2949719 -0.6685331 0.4634042 -0.006120443 0.7622342
-0.3191246 -0.6694159 0.5578722 -0.03725272 0.6738235
-0.2140872 -0.6562635 0.6677689 0.159479 0.5671167
-0.3340518 -0.5825654 0.8288639 -0.04972053 0.4240659
0.1857908 -0.6689456 0.5718437 0.8401536 0.6084025
-0.3215619 -0.6657691 0.3948655 -0.08068287 0.843821
