-0.4545819 0.03316073 0.3207825 
0.99946 1
0.99946 0
0.0005400776 1
0.0005400777 0
376
-0.005596936 -0.6322398 1.19083 0.6076304 0.3918108
-0.1420679 -0.479755 1.584836 0.3332695 0.1914673
-0.2001433 -0.4946771 1.306133 0.3480134 0.2824069
-0.2493585 -0.4740757 1.343873 0.2750736 0.2592888
-0.3242491 -0.6062992 0.9938928 0.2850584 0.502489
-0.05204642 -0.559782 1.285411 0.5254262 0.3201556
-0.4046477 -0.5514093 1.605649 0.04964438 0.2393632
-0.2395441 -0.5101364 1.615856 0.2240744 0.2056767
-0.3292679 -0.6114933 0.9922395 0.2784456 0.5073236
-0.112038 -0.4756871 1.567916 0.3693995 0.1920062
-0.2498067 -0.5322112 1.311232 0.2860416 0.3081884
-0.3833616 -0.5448467 1.547733 0.08021161 0.250235
-0.4030507 -0.5608566 1.788496 0.03325915 0.2002921
-0.008903772 -0.5875654 1.309964 0.5593101 0.3252089
-0.2639186 -0.5347459 0.9420195 0.3959353 0.4767979
0.06995225 -0.6598914 1.243775 0.6588788 0.3812151
-0.398649 -0.5491786 1.800036 0.03484088 0.1911455
-0.3823378 -0.5213864 1.622535 0.0680007 0.2162024
-0.2692035 -0.533133 1.203595 0.2924709 0.3503771
-0.2302519 -0.4498014 1.619568 0.2293646 0.167617
-0.3955607 -0.5475477 1.608052 0.058961 0.236053
-0.1591556 -0.4443356 1.570803 0.3182431 0.17336
-0.1418129 -0.4356475 1.576625 0.3353626 0.1659569
-0.1594827 -0.5034472 1.299916 0.3995 0.287594
-0.1694674 -0.4369801 1.605635 0.297981 0.1609625
-0.4209885 -0.5710211 1.783494 0.01690486 0.2076113
-0.3727247 -0.5224627 1.616683 0.079714 0.2179503
-0.1298072 -0.4720768 1.299599 0.4367388 0.2652619
-0.2743525 -0.4715436 1.345914 0.2427913 0.2583683
-0.1863736 -0.4352941 1.624453 0.275131 0.1561344
-0.2794752 -0.5205033 1.646431 0.1765988 0.2058686
-0.1114357 -0.4170726 1.572812 0.3692351 0.1540521
-0.3089346 -0.4801419 1.360017 0.1959622 0.2616286
-0.2496283 -0.4975113 1.332183 0.2790216 0.278708
-0.2904277 -0.5382704 1.143895 0.2822083 0.3807065
-0.231762 -0.5536859 1.098183 0.3784868 0.4051375
-0.2820597 -0.4763857 1.341233 0.234496 0.2636281
-0.1675994 -0.45356 1.327857 0.3812695 0.2458837
0.009893805 -0.3403803 1.479451 0.5389229 0.1200837
-0.2066517 -0.4863045 1.622615 0.256178 0.1886729
-0.2898989 -0.5272309 1.337425 0.2292938 0.2987761
-0.4408155 -0.6657034 1.079868 0.1000038 0.5076413
0.06639969 -0.5332324 1.442002 0.5902866 0.2507495
-0.2117504 -0.4470384 1.629379 0.2471804 0.1631241
-0.3450117 -0.5378088 1.11653 0.2127076 0.3984256
-0.3957331 -0.5350294 1.556769 0.06319976 0.2424141
-0.196917 -0.4583479 1.345299 0.3394626 0.2452693
-0.2823979 -0.5445683 1.138461 0.2952469 0.3864235
-0.1780379 -0.4952242 1.595082 0.2931301 0.1995889
-0.1799712 -0.5245971 1.282134 0.380283 0.3085901
-0.1228976 -0.4720715 1.582238 0.3540528 0.1867695
-0.114037 -0.4698867 1.30153 0.4551271 0.262249
-0.1764362 -0.4925088 1.30481 0.3775389 0.2799214
-0.2154801 -0.4889048 1.313958 0.3265398 0.2769525
-0.1655197 -0.5297257 1.280575 0.398136 0.3113595
-0.2517706 -0.5235994 1.091836 0.3534778 0.3903175
-0.2677127 -0.6550648 0.8641353 0.4194665 0.6005269
-0.5708894 -1.064816 1.161669 -0.002957821 0.6647189
-0.4285395 -0.5812981 1.75346 0.01347494 0.2204392
-0.06231841 -0.5815721 1.302896 0.5051762 0.3277756
-0.084721 -0.4677109 1.280852 0.4986198 0.2657636
-0.3015327 -0.5388747 1.146024 0.2661979 0.3812769
-0.1479214 -0.5320874 1.210366 0.4451057 0.3369674
-0.006975591 -0.6152753 1.207331 0.6012695 0.3763175
-0.57341 -0.7813635 1.174313 -0.07000846 0.5390608
-0.1272053 -0.4583189 1.571375 0.3525308 0.1810054
-0.2044024 -0.447432 1.621237 0.2569632 0.165004
-0.2482608 -0.5255013 1.313855 0.2869571 0.3029155
-0.3106125 -0.5503584 0.9930086 0.3035156 0.4651958
-0.3193205 -0.5466105 1.160877 0.2377911 0.3816316
-0.1863669 -0.4517404 1.609241 0.2793898 0.1699182
-0.3506913 -0.570542 1.272838 0.1708603 0.3539715
-0.262607 -0.6532575 0.8578035 0.4300857 0.6027259
-0.1186202 -0.4498411 1.37527 0.423675 0.2265471
-0.1405557 -0.4669325 1.303373 0.4225605 0.2612247
-0.2216697 -0.6431288 0.8399404 0.50086 0.6012185
-0.2212136 -0.6443384 0.8395684 0.5015885 0.6020727
-0.1544802 -0.4872421 1.291059 0.4092202 0.2796562
0.0008670688 -0.6287467 1.262443 0.5840535 0.3634354
-0.2658343 -0.6604629 0.8873262 0.4117858 0.5883403
-0.1156772 -0.5551665 1.22587 0.4764614 0.3430396
-0.2598336 -0.6461783 0.8321407 0.4468261 0.6154157
-0.2452255 -0.6470618 0.815582 0.4773315 0.6245151
-0.06382334 -0.6217 1.193183 0.5433422 0.3901324
-0.1523278 -0.4685984 1.305264 0.407451 0.2624228
-0.258689 -0.5438631 1.159519 0.3206409 0.3745448
-0.2797107 -0.5410002 1.16237 0.2913029 0.3734782
-0.007273912 -0.6352168 1.205128 0.5990207 0.3882367
-0.345884 -0.5636271 1.223663 0.1873479 0.3686719
-0.3370182 -0.546691 1.119489 0.2242765 0.4020959
-0.2764538 -0.6692703 0.9059722 0.3881512 0.5834677
-0.3564641 -0.530068 1.316527 0.1494836 0.3125495
-0.0824956 -0.5319247 1.267974 0.5005783 0.3112807
-0.1926027 -0.5591568 1.267227 0.3694213 0.3363643
-0.258074 -0.6608952 0.8151883 0.4565748 0.6351067
-0.225364 -0.5514436 1.231489 0.3406913 0.347477
-0.274914 -0.5165485 1.677062 0.1756549 0.196185
0.1769546 -0.5960953 1.424958 0.6937329 0.2845804
-0.1495997 -0.4781384 1.289773 0.4159992 0.2737381
-0.4146951 -0.5514157 1.082512 0.118609 0.4321411
0.01912007 -0.370325 1.471007 0.5491625 0.1427413
0.01681441 -0.367921 1.465515 0.5491692 0.1424121
0.06166393 -0.5369099 1.429697 0.5900039 0.2564212
0.01181263 -0.6222723 1.219655 0.6150987 0.3741727
-0.269179 -0.6345224 0.9140779 0.3965116 0.5574239
-0.05957055 -0.6379073 1.167587 0.5570816 0.4088095
-0.2213393 -0.6469078 0.8308336 0.5056216 0.6093909
-0.5765102 -0.7694465 1.179133 -0.07763964 0.5311185
-0.06062269 -0.6415672 1.186076 0.5476187 0.4036732
-0.08223361 -0.6437033 1.160356 0.5336868 0.4170672
-0.2075344 -0.4395448 1.643598 0.2481804 0.1551379
0.04275972 -0.3770441 1.457582 0.5796119 0.1498606
-0.03078049 -0.6415083 1.145196 0.5989707 0.4170336
-0.3889898 -0.5290432 1.350122 0.1008539 0.3023244
-0.2567213 -0.4449264 0.9662298 0.3998281 0.3963517
-0.2775659 -0.6666825 0.8772773 0.3985476 0.6003036
-0.2771564 -0.6633787 0.8755736 0.4000039 0.5994827
-0.16537 -0.5588526 1.227557 0.4159788 0.348658
-0.3485236 -0.5428233 1.17232 0.1937833 0.3770539
-0.2222151 -0.6709228 0.9261981 0.4562381 0.5633579
-0.2705113 -0.6662156 0.8341515 0.4282319 0.6273653
0.1983142 -0.4180305 1.462534 0.7306067 0.1711549
-0.03531408 -0.6480655 1.187805 0.5741622 0.4042777
-0.3574639 -0.5558593 1.549364 0.1110701 0.2550421
-0.1176038 -0.4455219 1.394392 0.4183573 0.2181286
-0.1854804 -0.4471137 1.307167 0.3661507 0.2490289
-0.2383882 -0.555647 0.9242022 0.4422571 0.497418
-0.2359865 -0.5543128 1.594822 0.234937 0.2364345
-0.009078741 -0.646318 1.216501 0.5905744 0.3902323
-0.3111564 -0.674605 0.9970102 0.3054968 0.5388297
-0.06216452 -0.645592 1.113186 0.5771267 0.4356516
-0.4210236 -0.5447053 1.802711 0.0108459 0.1887573
-0.2454629 -0.5519328 1.602629 0.2232522 0.2334972
-0.4307602 -0.5342569 1.802588 -0.001032054 0.1831908
-0.4466731 -0.7671272 1.065924 0.1110024 0.5700498
-0.4463127 -0.7710671 1.069566 0.1114401 0.5700173
-0.4387087 -0.7677382 1.075777 0.120005 0.5639784
-0.3780959 -0.5525249 1.247808 0.1374924 0.3547346
-0.2255941 -0.5276794 1.299088 0.3192044 0.3078417
-0.0610289 -0.6543346 1.103733 0.5815146 0.4443991
-0.2359799 -0.6424059 0.7820033 0.5099496 0.6439815
-0.323973 -0.5643997 0.973787 0.2903669 0.4871662
-0.1248495 -0.6226508 1.065505 0.5263521 0.4504945
-0.275238 -0.5323665 1.303661 0.2564715 0.3127362
-0.242455 -0.4700115 1.331378 0.287088 0.2601859
0.1303866 -0.5467773 1.23452 0.7481338 0.3169403
-0.3934727 -0.5675675 0.785001 0.2413882 0.6307688
-0.1361599 -0.6688251 0.8938944 0.5894374 0.5673894
0.1497628 -0.6201659 1.223795 0.7568036 0.3607454
-0.09633359 -0.6179935 1.11749 0.5385455 0.4217051
-0.3404561 -0.561042 1.540891 0.1322109 0.2595974
-0.05147728 -0.574483 1.283175 0.5254517 0.3295289
0.06133872 -0.5902212 1.40455 0.5928751 0.2933917
-0.3395726 -0.5527637 1.5144 0.1366142 0.2621785
0.1532708 -0.6069425 1.213151 0.7688809 0.3568952
-0.4047956 -0.5829168 0.8052642 0.2149018 0.627012
-0.1577063 -0.5525714 1.281978 0.4062302 0.3244801
-0.232485 -0.6447414 0.8304095 0.4893697 0.6105484
-0.2808216 -0.6331667 0.9183086 0.3776026 0.5559692
-0.2481739 -0.644778 0.8276934 0.4669457 0.6154176
0.1316465 -0.6156707 1.172921 0.7658135 0.3776808
0.1474026 -0.5878119 1.221667 0.7629516 0.3437427
-0.2563272 -0.551342 0.9234969 0.4153345 0.4977239
0.1300387 -0.6239199 1.210883 0.7425724 0.3687728
0.1366234 -0.6175183 1.233441 0.7393084 0.3569981
0.0332275 -0.6291061 1.278672 0.6109061 0.3556436
0.0329538 -0.6242973 1.275528 0.6126617 0.3541111
-0.06889075 -0.5367017 1.265707 0.5167106 0.3140615
-0.02674371 -0.573008 1.309541 0.5420622 0.3182018
0.2298846 -0.4287975 1.486791 0.7473036 0.1713635
0.01593882 -0.3496014 1.471974 0.5476524 0.128161
0.183583 -0.4398239 1.431192 0.7266854 0.1927671
0.03516376 -0.5390999 1.425211 0.5648827 0.2602223
0.1620457 -0.6029693 1.202016 0.7846264 0.3578823
0.09357756 -0.5954683 1.062997 0.7917678 0.4126045
0.1007311 -0.5845155 1.115878 0.7718713 0.3841587
0.1366108 -0.5875273 1.136938 0.7979901 0.3747169
0.02161807 -0.6420144 1.210261 0.6267131 0.3876055
-0.01413274 -0.6255091 1.216241 0.5880911 0.3793474
-0.01586056 -0.6232011 1.212878 0.5879875 0.3794458
-0.2348175 -0.6519056 0.8793682 0.4612298 0.5831243
-0.2243485 -0.4429995 1.650572 0.228779 0.156211
-0.2237799 -0.4427834 1.651919 0.2290953 0.1557644
-0.3755195 -0.5373206 1.123696 0.166149 0.3980604
0.05201566 -0.5097539 1.450494 0.575451 0.2354826
-0.07016885 -0.5906957 1.197385 0.5378806 0.3712537
-0.2361167 -0.5549523 0.9381974 0.4391535 0.4884728
-0.3779358 -0.5449595 1.182538 0.1502649 0.3769109
0.1713063 -0.5891495 1.238365 0.7781349 0.337182
-0.2143745 -0.5617935 1.285 0.3375663 0.3332362
-0.2441401 -0.4585933 0.9564009 0.4242661 0.4107417
0.08317327 -0.5809823 1.081436 0.7730674 0.3974822
-0.1607003 -0.6630798 0.994371 0.5085291 0.5126215
-0.2344559 -0.6646428 0.762205 0.5202796 0.6707006
0.06886721 -0.6649733 1.236619 0.6601321 0.3864682
-0.4092443 -0.6145485 0.8082758 0.2097356 0.6452681
-0.2791026 -0.5753124 0.9694345 0.36041 0.4901999
-0.2409449 -0.6645902 0.756245 0.5134603 0.6766063
-0.239351 -0.6674162 0.7584293 0.5143661 0.6761268
-0.428263 -0.6061428 0.781786 0.1825903 0.665904
-0.2562535 -0.6658948 0.7677852 0.4830165 0.6719397
-0.276422 -0.6159706 0.9861525 0.3575895 0.5057941
0.2297641 -0.4298272 1.461948 0.758958 0.1776926
0.006441742 -0.5227341 1.426283 0.5368947 0.2517911
0.01080146 -0.5556082 1.401744 0.5473163 0.2776192
-0.2007011 -0.4801087 1.306284 0.3472506 0.2727301
-0.1798116 -0.6043791 0.9764627 0.4976426 0.4905453
-0.3852823 -0.4538809 0.6728433 0.2992092 0.6498758
-0.277359 -0.6436977 0.9704387 0.3620046 0.5310681
-0.2416351 -0.5539292 1.310298 0.2970659 0.3214831
-0.2153436 -0.4600558 1.343446 0.3172373 0.2480148
0.05781996 -0.616159 1.31218 0.6236504 0.3358504
-0.2927091 -0.6652447 0.9957746 0.3313524 0.5315686
-0.0572136 -0.6441132 1.135414 0.5730321 0.4250352
0.0303213 -0.62748 1.227972 0.6302869 0.3725622
-0.171778 -0.6679279 0.8595542 0.5591732 0.5935842
0.10877 -0.6149248 1.045443 0.8138235 0.4296708
-0.2629107 -0.5286968 0.9270042 0.4045272 0.4812902
0.09247464 -0.6696166 1.375235 0.6239147 0.341894
-0.3860705 -0.4366618 0.6693463 0.2982218 0.6397942
-0.4932119 -0.6598821 0.7885771 0.07137054 0.707304
0.1356199 -0.6628273 1.010486 0.8504944 0.4684182
-0.2374391 -0.6574543 0.7405435 0.5288982 0.6840415
-0.2436063 -0.6514956 0.7404704 0.5199522 0.6822354
0.09350377 -0.6261683 1.078105 0.7746462 0.423803
-0.2490706 -0.5546404 0.920333 0.427803 0.5006796
-0.2430803 -0.6551329 0.9652304 0.4117512 0.535442
-0.2462253 -0.6433129 0.8406153 0.4636529 0.6054443
0.3927456 -0.5896001 1.302307 0.9516481 0.3036597
0.3892868 -0.5632377 1.296507 0.960168 0.2913191
0.3569772 -0.4269784 1.372124 0.9292875 0.1931471
0.3746032 -0.5513679 1.302 0.9474714 0.2840286
0.3721097 -0.4585664 1.333008 0.9566839 0.2218713
0.1428302 -0.5979814 1.134596 0.803142 0.3810414
0.3781881 -0.5880796 1.305623 0.9373175 0.3027318
0.3773056 -0.5054034 1.305167 0.9628607 0.2569231
0.1698578 -0.5944783 1.443165 0.6797227 0.2791645
0.120692 -0.5928071 1.032358 0.8419783 0.4213271
-0.4118123 -0.4196431 0.6136637 0.2632066 0.698077
0.1914975 -0.5793558 1.077883 0.8949995 0.3879186
-0.1669853 -0.6241689 1.003895 0.5000977 0.4863539
0.1016175 -0.5935166 1.093612 0.7832689 0.3981311
-0.1575938 -0.4493387 1.566366 0.3211945 0.1775302
-0.4893521 -0.6682819 0.7510042 0.0888904 0.7434776
-0.4473289 -0.6631668 0.7317212 0.1717013 0.7467269
-0.4527979 -0.6779618 0.7345699 0.1631615 0.7534642
-0.5783999 -1.061315 1.175111 -0.01329273 0.6579907
0.1972765 -0.5643055 1.429541 0.7162584 0.2652141
-0.2189884 -0.6521187 0.8052947 0.5220507 0.6293647
-0.1716762 -0.6548057 0.7765032 0.6091164 0.6416567
-0.2450594 -0.4775039 1.590107 0.2212226 0.1923604
-0.3018068 -0.5285051 0.9642351 0.3273738 0.4652201
-0.4370796 -0.5377702 1.24827 0.05348238 0.3500913
-0.216675 -0.5274462 1.304319 0.3285473 0.3052644
-0.0006326437 -0.3432157 1.487697 0.5236119 0.1204818
-0.2466679 -0.6529605 0.8938577 0.4372859 0.5767171
0.1872361 -0.5267151 1.478783 0.6921011 0.2322236
-0.08758309 -0.529339 1.27127 0.4936016 0.3088987
-0.1160771 -0.5799089 1.172423 0.495428 0.3785554
-0.4896337 -0.6636128 0.7922739 0.07805011 0.7053865
-0.1537983 -0.475597 1.394117 0.3755538 0.239705
-0.2681697 -0.5686431 0.9447626 0.3871223 0.4983881
-0.06138745 -0.6050574 1.272117 0.5158998 0.3516415
-0.2848794 -0.5533237 1.029133 0.3290644 0.444537
0.1189802 -0.5345756 1.219001 0.7471148 0.3156258
-0.2261727 -0.6666929 0.7516857 0.5388063 0.6779449
-0.2950736 -0.5397588 1.016038 0.3184348 0.443614
-0.2664444 -0.6201361 0.9867063 0.371554 0.5065699
-0.2237223 -0.6508214 0.7820299 0.5278012 0.646149
-0.1690436 -0.5551479 1.181645 0.4286154 0.3644252
-0.2192915 -0.5597891 0.9364285 0.464788 0.4901857
-0.3772626 -0.4347742 0.6385688 0.3372893 0.6691185
-0.2297386 -0.4853025 0.955681 0.4456496 0.4292873
-0.1282879 -0.617766 1.068388 0.5213233 0.4467138
-0.1832211 -0.6591846 0.974541 0.4884448 0.5239732
-0.3201027 -0.5986085 0.8517127 0.3443689 0.5851774
-0.16987 -0.6736854 0.9902086 0.4974847 0.5218846
0.1266437 -0.6727111 1.012054 0.8367843 0.473984
0.1564433 -0.6690035 1.015785 0.8677354 0.4670607
0.1636544 -0.5714537 1.157187 0.8194315 0.3557467
0.166789 -0.6045247 1.174581 0.8039713 0.3680495
0.4326745 -0.433385 1.374475 0.9957647 0.1938745
0.07646579 -0.6441873 1.27507 0.6541398 0.3617425
0.4027485 -0.5450873 1.308341 0.9711603 0.2772611
0.3250337 -0.6470279 1.15673 0.9570101 0.3846078
-0.06191218 -0.4816008 1.35897 0.4927654 0.2492664
-0.08803847 -0.463941 1.338943 0.4719252 0.2451754
0.3914444 -0.5976365 1.282998 0.9590288 0.3136066
0.0167951 -0.3306214 1.467016 0.5529034 0.1157082
-0.04165506 -0.6455787 1.193477 0.5650792 0.4013119
0.3899423 -0.5118291 1.300237 0.9753407 0.2613778
0.008583963 -0.6142008 1.395735 0.541273 0.3120795
-0.3871334 -0.4397461 0.6319062 0.3172628 0.6840712
-0.3239133 -0.4075978 0.537484 0.5574921 0.754494
-0.2857797 -0.6336132 0.8361767 0.4054651 0.6103976
-0.1453172 -0.6530787 1.050989 0.5039939 0.4770358
-0.1627443 -0.6324125 0.9973227 0.5078203 0.4939653
-0.3525293 -0.4372473 0.5884219 0.4328572 0.7221011
-0.3363227 -0.4078251 0.5701797 0.4936779 0.7152268
-0.3197579 -0.4078163 0.5631355 0.5430749 0.7180175
-0.3717282 -0.4497135 0.5832633 0.3874265 0.7455804
0.1344536 -0.656369 1.018913 0.8459958 0.4613563
-0.3358907 -0.4081311 0.5695869 0.4952711 0.7160943
0.1403381 -0.6215516 1.026115 0.8587678 0.4384304
-0.2861318 -0.5400612 1.126527 0.2936971 0.3891444
-0.2676128 -0.511136 1.156993 0.3085375 0.3547325
-0.2310267 -0.5503365 1.247769 0.3284575 0.3410823
-0.3753644 -0.5364166 1.34803 0.1199311 0.306839
-0.2659749 -0.5134071 0.9784187 0.377551 0.4418159
-0.4101699 -0.4630894 0.6059403 0.276279 0.7416143
-0.4008909 -0.4459598 0.6347529 0.2820207 0.6904247
-0.4275213 -0.5539832 0.6313289 0.2327467 0.7793937
-0.4076969 -0.4750205 0.5947813 0.2897938 0.763465
-0.3909256 -0.4355176 0.6266674 0.310774 0.6880431
-0.4269623 -0.6642541 0.7041472 0.2189817 0.7669826
-0.4095176 -0.5835008 0.7851299 0.2132025 0.6446406
-0.4165702 -0.4279413 0.6138715 0.2515108 0.7064807
-0.2664181 -0.5174549 1.011854 0.3629897 0.4268929
-0.2723807 -0.6466293 1.01487 0.3525723 0.5078194
-0.4567763 -0.65961 0.7556423 0.1465706 0.726104
-0.4650882 -0.6577525 0.7599742 0.1296772 0.7234696
-0.1995705 -0.676317 0.7697062 0.5674525 0.6640004
-0.02150106 -0.6748777 0.9139944 0.7241251 0.5420375
0.015405 -0.66708 0.9648281 0.7405777 0.506542
-0.3238859 -0.5520134 1.116695 0.2442506 0.4054669
-0.3124599 -0.504576 1.52214 0.1610151 0.2293905
-0.3740732 -0.4464508 0.6756328 0.3232473 0.6376916
0.3933232 -0.4149251 1.355801 0.9773047 0.188334
-0.2341849 -0.6627224 0.7709041 0.51615 0.6631014
0.5256302 -0.5882552 1.377582 1.022228 0.2755667
0.4643558 -0.5709057 1.298987 1.022379 0.2906446
-0.4814969 -0.6658532 0.7261398 0.1092943 0.7627099
-0.3325143 -0.4138134 0.5491872 0.5216113 0.7468669
-0.2651227 -0.5118287 1.010147 0.3656951 0.4236922
-0.3152141 -0.4076862 0.5635307 0.5543981 0.7156256
-0.4208007 -0.5542601 0.6158438 0.2549841 0.7950512
-0.1855183 -0.4938629 1.319026 0.361774 0.2766762
0.02163771 -0.5834853 1.383784 0.5622063 0.2980229
-0.4642003 -0.6650331 0.6747961 0.1572767 0.8069965
-0.3471197 -0.4184999 0.5799323 0.4556167 0.715652
-0.2661644 -0.4638122 1.358322 0.249468 0.2486753
-0.2618019 -0.5635878 0.932254 0.402412 0.5014502
0.4025086 -0.4988335 1.31829 0.9802748 0.2483169
-0.323638 -0.4141526 0.5833509 0.5130965 0.6989425
0.3818395 -0.4158133 1.366059 0.959927 0.1867865
-0.02735519 -0.5416968 1.356033 0.5263688 0.2852263
-0.3213075 -0.4082595 0.5595677 0.5423766 0.723709
-0.04198837 -0.6139063 1.192317 0.5692571 0.3841426
0.1267377 -0.6083087 1.240051 0.7279954 0.3504435
-0.1214453 -0.6500866 0.9121206 0.6025452 0.5441757
-0.1906145 -0.6578592 0.8143846 0.558423 0.6208168
-0.2456285 -0.6627482 0.7721151 0.4977057 0.664672
-0.06185251 -0.6911109 1.120177 0.5682455 0.4572189
-0.2489978 -0.4661385 0.9559655 0.4162097 0.4173809
-0.3708783 -0.4329883 0.6202359 0.364716 0.6866499
0.1636282 -0.6666459 1.017279 0.8752212 0.4643728
0.07134753 -0.4217909 1.446628 0.6085203 0.1813766
0.08234918 -0.6622804 1.06832 0.7588092 0.4487872
-0.3409282 -0.406507 0.57971 0.4736257 0.7035142
-0.2049062 -0.6372765 0.7921655 0.5529841 0.6273757
-0.2165976 -0.6656402 0.8843737 0.4837826 0.5845966
0.06794125 -0.6706343 0.9907967 0.7850879 0.489414
-0.1727663 -0.6595339 0.7688457 0.6112154 0.6499571
-0.1326952 -0.6637253 0.8810862 0.6019521 0.5715723
-0.06851488 -0.6669163 0.8850588 0.6839155 0.5608122
-0.1392612 -0.6595476 0.6292523 0.7619137 0.7535697
-0.1183008 -0.4519035 1.368141 0.4264807 0.2299924
-0.2546824 -0.6648191 0.7953524 0.4713151 0.6506894
-0.3624178 -0.4226118 0.5945526 0.4045149 0.7062589
-0.1448823 -0.6677871 0.8739217 0.5886047 0.5801098
-0.3468882 -0.4228267 0.5638311 0.4690422 0.7401725
-0.3477817 -0.4232875 0.5697404 0.4616648 0.7330664
-0.1891517 -0.6553663 0.8244724 0.5553588 0.6123791
-0.238203 -0.451143 0.9543477 0.4353679 0.4053475
-0.0975742 -0.6677793 0.8483752 0.6673262 0.5877125
-0.1673386 -0.6626963 0.8536898 0.5693867 0.5936016
