-0.6657209 0.0350007 0.2645418 
0.99946 1
0.99946 0
0.0005400776 1
0.0005400777 0
346
-0.2299414 -0.4778567 0.9471841 0.7108895 0.3641194
0.1432837 -0.5831479 1.219316 0.9138045 0.2909505
0.1338896 -0.6612715 1.010789 1.02039 0.4002103
0.1448897 -0.6150331 1.219943 0.9072074 0.3079377
0.1149625 -0.5866621 1.026792 1.014965 0.3556101
0.09036058 -0.5925477 1.060503 0.9647813 0.3504374
0.08124954 -0.5781916 1.079555 0.9468553 0.3368878
-0.009104908 -0.6282919 1.187492 0.7808357 0.3405235
-0.0294019 -0.5720618 1.309031 0.7062468 0.2764921
-0.06158465 -0.5525671 1.287431 0.6886385 0.2743007
-0.08338463 -0.6376683 1.139083 0.7329687 0.3698277
-0.1444408 -0.4769919 1.581115 0.4880553 0.167878
-0.2023031 -0.4933484 1.302009 0.5427585 0.2479184
-0.2513868 -0.4716835 1.339222 0.4740959 0.2285689
-0.2414348 -0.5522599 0.9171812 0.7028563 0.4300247
-0.3255866 -0.6042721 0.9931281 0.5450083 0.4414237
-0.04491621 -0.5728807 1.305741 0.6930124 0.2792729
-0.2763527 -0.5349078 1.308675 0.4589465 0.2786986
-0.2380157 -0.5490137 1.300422 0.5031713 0.2856833
-0.05434334 -0.6444924 1.137543 0.7617095 0.370566
-0.3081794 -0.6546497 0.3748819 1.089049 0.9215311
-0.3578508 -0.6567659 0.5155082 0.8374807 0.7927795
-0.3104724 -0.651948 0.3555278 1.11448 0.9452568
-0.3219814 -0.6570729 0.3896446 1.04356 0.9114096
-0.3392444 -0.6538428 0.3828687 1.024436 0.9261293
-0.3359394 -0.4114667 0.5691534 0.9223299 0.5711289
-0.4082063 -0.5480675 1.598483 0.2310134 0.2229874
-0.3604774 -0.6591993 0.4258479 0.9301643 0.88785
-0.2428055 -0.5110784 1.623716 0.3817973 0.1850826
-0.2449955 -0.5109477 1.616509 0.3819436 0.1866347
-0.3433194 -0.6584094 0.5208961 0.8549621 0.7833047
-0.3715377 -0.6583237 0.4222814 0.915493 0.8963946
-0.4298246 -0.6612751 0.5691839 0.6685686 0.7708933
0.1497505 -0.6050749 1.211288 0.9191369 0.3045474
-0.3315762 -0.6087082 0.9912885 0.5382411 0.445873
-0.114971 -0.4745826 1.565519 0.5214236 0.1677152
-0.3482898 -0.4393689 0.5295671 0.9357859 0.6363317
-0.450996 -0.6599848 0.6483127 0.5737547 0.7095772
-0.4492266 -0.6603005 0.6503401 0.575112 0.7075835
-0.3773465 -0.6223928 0.5461331 0.7865987 0.7528935
-0.3345682 -0.6570677 0.402506 1.005017 0.9020905
-0.262608 -0.5343581 1.192095 0.5247802 0.3131078
-0.3562656 -0.6599502 0.4259809 0.9369352 0.8862028
-0.4252005 -0.6623104 0.4891083 0.7481172 0.8477488
-0.4370658 -0.6592904 0.5001283 0.7176717 0.8395855
-0.4380094 -0.6586008 0.48456 0.7310116 0.8560408
-0.4516794 -0.6623371 0.5160336 0.6768345 0.8305237
-0.0938437 -0.6156602 1.146824 0.7215396 0.3563329
-0.4644082 -0.6598947 0.522718 0.6491325 0.8275276
-0.3892834 -0.6587442 0.4566618 0.8452686 0.8658702
-0.4644083 -0.6622465 0.5119167 0.6580765 0.8397356
-0.3791413 -0.6541383 0.4178726 0.9092654 0.9030356
-0.4201243 -0.6615693 0.4884561 0.757821 0.8460249
-0.4171236 -0.6578767 0.457538 0.7956108 0.8763441
-0.3585303 -0.43412 0.5283271 0.9201065 0.6371781
-0.3732116 -0.6232012 0.5392915 0.7999622 0.7582232
0.3889754 -0.5843636 1.301503 1.07048 0.2494795
-0.3606201 -0.5658172 0.525287 0.8574675 0.7338008
-0.4624729 -0.6667975 0.5072019 0.6647323 0.8460293
-0.3788001 -0.5585988 1.248913 0.3679621 0.3225455
0.1862138 -0.5761344 1.075108 1.051553 0.3252659
0.374427 -0.583326 1.305893 1.05648 0.2490572
-0.2494509 -0.5590336 0.9217319 0.6884039 0.4335943
-0.24857 -0.5580246 0.9221393 0.68943 0.432609
-0.3776208 -0.5332717 1.110184 0.4244245 0.3561842
-0.4659944 -0.6565977 0.5276483 0.6427145 0.8215348
-0.3402752 -0.4404007 0.5140812 0.9723109 0.6497095
-0.2177963 -0.6625596 0.9416505 0.6975749 0.4804372
-0.2273042 -0.5111835 1.61141 0.4002151 0.1866347
0.1086763 -0.5851445 1.097798 0.9590819 0.3318312
-0.251932 -0.5319243 1.309852 0.4848 0.2741422
-0.4024009 -0.4930554 0.5779745 0.7510325 0.6504449
-0.4928913 -0.6656206 0.7889199 0.4236309 0.6219767
-0.05442858 -0.6416851 1.176197 0.7408881 0.3563557
-0.4133369 -0.5233303 1.599967 0.2226581 0.2090744
-0.5065067 -0.661957 0.5476944 0.5538258 0.819734
-0.4833953 -0.6594404 0.4978303 0.6368446 0.8610421
-0.2572271 -0.5428708 1.161894 0.5448859 0.3279458
-0.3850857 -0.5478275 1.550103 0.2664598 0.2323462
-0.385512 -0.546686 1.549412 0.2661016 0.231901
-0.0132671 -0.6483403 1.175349 0.7800016 0.355527
-0.4666315 -0.6604672 0.4313725 0.7310336 0.9302676
-0.4662984 -0.6609175 0.4323107 0.7305661 0.9291619
-0.4064972 -0.6012738 0.5849175 0.7071776 0.7158658
-0.2668731 -0.5615878 0.9339116 0.6578477 0.4324711
-0.4146264 -0.6613126 0.5962189 0.6711632 0.7419711
-0.5134122 -0.6629547 0.5745928 0.5215524 0.7965676
-0.7075935 -1.185047 1.27594 0.09450611 0.6337839
-0.2859286 -0.5446408 1.130818 0.5265267 0.3435709
-0.4828329 -0.6685812 0.5520505 0.5913649 0.8097459
-0.423081 -0.6575632 0.4738517 0.7683634 0.8608556
-0.4645261 -0.6644249 0.7084348 0.512438 0.6697932
0.1048794 -0.6119996 1.04415 0.9845067 0.3652658
-0.5272225 -0.6614014 0.5909756 0.4859 0.7853065
-0.1996442 -0.4547331 1.339979 0.5303918 0.2129694
-0.4214534 -0.4679137 0.6353344 0.665118 0.5873762
-0.4940828 -0.6580569 0.4071282 0.7036401 0.9734791
-0.4245366 -0.5856569 0.6245821 0.6457385 0.6782348
-0.4252212 -0.5854219 0.6235423 0.645479 0.6791829
-0.4026036 -0.5665147 1.803446 0.1933049 0.189622
-0.4057267 -0.5522356 1.769548 0.1956592 0.1889082
-0.3528502 -0.6602234 0.3860137 0.9924686 0.9314757
0.3649363 -0.4271863 1.38689 1.043557 0.1449908
-0.0120278 -0.5839388 1.3072 0.7218997 0.2819719
-0.4035466 -0.5828047 0.5885733 0.7134255 0.7006505
-0.4272272 -0.5553007 0.6309088 0.6412913 0.6546948
-0.4518593 -0.6669799 0.7571411 0.5020226 0.6336077
-0.2702233 -0.5230462 0.9263623 0.6641226 0.4113367
-0.4413063 -0.6580875 0.4826244 0.7271518 0.8592442
-0.4185701 -0.6631939 0.4834195 0.7649868 0.8514546
-0.5051555 -0.6650729 0.5681663 0.5405567 0.8007427
-0.4233983 -0.5991288 0.6237457 0.6459398 0.6866947
-0.4235121 -0.5984217 0.6228111 0.6466389 0.6870925
0.08950394 -0.6198285 1.074634 0.9464147 0.36111
-0.008026421 -0.6245484 1.249442 0.7491978 0.3197877
-0.4372289 -0.6573907 0.6425959 0.6000537 0.7085642
-0.5336674 -0.6772579 0.5746384 0.4852167 0.8110822
-0.4087479 -0.6656489 0.5990047 0.6774606 0.7399615
-0.4101316 -0.6628516 0.5968603 0.6775458 0.7407661
-0.2772926 -0.5329844 0.9263038 0.6533341 0.4192054
-0.4289681 -0.6654296 0.6016029 0.6430424 0.7442086
-0.4405723 -0.6709482 0.6771637 0.5690995 0.6898603
-0.4857274 -0.6621245 0.7895699 0.4338655 0.6178424
0.07791346 -0.6653961 1.257218 0.8163001 0.3302082
-0.2458046 -0.503915 0.9872336 0.6593339 0.3675089
-0.4260185 -0.5434036 1.799299 0.1697983 0.1797651
-0.4022664 -0.5449991 1.789437 0.193906 0.1810266
-0.01164734 -0.6299207 1.199055 0.7717596 0.3381052
-0.2792008 -0.6420646 0.9655707 0.6136754 0.4682834
-0.3841172 -0.5183516 1.616472 0.2474365 0.200451
-0.4031793 -0.5659977 0.5874683 0.7193553 0.6911564
-0.3972694 -0.5802996 0.5792702 0.7334821 0.7052853
-0.431109 -0.6666943 0.6279821 0.6192672 0.7234933
-0.4240316 -0.6339813 0.6184058 0.6431322 0.7114396
-0.3765199 -0.6623647 0.5530006 0.7694094 0.767624
-0.4224874 -0.6130859 0.6143497 0.6526282 0.7024997
-0.4195474 -0.6744176 0.5545967 0.6950573 0.7872694
0.1972698 -0.4185438 1.466433 0.8555412 0.1346622
-0.5812531 -1.079873 1.18611 0.2175554 0.6155723
-0.5098739 -0.6647325 0.5750192 0.527329 0.7957614
-0.1612702 -0.6652836 0.9955824 0.7285888 0.4493716
-0.2798109 -0.523396 1.634469 0.3442366 0.1922148
-0.5846927 -1.078823 1.176027 0.2163817 0.6198866
-0.5600013 -0.5576249 1.928097 0.02801898 0.1713616
-0.275907 -0.5354427 0.9755652 0.623897 0.3981981
-0.1310338 -0.4564544 1.366801 0.5902614 0.2017068
-0.4116537 -0.6092489 0.6010355 0.682592 0.7081336
-0.3839099 -0.6145574 0.5614231 0.7633327 0.7368263
-0.2761483 -0.5332044 1.197065 0.5070812 0.3123035
-0.3623642 -0.5333058 1.103732 0.4465359 0.3566167
-0.3223445 -0.4082737 0.5597115 0.9630041 0.5723284
-0.2655941 -0.5295901 0.9262235 0.6692982 0.4150085
-0.2566466 -0.4868763 0.9728072 0.657047 0.3635015
-0.3445042 -0.6577883 0.3868659 1.007518 0.9254704
-0.2711529 -0.5214674 0.9381664 0.6553991 0.4049564
-0.4419251 -0.7681334 1.071772 0.3708236 0.5136822
-0.3253896 -0.4162145 0.5354314 0.9861575 0.6029949
-0.4966178 -0.6683196 0.5618879 0.5598519 0.805237
-0.4640332 -0.7643184 1.079813 0.3422317 0.5118678
-0.7206562 -1.325664 1.290847 0.1024344 0.6721482
-0.01727408 -0.626775 1.161408 0.7878407 0.3488345
0.1732014 -0.5301521 1.460991 0.8168183 0.2012072
0.3811479 -0.5670671 1.309265 1.064519 0.23917
-0.1362526 -0.6652536 0.6300781 1.040182 0.6381856
-0.2729331 -0.5013778 0.9647296 0.6388004 0.3796034
-0.4164429 -0.4211567 0.6157218 0.7057977 0.5647043
-0.4160535 -0.4207465 0.6162739 0.7061079 0.5637459
-0.2307593 -0.4520613 1.625801 0.390655 0.1498873
-0.3958821 -0.5431936 1.599558 0.2425175 0.2190896
-0.160183 -0.4447978 1.577859 0.4747919 0.1505434
-0.4095419 -0.4226406 0.6140635 0.7207795 0.5651696
-0.1429762 -0.4351853 1.581134 0.4901815 0.1430809
-0.3540958 -0.5787017 0.5232602 0.8657932 0.7411072
0.03138185 -0.605481 1.286003 0.7696907 0.2953997
-0.1607991 -0.5021017 1.299927 0.5871847 0.2500665
-0.169611 -0.4380379 1.613593 0.4530613 0.1402136
-0.04708105 -0.4730324 1.341907 0.6854845 0.2113973
-0.08636266 -0.4511295 1.350848 0.6441104 0.1986524
-0.4564074 -0.6595508 0.3916596 0.7939242 0.9750648
-0.4573988 -0.6584473 0.3906426 0.7935733 0.9764768
-0.1298718 -0.4321017 1.575384 0.5049117 0.1415335
-0.4461003 -0.6619127 0.5102797 0.6918479 0.83399
-0.2471164 -0.4710748 1.332595 0.4815521 0.2295721
-0.4856122 -0.6712562 0.7069457 0.4804694 0.68049
-0.5000213 -0.6700406 0.6876148 0.4693996 0.698668
-0.4252331 -0.5660301 1.768745 0.1794299 0.1975778
-0.3078341 -0.4224393 0.5629947 0.9778371 0.5766162
0.120598 -0.6183175 1.241204 0.872418 0.3061031
0.07630998 -0.5948367 1.090927 0.9296677 0.3432572
-0.3344442 -0.4464903 0.5209465 0.9704434 0.6454005
-0.1083196 -0.4535191 1.350816 0.6214433 0.2019275
-0.1080264 -0.4536353 1.352818 0.6207645 0.2014889
-0.4947135 -0.6649857 0.7097654 0.464674 0.6775686
-0.4542406 -0.7738849 1.071158 0.3572005 0.518743
-0.37139 -0.5285016 1.643751 0.2542117 0.1993917
-0.5891424 -0.7907869 1.186334 0.1697214 0.4988657
-0.1838362 -0.4562285 1.34089 0.5468529 0.2123597
0.01339805 -0.557753 1.411041 0.6981891 0.2391845
0.01180178 -0.5581219 1.408022 0.698125 0.2402296
-0.3563857 -0.5514023 1.342104 0.359698 0.2868048
-0.06077844 -0.6467101 1.119523 0.7650666 0.378664
-0.1320201 -0.4732067 1.300246 0.6197076 0.229311
-0.3617146 -0.6612 0.5165451 0.8285624 0.7954439
-0.4133512 -0.6630197 0.4584357 0.7995759 0.8761109
-0.2413756 -0.5429454 0.9237487 0.7001699 0.4209067
-0.574762 -1.048505 1.179368 0.2218816 0.6061936
-0.5164143 -0.6656567 0.6081073 0.4929295 0.7679622
-0.2767868 -0.4720735 1.345813 0.4435083 0.2293226
0.1576847 -0.6018047 1.201705 0.9329126 0.3047037
-0.3468554 -0.4479991 0.5942203 0.8533164 0.5829948
-0.3545645 -0.540633 0.5238835 0.8806196 0.7171534
-0.420963 -0.4994062 0.6346705 0.6599243 0.6113046
-0.4142979 -0.4767109 0.6089907 0.7017863 0.6144249
-0.189619 -0.434441 1.62463 0.4301586 0.1371619
-0.2860029 -0.517935 1.641446 0.3360788 0.1881541
-0.4011246 -0.4270001 0.6233061 0.7262077 0.5582007
-0.4844834 -0.6645465 0.5468205 0.5931506 0.8134782
-0.3885249 -0.5447331 1.187621 0.379062 0.3361846
-0.3245073 -0.5309193 1.084622 0.503002 0.3572997
-0.382145 -0.4497861 0.6748541 0.7042044 0.5300595
-0.3816967 -0.6261467 0.5555234 0.7691879 0.7478721
-0.303832 -0.5427779 1.340085 0.4171876 0.2770518
-0.1491726 -0.5648279 1.113949 0.6889059 0.3448209
-0.5845824 -0.5486772 1.917545 0.004784137 0.1700538
0.1284785 -0.6133085 1.172763 0.9214571 0.3222651
-0.1279199 -0.6706483 0.8876362 0.8341939 0.4946381
-0.4091879 -0.5281689 1.680697 0.2086097 0.194024
-0.1199538 -0.4653039 1.365331 0.6015906 0.2067415
-0.5085485 -0.6695595 0.6761535 0.4626275 0.7099504
-0.5181134 -0.6570628 0.6580905 0.458037 0.7208684
-0.3492834 -0.4508672 0.5859528 0.8572344 0.5932559
-0.2138025 -0.4613661 1.347201 0.5117142 0.2165853
0.1360131 -0.5893817 1.138016 0.956903 0.3187138
0.0261004 -0.6259198 1.225162 0.7937993 0.3241374
-0.3352795 -0.4218913 0.5519313 0.9407788 0.5956423
-0.3797845 -0.6412061 0.4368514 0.8917272 0.8755078
-0.3477305 -0.4271455 0.5692453 0.8914543 0.5883585
-0.3594021 -0.4398519 0.5687672 0.8635949 0.6032518
-0.415885 -0.5866767 0.7683354 0.5538594 0.5700707
-0.211813 -0.4357331 1.636496 0.4049741 0.1370119
-0.4196223 -0.4308297 0.6236691 0.6887636 0.5669816
-0.3918936 -0.4374737 0.6403745 0.723217 0.5498742
-0.2609588 -0.5185577 1.082013 0.5831879 0.3416941
-0.2761343 -0.5460976 0.9490804 0.6385445 0.4170565
-0.310425 -0.6760914 0.997659 0.5564712 0.4778325
-0.416446 -0.489998 0.6106231 0.6927935 0.6235862
-0.4079712 -0.462789 0.6004847 0.7262405 0.6092092
-0.4016452 -0.6365175 0.5812031 0.7101701 0.7374099
-0.400821 -0.5872196 0.5762663 0.7283252 0.7133656
-0.4149576 -0.560532 0.6091202 0.6804289 0.672639
-0.3959142 -0.6121014 0.5777214 0.7287968 0.724923
-0.4200621 -0.6502352 0.7186362 0.5745338 0.6425597
-0.1468154 -0.6133882 1.020997 0.7382543 0.4078074
-0.40123 -0.5236999 1.553502 0.2466502 0.2190434
-0.2150508 -0.5394723 1.298099 0.528768 0.2784131
-0.5209177 -0.6642767 0.6010426 0.4899778 0.7752246
0.01029986 -0.6280621 1.19401 0.7957569 0.33629
-0.2669501 -0.5660416 0.9415953 0.6522796 0.4317394
-0.4269275 -0.6388193 0.7464702 0.5471686 0.6186565
-0.2676533 -0.5111552 0.9488145 0.6545985 0.3925534
0.1834815 -0.514126 1.479673 0.8187862 0.1879301
-0.1148904 -0.415524 1.571098 0.5213733 0.1313511
-0.5039197 -0.6621033 0.4712734 0.6217637 0.9008393
-0.2161089 -0.4510967 1.353484 0.5068353 0.2085499
-0.4863368 -0.6640755 0.5271374 0.6058551 0.8336748
-0.4485612 -0.6686644 0.8344867 0.4638231 0.5846292
-0.2540811 -0.4985163 0.916911 0.6961293 0.3962229
-0.3087764 -0.480675 1.362781 0.4017718 0.233117
-0.4134369 -0.6602947 0.4767959 0.7814817 0.8549925
0.3650572 -0.420596 1.358053 1.064482 0.146584
0.1628537 -0.5310996 1.460528 0.808189 0.2025299
-0.1609399 -0.4790384 1.631777 0.4548969 0.1601681
0.02816159 -0.3721058 1.462611 0.7108644 0.1159918
-0.03956407 -0.6167512 1.197468 0.7479001 0.3344675
-0.4022587 -0.5257455 0.5868741 0.7324744 0.6651591
-0.2633392 -0.5117283 1.685442 0.3445041 0.1744543
-0.4454383 -0.6693584 1.061307 0.3654332 0.4677823
-0.2338573 -0.6073827 0.9350728 0.6913353 0.4545427
-0.2813634 -0.5119373 1.663689 0.3338291 0.1800036
-0.3238814 -0.5546182 0.9768358 0.559414 0.4177497
-0.5590306 -0.5779548 1.497759 0.09930714 0.2777877
-0.2526851 -0.4937026 1.324383 0.4785667 0.2466499
-0.03472918 -0.6490934 1.191159 0.7507502 0.3533232
-0.2725426 -0.6714221 0.9738105 0.6139587 0.4797844
0.001470029 -0.6264883 1.223627 0.7714698 0.3274416
-0.4074112 -0.4797055 0.5938355 0.7292041 0.6278657
-0.3820659 -0.5707129 0.5544659 0.7869893 0.7168143
-0.3605405 -0.5588456 0.5285628 0.8568299 0.7263089
-0.4142808 -0.6235549 0.5959471 0.679534 0.7215638
-0.3790306 -0.5754248 0.5538433 0.7913408 0.7191882
-0.4097017 -0.4458466 0.6112428 0.7166899 0.5868718
-0.3975807 -0.5171816 0.5819268 0.7484239 0.6621817
-0.3325087 -0.4160726 0.5479442 0.9548768 0.5934811
-0.2968568 -0.5328082 1.134417 0.512316 0.3362043
-0.1692569 -0.4621834 1.647228 0.4419548 0.1480764
-0.7035003 -0.7396275 1.289237 0.005719244 0.449504
-0.4379299 -0.6269264 0.7650828 0.5198333 0.6020446
-0.7121063 -1.170607 1.274145 0.08815253 0.6305139
-0.5209975 -0.6703603 0.6742259 0.4435601 0.7157023
-0.07991809 -0.589778 0.9761306 0.8467429 0.402315
-0.5341659 -0.6753941 0.7098122 0.4022935 0.6944248
-0.423532 -0.6268806 0.620882 0.6431938 0.7052271
-0.1559189 -0.4832578 1.586117 0.4754314 0.1712275
-0.4012651 -0.4910875 0.592218 0.7390202 0.6356421
-0.3048468 -0.578479 0.9967384 0.5707768 0.4208302
-0.5268362 -0.6819746 0.5839316 0.4906881 0.8020489
-0.5223057 -0.649745 0.5745431 0.5065694 0.793165
-0.3690076 -0.6652513 0.4389719 0.8973172 0.8796518
-0.2927648 -0.501086 1.672802 0.3198817 0.1728569
-0.4516132 -0.6564324 0.8276107 0.4632372 0.5826217
-0.6952445 -1.34353 1.284994 0.1279599 0.6757194
-0.2572385 -0.4831984 0.9241655 0.6895678 0.3825756
-0.4402179 -0.5440883 1.24914 0.2944298 0.3207508
-0.2258219 -0.5644203 1.114409 0.6031071 0.3540275
-0.4100086 -0.7135801 0.8953926 0.4837966 0.5660701
-0.497207 -0.6678748 0.6337779 0.5080428 0.7402875
-0.2648686 -0.4678452 1.36712 0.4480631 0.2199548
-0.5035772 -0.6653886 0.6215166 0.5057213 0.7516122
-0.3406945 -0.5715714 1.55725 0.3106169 0.2402874
-0.5141237 -0.6679631 0.6267712 0.4844115 0.7518889
-0.4804152 -0.6672699 0.6638892 0.5156412 0.7099723
-0.5920117 -0.5638115 1.30289 0.09706911 0.3326337
-0.5520999 -0.5891397 1.503299 0.1079135 0.2819213
-0.4988028 -0.6675726 0.6329132 0.5059878 0.7413806
0.3737567 -0.4193589 1.388263 1.052353 0.1395092
-0.2965477 -0.4681094 1.316337 0.4332163 0.2366272
-0.5938145 -0.5742549 1.296351 0.0984832 0.3414329
-0.525197 -0.6699032 0.6085554 0.4774437 0.7727654
-0.6829136 -1.305304 1.261796 0.1372667 0.6720381
-0.4302052 -0.5574459 1.099221 0.3630364 0.3833766
-0.3972657 -0.555132 1.249868 0.3459661 0.3222649
-0.570271 -0.6015823 1.907552 0.02943122 0.1980059
-0.1559773 -0.4614322 1.355457 0.5693012 0.2096756
-0.3596832 -0.5537181 1.54401 0.2941684 0.2350785
-0.3400313 -0.663968 0.4021817 0.9920954 0.9079802
-0.4971063 -0.6788068 0.8257788 0.3993523 0.6066289
-0.3813575 -0.5679979 1.11899 0.4166875 0.3751762
-0.3424118 -0.5707217 1.099839 0.4728158 0.378914
-0.5169794 -0.6693767 0.6410547 0.4704452 0.7413052
-0.6727473 -0.5828488 1.239906 0.01005742 0.3775836
-0.6190051 -0.5720645 1.189648 0.08885244 0.3831985
-0.436481 -0.5569454 1.329542 0.2745618 0.3021988
-0.24892 -0.4836454 0.9214653 0.7025989 0.3827727
-0.05511445 -0.655082 1.113344 0.7727392 0.384599
-0.3493391 -0.5704752 1.102982 0.462952 0.3784983
-0.3637629 -0.5761515 1.08448 0.4536632 0.3913686
