-0.5068557 0.04388465 0.4117756 
0.99946 1
0.99946 0
0.0005400776 1
0.0005400777 0
336
-0.006411374 -0.6305446 1.188391 0.6924336 0.469518
-0.1421411 -0.4766365 1.583064 0.4020186 0.2622104
-0.2005452 -0.4916803 1.303595 0.4315973 0.3591502
-0.2515283 -0.4696918 1.340314 0.3550001 0.3352413
-0.3270234 -0.6020783 0.9906356 0.380227 0.5951562
-0.05224413 -0.5557067 1.283368 0.6078336 0.3946051
-0.4061236 -0.5466369 1.60193 0.1110578 0.3098466
-0.2392791 -0.5099996 1.617479 0.2894703 0.2768432
-0.3298081 -0.6092469 0.9912263 0.375466 0.5996312
-0.1116518 -0.4720795 1.566338 0.4395556 0.2625504
-0.3328673 -0.635428 1.002409 0.3654101 0.6087341
-0.2492625 -0.5319101 1.312243 0.3661777 0.3852037
-0.4099647 -0.5267272 1.608048 0.1034585 0.2966989
-0.3833617 -0.5424912 1.546925 0.1458936 0.3221797
-0.3839189 -0.5436146 1.545886 0.1455365 0.3231806
-0.4037028 -0.5553953 1.782311 0.08965287 0.2682537
-0.4032184 -0.5585821 1.788582 0.08971477 0.2684931
-0.01087171 -0.5825912 1.306543 0.6375824 0.3985564
-0.2645933 -0.5324 0.9399291 0.5091327 0.5720848
0.06758457 -0.6558039 1.24018 0.7380761 0.4556621
-0.3993663 -0.545596 1.797372 0.09114566 0.2592957
-0.3858676 -0.5128103 1.609915 0.1293225 0.2868233
-0.2894899 -0.490562 1.565364 0.2462598 0.2812577
-0.271569 -0.5211157 0.939208 0.4999345 0.5660811
-0.003637016 -0.6376777 1.178022 0.6994848 0.4773965
-0.2701797 -0.5012635 0.9657187 0.4897723 0.5348882
-0.2299961 -0.4485265 1.619895 0.2978064 0.2393317
-0.397927 -0.5419455 1.603104 0.1197064 0.3063881
-0.1606309 -0.4407604 1.567498 0.3883535 0.2450548
-0.1420491 -0.4328286 1.575279 0.4062921 0.2375801
-0.1603531 -0.5003664 1.297214 0.4828611 0.3640714
-0.1699004 -0.4343482 1.603193 0.3676265 0.2326828
-0.2231284 -0.5279161 1.601446 0.3108423 0.2905701
-0.4211559 -0.5691257 1.784133 0.07292411 0.2758771
-0.3777016 -0.5133179 1.602958 0.139888 0.288649
-0.1301477 -0.4717199 1.298832 0.5217689 0.3428741
-0.2728601 -0.471854 1.348643 0.3250536 0.3351977
-0.1868493 -0.4329731 1.623371 0.3435807 0.2275823
-0.277541 -0.524702 1.655583 0.2406274 0.2771459
-0.3869624 -0.5522329 1.199821 0.2181424 0.4582214
-0.3964575 -0.5284059 1.569388 0.1253618 0.3079647
-0.1116974 -0.414396 1.570967 0.4412975 0.2261328
-0.3092751 -0.477362 1.358647 0.2752883 0.3377998
-0.3227167 -0.5515542 0.9768282 0.395414 0.5710523
-0.2501099 -0.4945869 1.330396 0.359722 0.3549592
-0.288659 -0.5375343 1.145289 0.3750305 0.4634607
-0.2173373 -0.5306153 1.582142 0.3219948 0.2969636
-0.2313156 -0.5503781 1.096765 0.4749536 0.4887639
-0.280228 -0.475409 1.342252 0.3176574 0.3402984
-0.5958409 -0.5639445 1.284999 -0.1012606 0.4491704
-0.1701055 -0.4494563 1.323532 0.4644465 0.322218
-0.4348263 -0.5587593 1.339316 0.1210867 0.4069679
0.01109636 -0.338805 1.479677 0.6197932 0.1946676
0.02267277 -0.336032 1.463776 0.6406267 0.1962298
-0.3059208 -0.6732035 0.9980096 0.4049214 0.6282681
-0.5791432 -0.6748055 1.1756 -0.03994864 0.5694389
-0.2062851 -0.4850295 1.62187 0.3231032 0.2599058
-0.4136603 -0.5664541 1.557664 0.1114105 0.3346051
-0.3634325 -0.5108662 1.530416 0.1694692 0.3070783
-0.4396339 -0.5638883 1.34697 0.1139282 0.4075341
-0.4887015 -0.5635782 1.391127 0.04173332 0.3944199
-0.4549428 -0.5611515 1.370712 0.08918151 0.3979225
-0.4407911 -0.6644065 1.080214 0.180878 0.5963647
0.07079786 -0.5352358 1.445828 0.6646135 0.3229021
0.02948111 -0.3356452 1.455843 0.6521041 0.1976854
0.03088814 -0.3354571 1.457358 0.6529294 0.1971573
-0.2112747 -0.4450896 1.62987 0.3154882 0.2342324
-0.3427204 -0.5392346 1.120421 0.3065194 0.4834641
-0.3973016 -0.5313908 1.553194 0.1273729 0.3145115
-0.1964968 -0.4583627 1.346862 0.4219657 0.3219334
-0.554774 -0.5682298 1.420483 -0.04902285 0.3915729
-0.1227266 -0.5319117 1.211341 0.5636063 0.4137427
-0.2822479 -0.5434673 1.138925 0.3863163 0.4696342
-0.17984 -0.4902058 1.588517 0.3602573 0.2703062
-0.5134926 -0.5605766 1.3072 0.01758552 0.4286457
-0.1802226 -0.5222642 1.281049 0.4634241 0.3853865
-0.1203324 -0.4730811 1.588514 0.4232265 0.2579319
-0.1137669 -0.4680918 1.301224 0.5408841 0.3385602
-0.1730429 -0.4956549 1.312471 0.4616005 0.3565179
-0.2140128 -0.4893726 1.317564 0.4096443 0.3535939
-0.09682763 -0.4260638 1.567823 0.4575188 0.233716
-0.1655829 -0.5277129 1.279908 0.4812242 0.3880298
-0.2508224 -0.5213909 1.091515 0.452677 0.4749081
-0.2682637 -0.653097 0.862975 0.5296986 0.7014006
-0.4654685 -0.6668833 1.070725 0.1464836 0.6074215
-0.5724016 -1.061718 1.159827 0.04451895 0.751722
-0.06761366 -0.5710585 1.293457 0.583728 0.4010795
-0.4878039 -0.5643777 1.295932 0.05632621 0.433359
-0.08666974 -0.4608366 1.275109 0.5869135 0.3410892
-0.2965559 -0.5459821 1.154755 0.3601217 0.4652931
-0.3065807 -0.5132033 1.563537 0.2284393 0.2961274
-0.2713295 -0.5351359 0.9267018 0.5055707 0.5839562
-0.1421469 -0.5347084 1.216596 0.5369106 0.415115
-0.008398414 -0.6135667 1.205226 0.6848867 0.4535583
-0.5756106 -0.778327 1.172171 -0.01118582 0.625742
-0.1297063 -0.4555044 1.566589 0.4213085 0.2532136
-0.204497 -0.4473426 1.623187 0.3245863 0.236981
-0.3319533 -0.4930878 1.680634 0.1754899 0.2548145
-0.2456755 -0.530459 1.321496 0.3675056 0.3805789
-0.3104151 -0.549548 0.9931395 0.4073651 0.5573982
-0.4590868 -0.5603127 1.341417 0.08828372 0.4092357
-0.4594359 -0.55963 1.341386 0.08771649 0.4088543
0.01186126 -0.3259831 1.504146 0.6112029 0.1801947
-0.3197032 -0.5442446 1.159965 0.3257713 0.4643417
0.007530153 -0.6019289 1.222614 0.6955792 0.4387712
-0.2816899 -0.6329188 0.9070377 0.4873963 0.6607685
-0.1865834 -0.4490544 1.607659 0.3481528 0.2411711
-0.3448961 -0.5882427 1.297498 0.2507246 0.4335146
-0.2625174 -0.6525075 0.8576269 0.5417749 0.7038206
-0.140375 -0.465027 1.302971 0.5082573 0.3377267
-0.2228726 -0.6395551 0.8378564 0.6176209 0.7027026
-0.2213227 -0.6441934 0.839959 0.6175634 0.7033826
-0.5594904 -0.5658742 1.440764 -0.05728549 0.3829569
-0.1520522 -0.4886364 1.295836 0.4946578 0.3564534
-0.004592121 -0.6206643 1.254505 0.6626608 0.4379821
-0.2687182 -0.6525136 0.8834593 0.5174776 0.6861049
-0.1234556 -0.5414529 1.21222 0.5609282 0.4193599
-0.2600908 -0.6438737 0.8305828 0.5634715 0.7192405
-0.247463 -0.64293 0.8134429 0.5946375 0.7293783
-0.06732285 -0.6157902 1.188335 0.6270175 0.4674754
-0.1513803 -0.4670722 1.305045 0.4936867 0.3390931
-0.2601798 -0.5410041 1.156873 0.40964 0.4569855
-0.2659612 -0.5351779 1.16224 0.3998512 0.4513707
-0.2817839 -0.5359084 1.158048 0.3796757 0.4555529
-0.001314759 -0.6410143 1.211167 0.6840245 0.4654758
-0.3522477 -0.5458006 1.206739 0.2647949 0.4471006
-0.3368217 -0.5414634 1.117584 0.3162493 0.485644
-0.2829667 -0.6620153 0.9006821 0.4853507 0.6820399
-0.3590374 -0.5224975 1.309449 0.2255298 0.3893168
-0.2766613 -0.5374243 1.682845 0.2363508 0.2774547
-0.08374488 -0.5292821 1.265501 0.5845045 0.3878329
-0.2617679 -0.5195062 0.9274056 0.5229514 0.5710765
-0.5415158 -0.5686566 1.390185 -0.02851212 0.4023414
-0.1956178 -0.5520431 1.260713 0.4504536 0.4129055
-0.2596598 -0.6564851 0.8127744 0.5729683 0.7403756
-0.1798701 -0.4438329 1.599352 0.357837 0.2397689
-0.2231527 -0.5514325 1.234387 0.4266089 0.4256847
-0.2582708 -0.5009072 0.9664565 0.5084599 0.5322455
-0.2747367 -0.5146721 1.677953 0.2383842 0.2658142
-0.2494667 -0.5421158 1.101357 0.4483105 0.4833886
0.1744608 -0.5932278 1.421018 0.7637182 0.3555199
-0.08744425 -0.4677296 1.279396 0.5828068 0.3441637
-0.1495415 -0.4766427 1.289263 0.5018026 0.350846
0.1349983 -0.6069347 1.354675 0.7566114 0.3852671
-0.4094137 -0.5786983 0.7958312 0.3290205 0.7487261
-0.1005743 -0.4610694 1.557803 0.4547164 0.2576995
-0.2714404 -0.5486488 1.044904 0.4422795 0.5204716
-0.4152552 -0.5515022 1.083295 0.2084935 0.5214459
0.01811141 -0.367266 1.467715 0.6284251 0.21666
0.05879325 -0.5321412 1.423886 0.6632789 0.3281066
0.008120716 -0.6160656 1.213579 0.6980315 0.4500778
-0.269668 -0.6325229 0.9130424 0.5025436 0.65397
-0.06240398 -0.6322414 1.162606 0.6427159 0.4870883
-0.2815738 -0.5274457 0.9643819 0.4691591 0.5558259
-0.221722 -0.6452119 0.8297867 0.6234466 0.7118052
-0.4636974 -0.656894 1.056477 0.1512733 0.6100778
-0.4586961 -1.047489 1.046518 0.1973493 0.7914928
-0.4679221 -0.7599731 1.085833 0.1506256 0.648497
-0.5776101 -0.769172 1.18035 -0.01672333 0.6169876
-0.3366493 -0.581509 1.261568 0.2710597 0.443621
-0.3418604 -0.5580928 1.080643 0.3224176 0.5167887
-0.2343073 -0.6406137 0.820765 0.6110094 0.7191379
-0.7231413 -1.35529 1.30808 -0.08208454 0.792673
-0.5673481 -0.5632243 1.417345 -0.06709039 0.3906925
-0.3734625 -0.5720856 0.8275474 0.3809587 0.7062598
-0.217997 -0.6387812 0.8286096 0.6314674 0.7082462
-0.2800105 -0.6443191 0.8430632 0.5242642 0.7143149
-0.2063009 -0.4379444 1.64495 0.3168155 0.2261845
0.04144895 -0.3744047 1.454085 0.6589007 0.2240796
0.05302602 -0.630892 1.256424 0.7200986 0.4377922
-0.255097 -0.6424783 0.8215417 0.5773649 0.7244495
-0.0305174 -0.6395661 1.144224 0.6872562 0.4956816
-0.3876086 -0.5297323 1.354152 0.1775324 0.379109
-0.5130736 -0.5703095 1.449957 0.00409168 0.3787721
-0.5151206 -0.5691251 1.465355 -0.0003163218 0.3727651
-0.4300045 -0.5564818 1.37366 0.1208924 0.3918672
-0.5790735 -0.6741535 1.190587 -0.04127026 0.5609422
-0.3840447 -0.5584412 1.109257 0.2492583 0.5072961
-0.3060454 -0.5399042 1.332052 0.2888103 0.3872787
-0.2582741 -0.4411554 0.9635284 0.5191747 0.4896777
-0.2778103 -0.661448 0.8753046 0.5068665 0.698969
-0.2771577 -0.6626467 0.8762261 0.5071954 0.6988142
-0.6007379 -0.7820857 1.198547 -0.04778242 0.6170493
-0.3486085 -0.5391316 1.170982 0.2808625 0.4590579
0.04274046 -0.2090561 1.462022 0.6890949 0.1018723
0.04255992 -0.2102418 1.462729 0.6882343 0.1026826
-0.2012177 -0.5142449 1.612234 0.3309951 0.2790494
-0.5279585 -0.5634664 1.389402 -0.01099956 0.3982817
-0.224623 -0.6673867 0.9233109 0.5578499 0.6580671
-0.274339 -0.6549212 0.8295344 0.5396111 0.7295756
-0.2448645 -0.5152492 0.9577397 0.5325637 0.5455453
0.1966531 -0.4162813 1.459376 0.8052984 0.2443058
0.06366539 -0.2172755 1.440671 0.7236694 0.1126083
-0.03518629 -0.645046 1.186765 0.6586799 0.4809507
-0.3597892 -0.5490325 1.540721 0.1749044 0.3265461
-0.4538172 -0.589269 1.63021 0.05847204 0.3284329
-0.5876265 -1.053433 1.161487 0.02487743 0.750325
-0.5972805 -1.059598 1.184832 0.01197708 0.7414821
-0.1712244 -0.4612783 1.335351 0.4573109 0.3261518
0.001182497 -0.6231437 1.271668 0.6599698 0.4324321
-0.1046955 -0.4029133 1.555958 0.4548128 0.2222207
0.09034842 -0.5934955 1.3745 0.7064434 0.3748598
-0.2386452 -0.5560185 0.9239889 0.55558 0.5936521
0.04858875 -0.6238443 1.334108 0.6787088 0.4070305
-0.02665371 -0.5891165 1.296076 0.6245331 0.4071434
-0.02649879 -0.5897565 1.297042 0.6241441 0.4071438
-0.04036415 -0.5840535 1.291765 0.6125174 0.4069347
-0.04087722 -0.5821216 1.290133 0.6130222 0.406472
-0.2357968 -0.5523162 1.595052 0.2993847 0.3065816
-0.07863367 -0.4556639 1.359787 0.5572101 0.3090023
-0.006367505 -0.6014675 1.275806 0.6538342 0.4197028
-0.01225197 -0.6405296 1.211096 0.6723394 0.4662952
-0.3122856 -0.6707171 0.9946723 0.3973474 0.6300597
-0.06154662 -0.6450477 1.113392 0.6671274 0.5161071
-0.054324 -0.640535 1.114995 0.6756024 0.5120403
-0.420189 -0.5479691 1.815651 0.06774721 0.2571339
-0.2470808 -0.5465204 1.595954 0.2871516 0.3036355
-0.4290971 -0.5429734 1.828582 0.05651397 0.2518139
-0.470405 -0.6530135 1.085959 0.1337782 0.5912062
-0.4521382 -0.6651045 1.09037 0.1616494 0.5926465
-0.4474235 -0.7663487 1.066799 0.1844203 0.6595125
-0.4477625 -0.7718989 1.088701 0.1792713 0.6494135
-0.4396382 -0.7648027 1.074351 0.1933025 0.6529433
-0.3790047 -0.5480728 1.244322 0.2171298 0.4345536
-0.2243116 -0.5282564 1.302439 0.4006517 0.384614
-0.1259037 -0.459777 1.303204 0.5263629 0.3332152
-0.08823091 -0.4520922 1.552138 0.4702786 0.2532426
-0.06321365 -0.6496308 1.100012 0.671513 0.5250744
-0.2452278 -0.5343492 0.9627267 0.5261206 0.5554791
-0.100332 -0.4929481 1.554866 0.4539162 0.2773076
-0.3271143 -0.5902719 0.7801604 0.4909927 0.7475116
-0.3193346 -0.5755936 0.8242668 0.4796912 0.6977972
-0.2391396 -0.6342022 0.7777852 0.6345721 0.7519846
-0.3248173 -0.5609912 0.9717985 0.3939138 0.5808476
-0.2562854 -0.5287154 0.9229484 0.5330009 0.5793955
-0.2752737 -0.5324084 1.305348 0.3358489 0.3902287
-0.2409409 -0.4731392 1.337827 0.3691879 0.3376811
0.1313227 -0.5455166 1.233975 0.8347235 0.3921567
-0.3946919 -0.5642285 0.7830211 0.3645086 0.7475617
-0.2629334 -0.6530917 0.8694417 0.5341623 0.695438
-0.1394164 -0.6665726 0.8908522 0.6968272 0.6629934
0.1488006 -0.6161821 1.221625 0.8402031 0.434595
-0.1095538 -0.5968587 1.098644 0.6267856 0.5014206
-0.5312234 -0.5784082 1.880619 -0.04788285 0.2625403
-0.6021262 -0.7784998 1.169265 -0.04838729 0.6315645
-0.3632822 -0.5686582 1.285155 0.2290531 0.4284954
-0.4618565 -0.7643057 1.084689 0.1598653 0.6503247
-0.551475 -0.5767306 1.151077 -0.01839852 0.5195251
-0.4505354 -0.6625697 1.06715 0.1693867 0.6046468
-0.05188829 -0.5711566 1.282136 0.6063786 0.4039959
-0.3621603 -0.5041358 1.587309 0.1596388 0.286732
-0.2914215 -0.5469853 1.538361 0.2527034 0.322294
-0.332454 -0.5609858 1.534739 0.2081452 0.3336918
0.152003 -0.604743 1.210346 0.853351 0.4323162
-0.2184328 -0.4130587 1.661806 0.2991243 0.2073261
-0.03310281 -0.6285365 1.182048 0.6665754 0.4737176
-0.4082686 -0.5752676 0.8011218 0.3286535 0.7412829
-0.3337009 -0.5640364 1.378694 0.2426145 0.3869485
-0.158906 -0.5497034 1.27984 0.4872314 0.4009475
-0.4407029 -0.661681 0.8345702 0.256714 0.7707632
-0.233879 -0.6408972 0.8282017 0.6066895 0.7133739
-0.2807592 -0.6285302 0.9156643 0.4847698 0.6520103
-0.1449581 -0.5520768 1.27609 0.5051039 0.4026374
-0.249414 -0.6412432 0.8251666 0.5842699 0.7195415
0.2721987 -0.1696566 1.598979 0.8652593 0.05088151
-0.5771494 -0.5715389 1.359287 -0.07538652 0.4197127
-0.3998069 -0.5690044 0.7818884 0.3549396 0.7531737
0.150861 -0.6147051 1.386452 0.7542036 0.3783808
-0.4072095 -0.5649138 0.7826749 0.3400162 0.7519619
-0.5573141 -0.5743233 1.375377 -0.04787141 0.4130816
-0.2480858 -0.6467592 0.8623776 0.5620942 0.693903
-0.2573416 -0.6639625 0.774192 0.600453 0.7761278
0.1300541 -0.6127639 1.170173 0.8530276 0.4540124
0.1463059 -0.5858333 1.219588 0.8474007 0.4190055
-0.3476678 -0.5904911 0.8497887 0.4143016 0.6928852
0.1245796 -0.6185309 1.204872 0.8248713 0.4442211
0.1108881 -0.6616525 1.337425 0.730703 0.4207088
0.137858 -0.6159312 1.233445 0.8224278 0.4310529
-0.07142121 -0.5280501 1.25959 0.6018475 0.3882946
-0.02935356 -0.5683852 1.304788 0.6208937 0.3925363
0.2322231 -0.4260806 1.487282 0.8217255 0.2422826
0.0124284 -0.3449811 1.464978 0.6272442 0.2023771
0.1793832 -0.4340504 1.423738 0.8034995 0.2648197
-0.1372727 -0.4202169 1.550048 0.420335 0.2357116
0.02449214 -0.5264607 1.407916 0.6368284 0.3314903
-0.2646101 -0.4841938 0.9652481 0.5013169 0.5220231
-0.2738186 -0.4977924 0.9602987 0.487385 0.5364381
-0.4189894 -0.5755858 0.7620738 0.3269177 0.782721
0.1608407 -0.6012089 1.199632 0.869854 0.433625
-0.4225373 -0.5940628 0.7725365 0.314779 0.7845719
0.09105116 -0.5917987 1.059513 0.8903791 0.4933496
0.1302975 -0.5787765 1.129763 0.8898162 0.4512465
0.03253388 -0.6511238 1.221363 0.7126669 0.4636234
-0.01786202 -0.618154 1.210113 0.6710385 0.455039
-0.232113 -0.6538469 0.8808359 0.5737954 0.6811321
-0.2216479 -0.4435832 1.658882 0.2968652 0.2268521
-0.3733304 -0.5385012 1.12752 0.2585641 0.4831952
-0.4555469 -0.6597241 0.7923433 0.2455429 0.8125679
-0.3777774 -0.5576215 1.232756 0.2225525 0.4455977
-0.3615542 -0.5298321 1.161612 0.2647739 0.4589345
-0.4973579 -0.5597336 1.136041 0.06699845 0.509131
0.04464465 -0.5010498 1.438036 0.6478163 0.3069605
-0.009625673 -0.2947626 1.474167 0.6064041 0.165174
-0.04346311 -0.1596663 1.343474 0.6618848 0.08265543
-0.2555726 -0.6505095 0.8811849 0.5390147 0.6838697
-0.07623675 -0.5843111 1.189227 0.6217517 0.4500009
-0.2372048 -0.5509638 0.9356045 0.5516985 0.5824406
0.1658756 -0.5648829 1.419152 0.7626975 0.3415695
-0.268101 -0.4591379 1.378988 0.3214504 0.3161255
0.05951422 -0.1999937 1.433959 0.7269468 0.1000193
-0.4018403 -0.562491 1.384491 0.1558598 0.3892315
-0.3820415 -0.5341501 1.171702 0.2319248 0.4592732
-0.1595631 -0.5213761 1.292222 0.4839513 0.3790395
-0.2624257 -0.6467761 0.8262298 0.5619553 0.7248591
0.0557552 -0.595787 1.400549 0.6600968 0.3702195
-0.3941622 -0.545092 1.18603 0.2109782 0.4609509
0.1684982 -0.5803905 1.233517 0.8630157 0.4091752
-0.4451379 -0.554945 1.312926 0.1114856 0.4161716
-0.2056572 -0.5750087 1.303345 0.4206456 0.411006
-0.1490205 -0.5627193 1.269873 0.5018371 0.4117075
0.1417323 -0.5728927 1.300916 0.7993758 0.3838901
-0.2463997 -0.4536726 0.9525932 0.543624 0.5042952
-0.1551411 -0.5625651 1.259835 0.498823 0.4160334
-0.1608881 -0.6599043 0.9928422 0.6075088 0.6001022
-0.2375596 -0.6567735 0.7584665 0.6452584 0.7807339
-0.2263832 -0.6642816 0.7597687 0.6602624 0.7806373
-0.200412 -0.5602813 1.250301 0.4481069 0.4224859
0.06622398 -0.6583753 1.231796 0.7405093 0.46029
-0.1798528 -0.6576377 0.7358742 0.7545717 0.7855998
-0.4133351 -0.5737488 0.7593819 0.3397297 0.7825687
-0.403816 -0.6365306 0.8168575 0.3294679 0.762468
-0.281955 -0.5731738 0.9657307 0.4630142 0.5851415
-0.2604316 -0.5974002 1.288098 0.3591749 0.4348334
-0.2415881 -0.6626719 0.7558144 0.6391162 0.7873091
-0.4265957 -0.6043522 0.7815571 0.3027535 0.783057
-0.2582466 -0.6607111 0.7649751 0.6060255 0.7826642
