-0.5103679 0.010143 0.1409288 
0.99946 1
0.99946 0
0.0005400776 1
0.0005400777 0
369
-0.2268907 -0.470578 0.9311826 0.5155197 0.2800879
0.3382972 -0.6411498 1.142856 0.9979789 0.2743522
0.1659717 -0.5911978 1.164342 0.8397316 0.2498207
0.1431319 -0.5771599 1.208157 0.7997933 0.2300292
0.1329784 -0.6528006 0.9989306 0.8749826 0.3418205
0.1502823 -0.6154064 1.2205 0.7921862 0.2477143
0.1300665 -0.536691 1.227386 0.787378 0.2013026
0.1177036 -0.5840226 1.021748 0.8671145 0.2951432
0.09198049 -0.588605 1.053865 0.8211336 0.2883594
0.08483419 -0.5769338 1.07544 0.8054972 0.274487
0.06072101 -0.5305011 1.418671 0.6418337 0.1516213
-0.009251744 -0.6201106 1.173279 0.6536385 0.2734362
-0.02752504 -0.5672954 1.297072 0.5949563 0.207323
-0.05163246 -0.5589486 1.300379 0.5702034 0.2025579
-0.08236045 -0.6295652 1.12404 0.5946856 0.2996581
-0.1444773 -0.4713086 1.555912 0.4048844 0.09146881
-0.1422199 -0.4609621 1.285158 0.486617 0.1481188
-0.1981204 -0.4923504 1.294425 0.4190726 0.1687508
-0.2464676 -0.4714693 1.334365 0.3530074 0.1459004
-0.2304836 -0.4920603 0.9038533 0.5203599 0.30849
-0.2353315 -0.5519052 0.9156026 0.5025915 0.3457041
-0.1650161 -0.6418546 0.2375138 1.086072 0.9171711
-0.3111401 -0.5797746 0.9694015 0.3794607 0.3470964
-0.3196991 -0.5992609 0.9843265 0.3635512 0.3537918
-0.1893462 -0.6448739 0.2462516 1.026234 0.916068
-0.2332876 -0.6449013 0.302758 0.8796043 0.8607426
-0.266569 -0.6488659 0.337993 0.7810886 0.8321483
-0.3170786 -0.652154 0.4831311 0.580937 0.7003638
-0.278328 -0.6475617 0.3482561 0.7504421 0.8236041
0.1695823 -0.5700322 1.057871 0.9057271 0.2709327
0.1268207 -0.6024451 1.005575 0.8801911 0.3112177
0.1278098 -0.6425045 1.002686 0.8706654 0.335117
0.06801239 -0.6315458 1.298472 0.678689 0.2386533
0.05200329 -0.5151002 1.403604 0.6411935 0.1463213
-0.04255655 -0.5684249 1.293564 0.5808393 0.209631
-0.2741728 -0.5269253 1.287739 0.3343316 0.1964062
-0.2891653 -0.5458851 0.9705358 0.4090121 0.3222275
-0.1912467 -0.6437158 0.2653645 1.000874 0.8916587
-0.233474 -0.6507762 0.2855304 0.8935056 0.8844244
-0.1043935 -0.660679 0.7939427 0.7140386 0.4580159
-0.2320233 -0.6475474 0.2936677 0.8897678 0.8725047
-0.04906413 -0.6379943 1.131885 0.6259981 0.2995632
-0.2157792 -0.6481802 0.3885107 0.8294958 0.7623813
-0.234414 -0.6443859 0.3054938 0.874993 0.8576068
-0.2904128 -0.6492389 0.3599503 0.7171841 0.8150505
-0.3415903 -0.654017 0.5151902 0.5194888 0.678827
-0.2734564 -0.6530809 0.4821734 0.6564126 0.6913344
-0.3021951 -0.6487843 0.3719153 0.6855488 0.805231
0.01732662 -0.6097296 1.2238 0.6620384 0.2505373
-0.351615 -0.6511913 0.5108609 0.5047483 0.6833689
-0.303163 -0.6472757 0.3540965 0.6982886 0.8247265
-0.3154421 -0.652507 0.3872162 0.6479257 0.7944222
-0.3292141 -0.6545045 0.3997724 0.6126356 0.786096
-0.3405526 -0.5979614 0.5213438 0.525582 0.6409061
-0.2082556 -0.6480137 0.2821645 0.9468662 0.87854
-0.3406639 -0.5304891 0.5212516 0.5358419 0.5969136
-0.3384087 -0.6512235 0.4083312 0.5903103 0.7781498
-0.3307591 -0.4127514 0.566739 0.5466814 0.4609773
-0.4004261 -0.5602218 1.629153 0.1402897 0.1353065
-0.2860261 -0.6534705 0.3621138 0.7221566 0.8132957
-0.3527916 -0.6539024 0.4233178 0.5530927 0.7680707
-0.3828554 -0.4495463 0.6648946 0.3824201 0.4275658
-0.2373863 -0.5119178 1.614369 0.3006769 0.1060917
-0.2396214 -0.5089144 1.610892 0.2990388 0.1050779
-0.3219235 -0.6532743 0.4809809 0.5735579 0.7040812
-0.06125 -0.61501 1.184126 0.5960734 0.2701613
-0.3381474 -0.5396966 1.136458 0.2955729 0.2568663
-0.2853903 -0.6455681 0.3289334 0.7544039 0.8473474
-0.3110799 -0.6538732 0.3867608 0.6560493 0.794279
-0.07122347 -0.6582357 0.6939254 0.8163103 0.5067185
-0.422436 -0.6561024 0.5642313 0.3554577 0.6564797
-0.3250595 -0.6059057 0.9842791 0.3566224 0.3584616
-0.2474298 -0.6481301 0.3071069 0.8465483 0.8617474
-0.1144013 -0.4706823 1.545886 0.4372913 0.09249723
-0.3433189 -0.43947 0.5256049 0.5437312 0.5229793
-0.4434502 -0.6588442 0.6454173 0.2903875 0.598801
-0.4408008 -0.6605039 0.6460078 0.2947299 0.5988214
-0.3084918 -0.6505994 0.3547598 0.6863865 0.8272224
-0.3708407 -0.6231479 0.5444842 0.4560892 0.6428772
-0.327542 -0.650079 0.3998158 0.6168285 0.7833829
-0.3414891 -0.526441 1.086086 0.3035105 0.2665642
-0.3385925 -0.4103852 0.5633261 0.5329401 0.4631678
-0.3496417 -0.6544004 0.4227998 0.5592178 0.7679658
-0.4171084 -0.6630594 0.4891258 0.397267 0.7253736
-0.429325 -0.6539222 0.4955463 0.3718063 0.7176186
-0.1653808 -0.4512469 1.319401 0.4498192 0.1333011
-0.1623743 -0.4541936 1.321295 0.4524857 0.1347216
-0.4301408 -0.6559936 0.482238 0.3762133 0.731583
-0.4443802 -0.6659041 0.5178737 0.3350101 0.7071049
-0.2674357 -0.5796211 0.9883886 0.4306488 0.3349594
-0.4570306 -0.6576515 0.5198343 0.3105187 0.704003
-0.4567198 -0.6631606 0.5109643 0.3148474 0.7150191
-0.372906 -0.6494598 0.4148767 0.5208894 0.7803841
-0.2836732 -0.6564479 0.4817756 0.6384553 0.6958947
0.1817353 -0.4367356 1.438274 0.7644787 0.08721238
-0.4839895 -0.6730884 0.7301579 0.2023079 0.5551454
0.09303811 -0.6506795 1.270817 0.7098072 0.2553606
-0.4099095 -0.6549767 0.4553993 0.4272189 0.7519776
0.1826601 -0.5576929 1.419438 0.7492883 0.1629933
0.1302415 -0.5762004 1.117198 0.8316089 0.257652
-0.2370086 -0.6572418 0.8915735 0.5008964 0.4228162
-0.2382011 -0.5380189 0.8907274 0.5105183 0.3480012
-0.3289134 -0.6512248 0.51791 0.5402136 0.6720746
0.3528705 -0.5218734 1.292619 0.969385 0.1667212
0.3891989 -0.578878 1.294173 0.9826993 0.1971408
0.3880506 -0.5837428 1.271459 0.9919503 0.2055478
0.3729686 -0.5155452 1.295079 0.9880899 0.1617332
-0.3537154 -0.5644275 0.5224813 0.5051403 0.6217502
-0.4549234 -0.6668333 0.506239 0.3202329 0.720885
-0.3642702 -0.6473811 0.2777387 0.6360617 0.9426224
-0.3289683 -0.6394678 0.4012348 0.615771 0.7769817
0.1061951 -0.6323622 1.028551 0.8373359 0.3216301
-0.1615529 -0.6518951 0.3002835 1.010612 0.8429438
0.3538867 -0.5014029 1.297732 0.9740914 0.1533993
-0.3781189 -0.5474029 1.183734 0.235003 0.2479784
-0.3738964 -0.5510672 1.229802 0.2311269 0.2347814
0.1888 -0.5737802 1.070872 0.9169192 0.2676941
0.3988444 -0.5618759 1.30558 0.9904441 0.1846253
-0.006257653 -0.6031345 1.260432 0.625245 0.2372977
0.3754386 -0.5793507 1.300705 0.9673436 0.1963209
0.3785144 -0.4085403 1.363659 0.9911347 0.08063757
-0.2428925 -0.5557584 0.911632 0.4936261 0.3508166
-0.244328 -0.557866 0.9177421 0.4890113 0.3495715
-0.3714946 -0.5403518 1.116938 0.2575197 0.2665634
0.1566311 -0.5690148 1.183541 0.8268395 0.2317634
-0.04649663 -0.6099384 1.204982 0.6042473 0.2598654
-0.3295692 -0.6530401 0.3113868 0.6789805 0.8872808
-0.3272602 -0.6536219 0.3093169 0.6851585 0.8893002
-0.3155186 -0.6492469 0.26763 0.747683 0.9378361
-0.22018 -0.5156123 1.619811 0.3165159 0.1067562
0.00806278 -0.5965185 1.214955 0.6583121 0.2461338
0.3895705 -0.5579277 1.219621 1.029989 0.2045208
-0.1214217 -0.6471454 0.3048646 1.079883 0.8228611
-0.247555 -0.5297908 1.30058 0.3613598 0.1933271
-0.3934853 -0.5130657 0.594932 0.3944686 0.5329643
-0.04358664 -0.5331478 1.314621 0.5762196 0.1828533
-0.4658037 -0.649496 0.373907 0.3553945 0.8562391
-0.4564064 -0.6547386 0.3618345 0.3815579 0.870106
-0.4850839 -0.6629921 0.7841943 0.1866639 0.5152575
0.3991649 -0.5053591 1.312072 1.005549 0.1508805
0.1525082 -0.6611852 1.003325 0.8900546 0.3433169
-0.3411018 -0.6490119 0.2935528 0.6714916 0.912822
0.08470681 -0.6046579 1.441801 0.6456418 0.1868712
0.4378162 -0.5614296 1.337357 1.007351 0.1754118
-0.05161926 -0.6365517 1.167183 0.6097815 0.2872282
0.3799304 -0.5813592 1.134817 1.061733 0.2417238
0.3887039 -0.5869891 1.142359 1.063136 0.2422608
0.002224147 -0.6493341 0.4697709 1.099518 0.639481
-0.1774503 -0.6540181 0.3584751 0.9211041 0.7852087
-0.279513 -0.5451716 1.13421 0.3695723 0.2575087
-0.4056306 -0.5358698 1.623649 0.1326078 0.122457
-0.4985213 -0.6568642 0.5428001 0.2253028 0.6928135
-0.379528 -0.6531073 0.4148416 0.5076709 0.7841671
0.3760709 -0.5451035 1.300489 0.9785491 0.177317
0.1235209 -0.6093387 1.20356 0.775466 0.2506753
0.2090897 -0.5780793 1.077323 0.9324089 0.2669145
-0.2699024 -0.6490602 0.3196539 0.7911259 0.8547457
-0.3955126 -0.6169423 0.5835571 0.3944676 0.6122389
0.3689791 -0.4247808 1.299978 1.012513 0.1049598
-0.03816873 -0.4737833 1.339478 0.5795727 0.1390172
-0.4753212 -0.6539999 0.4935667 0.2855332 0.7314092
-0.301428 -0.6480745 0.2843127 0.7617025 0.9096286
-0.3743809 -0.5477757 1.357929 0.206299 0.1940551
0.4103026 -0.5563764 1.206683 1.056427 0.2061703
0.371849 -0.5796682 1.146246 1.048211 0.2378737
-0.2192928 -0.6486604 0.3106414 0.8959454 0.8483477
-0.2513171 -0.5439225 1.160956 0.395952 0.2457907
-0.3801415 -0.5426172 1.531025 0.172071 0.1465961
-0.01607293 -0.6359496 1.154271 0.6517859 0.2888798
-0.4458959 -0.6508898 0.6057119 0.2989113 0.6249285
-0.4590003 -0.6536431 0.4273829 0.3446533 0.7945517
-0.4574504 -0.6589591 0.4275004 0.3479025 0.7965606
-0.4366659 -0.6564568 1.05916 0.19745 0.367144
0.4414939 -0.5635355 1.20968 1.079653 0.2080827
0.4669575 -0.5681378 1.245595 1.079427 0.2003111
0.3780414 -0.5101897 1.315763 0.9833224 0.1535274
0.4886137 -0.5652646 1.319902 1.057717 0.1797984
-0.1816845 -0.6478116 0.2567156 1.026186 0.900861
-0.3858977 -0.4485419 0.6544669 0.3814165 0.4346452
-0.3995256 -0.6019421 0.5837808 0.3874029 0.6036864
-0.2577082 -0.5707697 0.9451671 0.4594506 0.347028
-0.4080787 -0.654115 0.5901218 0.3698682 0.6313422
-0.5060334 -0.6670824 0.57541 0.2036494 0.6716399
-0.2496555 -0.6501555 0.3229945 0.8261338 0.8445769
-0.1362971 -0.5714821 1.15067 0.5316558 0.2596837
-0.03347203 -0.6328453 1.139017 0.6403139 0.2932613
-0.3389267 -0.6600868 0.5061823 0.5282286 0.6893256
0.4904964 -0.5679846 1.290736 1.074196 0.1881508
-0.2575718 -0.6508307 0.3299763 0.804416 0.8393644
0.3881236 -0.5077779 1.318995 0.9913033 0.1510381
-0.1986176 -0.5389187 0.9469123 0.5397627 0.3198398
0.529847 -0.5775426 1.339963 1.07656 0.1802763
0.0006085932 -0.6522481 0.4533345 1.11147 0.6543368
-0.1577704 -0.6475285 0.2542478 1.074282 0.8952041
-0.1625302 -0.6493405 0.2952917 1.016152 0.8478954
-0.6972221 -1.18266 1.269912 -0.0221262 0.5392655
-0.2783957 -0.5498236 1.136895 0.370198 0.2595235
-0.4936394 -0.6524906 0.5404942 0.2345291 0.6913223
-0.2674761 -0.6545545 0.3187306 0.7941229 0.8574593
-0.4309709 -0.6576108 0.5033696 0.3653882 0.7126955
-0.4143052 -0.659714 0.4736154 0.4098163 0.7376967
0.07487318 -0.6670911 1.238173 0.7028551 0.274414
-0.3357854 -0.5328134 1.083178 0.3120998 0.2715992
0.1461626 -0.5730399 1.02558 0.8986239 0.2852662
-0.4570184 -0.6632784 0.7057864 0.2504099 0.5612465
0.1074754 -0.6073286 1.036228 0.8416075 0.3044704
-0.1765061 -0.6390354 0.248141 1.053067 0.9064311
-0.1558003 -0.6468549 0.3086987 1.015062 0.8292236
-0.4128236 -0.4298571 0.6083842 0.3482868 0.4580696
-0.5179805 -0.6556413 0.5856046 0.1771348 0.6593308
-0.3205069 -0.6553192 0.3697974 0.6503758 0.816306
-0.3251452 -0.6581893 0.4774751 0.5691221 0.7106656
-0.1947197 -0.4559194 1.3383 0.4108214 0.1325976
0.3932078 -0.4100294 1.359488 1.006321 0.08215952
-0.1540795 -0.652346 0.3215307 1.00051 0.8169284
-0.4164168 -0.4660282 0.6298038 0.3327568 0.4729483
-0.4857533 -0.6521019 0.4035938 0.2998222 0.8288615
-0.4168432 -0.5835887 0.6169529 0.3422495 0.5692195
-0.4186211 -0.5795028 0.6161348 0.3392219 0.5675276
-0.3988631 -0.5511218 1.752355 0.1265134 0.1047667
-0.4002227 -0.553002 1.762981 0.1242929 0.1037965
-0.3460306 -0.6553874 0.3835855 0.5916443 0.8089678
-0.01468948 -0.5737732 1.286713 0.6108902 0.2133894
-0.2052492 -0.6394526 0.2751544 0.9659145 0.8825477
-0.240963 -0.6502455 0.3156209 0.849504 0.8503834
-0.04851389 -0.6526296 0.5991597 0.9150696 0.5583066
-0.4361771 -0.6220914 0.7453664 0.2682742 0.5072802
-0.3966703 -0.5713103 0.5799685 0.3946263 0.5865808
-0.4206129 -0.5547717 0.6277326 0.3299342 0.5423097
-0.4458483 -0.6545037 0.7432657 0.2567267 0.5297693
-0.2667449 -0.5197753 0.9193777 0.4600869 0.3247542
-0.5737722 -0.7913935 1.19725 0.03482601 0.3965143
-0.4350965 -0.6430092 0.4727212 0.3710035 0.73531
-0.4553809 -0.6511334 0.3747131 0.3771562 0.8524442
-0.4121321 -0.648423 0.4739107 0.4141079 0.7309268
-0.4972899 -0.6652799 0.5674802 0.2214915 0.6754517
-0.1027093 -0.6592224 0.8695357 0.6775145 0.4201
-0.4009243 -0.4353805 0.5999607 0.3775557 0.4675062
-0.4159182 -0.5994754 0.6181594 0.3439701 0.5783066
-0.4172401 -0.5954639 0.6178353 0.3416187 0.5762661
-0.4518497 -0.6642891 0.3645841 0.3897086 0.8693173
-0.5119517 -0.6883094 0.7342257 0.1594839 0.5656899
0.08846799 -0.6138682 1.062997 0.806107 0.3002024
-0.377509 -0.651983 0.4273322 0.5043082 0.7699586
-0.4319671 -0.6595057 0.4059978 0.4092108 0.8126086
-0.4340132 -0.6497434 0.4036846 0.4065741 0.8111488
-0.270822 -0.6488258 0.2844334 0.822741 0.8984371
0.001452446 -0.6357021 1.260404 0.6284569 0.2550384
-0.1112719 -0.6525082 0.3076376 1.090276 0.8191339
0.06478527 -0.6544392 0.551941 1.105883 0.571757
-0.2545803 -0.4766181 0.9644661 0.4618346 0.2727236
-0.4317238 -0.6621814 0.6419381 0.3112466 0.6010671
-0.5244212 -0.6641402 0.5648352 0.1721591 0.6833527
-0.4030584 -0.6671224 0.5976962 0.3753989 0.6316829
-0.03586099 -0.5916538 1.314755 0.5775627 0.2169393
0.09216216 -0.6853408 0.9789506 0.8340598 0.3702358
-0.4218214 -0.667298 0.601141 0.3425674 0.6328856
-0.4359434 -0.6688295 0.6695184 0.2956972 0.585777
-0.1437771 -0.6506246 0.3099968 1.032362 0.8257143
-0.07802239 -0.473264 1.301301 0.5510371 0.1497593
-0.1373718 -0.666542 0.6369551 0.7605766 0.5559736
-0.2914045 -0.6610865 0.5101063 0.6064998 0.6756394
-0.3193676 -0.6506672 0.2626531 0.7436581 0.946752
0.08790269 -0.6730783 1.266685 0.7027988 0.2685475
-0.240083 -0.5032237 0.9842973 0.4722399 0.2828057
0.09532097 -0.6702365 1.079909 0.790968 0.3252084
-0.3907465 -0.4501364 0.5924714 0.4023857 0.4843953
-0.4204905 -0.5452936 1.796397 0.1005873 0.09357661
-0.4046987 -0.4430803 0.606694 0.3664316 0.4695206
-0.3951936 -0.5548572 1.811075 0.1241412 0.09565866
-0.1490762 -0.4902498 1.598785 0.3896958 0.09440529
0.08579382 -0.5767893 1.095156 0.7965583 0.2677695
0.4192015 -0.4321928 1.348717 1.028105 0.09788263
-0.1609878 -0.6232094 0.9866773 0.5605208 0.3534195
0.222657 -0.5828752 1.344191 0.8114186 0.1934599
-0.2114322 -0.6554961 0.2958999 0.9217148 0.8661672
-0.2658142 -0.6314145 0.8864458 0.4673062 0.4131093
-0.2729122 -0.6541139 0.9534224 0.4329952 0.3961538
-0.2602259 -0.5245493 0.9743998 0.447548 0.3035135
-0.571178 -0.6837032 1.180656 0.01644611 0.3455921
-0.3809938 -0.5088509 1.585893 0.1596205 0.1137522
-0.3996056 -0.5463587 0.569392 0.3944141 0.5791472
-0.3907089 -0.5806082 0.5781162 0.4062323 0.5929302
-0.4240574 -0.6656247 0.6258804 0.3297273 0.6134808
-0.4240555 -0.6508728 0.6256176 0.3291683 0.6052663
-0.4178309 -0.6337084 0.6164567 0.3424559 0.6009653
-0.3926194 -0.5572558 0.5691561 0.4075492 0.5853058
-0.3701358 -0.657331 0.5500332 0.4522281 0.6575531
-0.3622122 -0.5844396 0.5398296 0.4773502 0.6213556
-0.2594863 -0.6629469 0.6380911 0.5841049 0.5733865
0.1438825 -0.6376033 1.024867 0.8766708 0.3231776
-0.410976 -0.6793875 0.5587354 0.3778049 0.6712081
0.2068945 -0.4205678 1.478372 0.7740827 0.06854248
0.02703878 -0.6585992 0.4999824 1.099971 0.6169208
-0.4559043 -0.6561902 0.383564 0.3716682 0.8443748
-0.4645276 -0.6760789 0.6852302 0.2454719 0.5839416
-0.2555519 -0.6288502 0.8660234 0.489089 0.4204224
-0.5014952 -0.6556159 0.5686324 0.2119807 0.6700894
-0.1585598 -0.6588383 0.9858105 0.5595689 0.3742889
-0.1093806 -0.5772331 1.173156 0.5528237 0.2542521
0.06978264 -0.6591707 0.6158599 1.054928 0.5331001
-0.5760304 -1.061203 1.15422 0.08305389 0.5294294
0.1392461 -0.5920118 1.018017 0.8895768 0.2997363
-0.3705541 -0.4369636 0.6146346 0.4323279 0.4517326
-0.3445988 -0.6553476 0.4167566 0.5723145 0.7732233
-0.3085948 -0.5542296 0.9731553 0.381681 0.3284122
-0.5556614 -0.5644179 1.94547 -0.0328753 0.07981908
-0.1909453 -0.6203721 0.6556872 0.6849819 0.5255147
-0.1630346 -0.6122257 1.037837 0.5390801 0.3266711
-0.2825277 -0.5140359 1.70908 0.2401573 0.08956802
0.4064291 -0.558759 1.247007 1.029409 0.1971812
0.3770204 -0.4520946 1.33884 0.9888878 0.113403
-0.3365932 -0.6507617 0.2640679 0.705928 0.9517628
-0.3968671 -0.4534185 0.6596819 0.3577166 0.4368277
-0.2352719 -0.6426568 0.8610943 0.5167092 0.4288648
-0.2097651 -0.524306 0.9442773 0.5276969 0.311914
-0.3814114 -0.4311457 0.6314967 0.4017773 0.435692
-0.2635288 -0.6300109 0.9055988 0.463181 0.4028749
-0.4197106 -0.4534007 0.6352903 0.3230855 0.4587702
-0.1685274 -0.631029 1.024193 0.5359461 0.3435823
-0.2720842 -0.5354484 0.9705968 0.4324295 0.3136312
-0.1141271 -0.4702536 1.40576 0.4778314 0.1230422
-0.4095568 -0.5513685 0.59872 0.3622935 0.5605543
-0.4048429 -0.610234 0.6007714 0.3707306 0.5963638
-0.3745012 -0.6276596 0.5696992 0.4371476 0.6254496
-0.2397186 -0.595197 0.5603151 0.676206 0.585902
-0.2703519 -0.5333299 1.196543 0.3629069 0.2282927
-0.3213385 -0.543934 0.7677625 0.4403069 0.4256572
-0.2296198 -0.6091727 0.83254 0.5401435 0.4222361
-0.4512156 -0.6723532 0.496234 0.3313506 0.732174
-0.4650826 -0.6641091 0.6018319 0.2680814 0.6394203
0.0275338 -0.6433752 1.219732 0.6684391 0.2698654
-0.3617051 -0.518384 1.073471 0.2793562 0.2672098
-0.3164838 -0.410394 0.5603833 0.5816303 0.4613299
-0.3691687 -0.6548551 0.4419757 0.5111027 0.7542132
-0.405378 -0.477592 0.5919705 0.3725339 0.5103357
-0.2584675 -0.5346839 0.9320894 0.4656363 0.3287011
-0.1068456 -0.6693988 0.9178194 0.6477506 0.4044296
-0.1110918 -0.6463053 0.3173468 1.084058 0.8056071
-0.2030881 -0.6467431 0.6535203 0.6621125 0.5445096
-0.1472187 -0.6488681 0.6387339 0.7509091 0.5463697
-0.2546278 -0.4859831 0.9658311 0.4606503 0.279097
-0.1773565 -0.6548194 0.5568647 0.7591181 0.6116424
-0.3369393 -0.6591734 0.3878093 0.605215 0.8034128
-0.2973582 -0.6581267 0.4394423 0.6425208 0.7392082
-0.131926 -0.6497373 0.2903839 1.076293 0.8437767
-0.4327008 -0.6723617 0.6195158 0.317917 0.6237304
-0.47147 -0.6648954 0.3855195 0.3385229 0.8511716
-0.2675118 -0.5181268 0.929817 0.4549686 0.3189591
-0.4602953 -0.6612076 0.3731119 0.3676901 0.8605537
-0.2503369 -0.5661888 0.9234961 0.4779646 0.3530429
-0.3184849 -0.4608495 0.5220055 0.5936489 0.5386279
-0.3390972 -0.5027477 0.5313122 0.5371494 0.5675704
-0.4352776 -0.7681955 1.069031 0.2097779 0.4237602
-0.4675723 -0.6550846 0.3786771 0.3495116 0.8536031
-0.1831482 -0.5361623 1.050391 0.5173692 0.2754444
-0.4849822 -0.6768003 0.5362981 0.2550625 0.706054
-0.3160404 -0.4249047 0.545957 0.5897497 0.4865208
0.3629027 -0.6332024 1.148865 1.019478 0.2669879
-0.2594413 -0.6529593 0.2651568 0.8625321 0.9208848
-0.3334068 -0.6514581 0.3036583 0.678105 0.8978177
-0.4106426 -0.5600816 0.666892 0.3329118 0.5152394
-0.3309404 -0.6600274 0.4549879 0.5722359 0.7340348
-0.4897531 -0.6629036 0.5583264 0.2376319 0.6803322
-0.4568989 -0.776705 1.092395 0.1812299 0.4203975
-0.2805526 -0.6528783 0.3184898 0.7699229 0.861418
-0.711159 -1.327729 1.288749 -0.009777784 0.5791613
-0.3085188 -0.5126383 0.5540664 0.5793896 0.5489229
-0.2242292 -0.6550054 0.92712 0.5034653 0.4036793
