-0.1480287 -0.01571726 0.03233758 
0.99946 1
0.99946 0
0.0005400776 1
0.0005400777 0
231
-0.01828073 -0.6395944 1.209103 0.4919607 0.2529937
-0.2173041 -0.5039471 1.317811 0.2577301 0.1448957
-0.267912 -0.4817918 1.353537 0.1981491 0.1226312
-0.2581983 -0.5170094 1.633694 0.2232712 0.08638573
-0.1821339 -0.4660533 1.349376 0.2932619 0.1116706
-0.2816524 -0.66645 0.8749458 0.1889359 0.4027322
-0.2598081 -0.6604326 0.8268087 0.2152938 0.4213014
-0.02420242 -0.6371676 1.215567 0.4848355 0.2498333
-0.2842061 -0.6467531 0.928288 0.1848925 0.3669813
-0.2547513 -0.569466 0.937125 0.2103354 0.3126495
-0.2494162 -0.6570989 0.797178 0.2281715 0.4337807
-0.1440075 -0.6825936 0.9154602 0.3719084 0.388081
-0.1018205 -0.6444146 1.145675 0.4054865 0.2777992
-0.05962503 -0.5961527 1.317979 0.4367709 0.198446
0.1291568 -0.5890568 1.233244 0.6501102 0.2129797
-0.2701719 -0.5644706 0.9379658 0.1879844 0.3094978
0.002377942 -0.6223736 1.278938 0.5060274 0.222648
-0.04276852 -0.5800681 1.323303 0.4538155 0.1872807
0.07697406 -0.6018093 1.075321 0.6222252 0.2705991
-0.0733494 -0.6109467 1.23804 0.428956 0.2293185
0.002481431 -0.546158 1.475894 0.485166 0.1308214
0.05157675 -0.6294953 1.339993 0.5486655 0.2093381
-0.189033 -0.6841055 0.8717538 0.3154221 0.4105097
0.122876 -0.6730125 1.027468 0.6785644 0.3280511
-0.2128592 -0.6708003 0.9799597 0.2820245 0.356864
0.07385197 -0.6314681 1.088154 0.6135083 0.2841974
-0.2644145 -0.5734952 0.9373126 0.1977518 0.3156399
0.3851626 -0.5897303 1.331519 0.8889338 0.1822813
0.3961222 -0.5732157 1.345053 0.8991868 0.1692997
0.3607194 -0.5862043 1.320257 0.8688107 0.1835071
0.1908073 -0.6194275 1.196849 0.7208239 0.2397594
0.1048352 -0.5992752 1.046689 0.6617285 0.278038
0.1761126 -0.5847946 1.095047 0.7354266 0.2507376
-0.2058759 -0.6728638 0.97794 0.2909939 0.3586191
0.1539777 -0.6049458 1.192456 0.683939 0.2334878
0.4273568 -0.5719993 1.367789 0.9229055 0.162681
0.3743428 -0.5960413 1.299551 0.8867382 0.1940823
0.4330963 -0.5648763 1.412546 0.9158122 0.148375
-0.02491307 -0.6524675 1.186245 0.4872738 0.2674232
0.1168217 -0.6606089 1.030068 0.6724634 0.320212
0.4188255 -0.528161 1.384183 0.9194129 0.1333668
-0.1500523 -0.679875 0.6450041 0.381394 0.5290851
0.3738843 -0.5633782 1.234846 0.9151672 0.1916846
0.3947036 -0.5676883 1.269938 0.9237535 0.1846583
-0.2166187 -0.6711692 0.8069551 0.277026 0.4356241
-0.1218783 -0.6818175 0.8125035 0.4084018 0.4345456
0.3731828 -0.5720412 1.254159 0.905754 0.1917973
0.4021602 -0.5682219 1.234903 0.9436696 0.1939851
0.00605464 -0.629065 1.265157 0.5114467 0.2301892
0.359653 -0.5140097 1.329156 0.8805135 0.1381696
-0.2316351 -0.4684972 1.350445 0.2372926 0.1138816
0.4996431 -0.5718445 1.286826 1.023359 0.1807215
0.5076894 -0.4546464 1.396829 1.023389 0.0837118
-0.2099675 -0.5787979 0.9495422 0.2735022 0.3120978
0.4828718 -0.5724227 1.275985 1.010439 0.1841267
0.5050312 -0.5768435 1.34472 1.005414 0.1694487
0.3746242 -0.5955501 1.191494 0.9230303 0.2228704
0.4769036 -0.5749528 1.314933 0.9891495 0.1760392
-0.08740785 -0.6789218 0.5887905 0.486321 0.5615253
0.06580214 -0.5882864 1.092132 0.6068741 0.256951
0.06597348 -0.6764424 0.6518704 0.7062309 0.5095025
-0.08568239 -0.6811071 0.7186002 0.4694647 0.4819594
0.4900638 -0.5717694 1.370661 0.9829242 0.1607653
0.1959142 -0.4342498 1.478765 0.6857708 0.05865109
0.03374229 -0.6780171 0.6124731 0.6698281 0.5371146
0.3530455 -0.6006569 1.20743 0.8935348 0.2218697
0.05516566 -0.641816 1.279169 0.5603947 0.2323226
0.3275056 -0.6604171 1.176487 0.8634253 0.2655315
0.4446568 -0.5694271 1.251971 0.9813071 0.1893083
-0.01508336 -0.6755124 0.4709901 0.634208 0.6427057
0.05952671 -0.6748574 0.5681041 0.7250115 0.5632229
0.1532134 -0.6743943 0.7061334 0.8129551 0.4719538
0.008354872 -0.6753467 0.5149262 0.660144 0.6058644
-0.07229409 -0.6497492 1.140421 0.4394169 0.28174
0.1018875 -0.6741678 0.6242693 0.7696953 0.5230041
0.3838968 -0.6525885 1.136937 0.9375998 0.2717635
-0.05967242 -0.5494909 1.351733 0.4328772 0.1621861
-0.0790282 -0.6757822 0.4001597 0.5387425 0.7115116
0.336892 -0.4986223 1.332358 0.8591808 0.1281713
0.1676938 -0.558402 1.224965 0.6972197 0.1958187
0.3786353 -0.5899701 1.195684 0.9272254 0.21828
0.3758249 -0.6687328 0.9979253 0.9774204 0.3280411
-0.1159388 -0.6220823 1.151224 0.3879882 0.2633393
0.4188922 -0.617797 1.0805 1.007228 0.2686678
-0.2882898 -0.6827228 0.8486362 0.1815346 0.4251572
-0.3042059 -0.6787561 0.8652183 0.1602541 0.4155987
0.071666 -0.6249864 1.096472 0.6099231 0.2776324
-0.09191512 -0.6049528 1.301102 0.4041383 0.2087277
0.2999185 -0.6795197 1.033638 0.8760187 0.323706
0.5028117 -0.5738667 1.194157 1.063852 0.2062198
0.4792231 -0.5791193 1.157928 1.052621 0.2201867
0.497379 -0.5596863 1.192752 1.063457 0.1981235
0.07595223 -0.6599159 1.292539 0.5787653 0.2381262
0.4855654 -0.5787776 1.357434 0.9813855 0.1679245
0.4897303 -0.5775062 1.183427 1.053424 0.2116974
-0.030708 -0.6792111 0.4469034 0.6136795 0.6664733
0.1085485 -0.6808171 0.6281251 0.7766296 0.5240698
-0.247455 -0.6663973 0.8214461 0.2334377 0.4269692
0.03119658 -0.6751309 0.4055764 0.7403877 0.6953262
-0.05801623 -0.5669709 1.341035 0.4359169 0.1753153
-0.2372654 -0.6816752 0.9328263 0.2522589 0.3838122
0.2150818 -0.5661118 1.220529 0.7489096 0.2007161
0.435638 -0.6526254 1.016156 1.042107 0.3103253
0.2089691 -0.6313371 1.114647 0.7598298 0.2714771
0.05062829 -0.676886 0.475881 0.7449656 0.6339775
0.004367724 -0.677101 0.4173962 0.6866224 0.6881688
0.01991898 -0.6386976 1.332004 0.5174475 0.2171856
-0.2521823 -0.6639294 0.8936723 0.2289552 0.3913359
-0.3072345 -0.6715527 0.9909804 0.1643161 0.3563657
-0.3075125 -0.659198 0.8639328 0.1512509 0.4047265
0.07517506 -0.7022665 1.003096 0.625765 0.3551495
-0.1741765 -0.6419722 0.6469094 0.3398353 0.5064782
-0.07832189 -0.6396929 1.191923 0.4280447 0.2598236
-0.2306404 -0.5174969 0.9900185 0.2363983 0.2547958
0.08016475 -0.6766101 0.5473295 0.7651341 0.5773599
0.1468358 -0.6773189 1.029055 0.7051063 0.3291141
-0.2575391 -0.4878724 1.695251 0.2219523 0.05868262
-0.03925723 -0.5612989 1.387151 0.4514782 0.1603645
0.0846846 -0.6726404 0.4696909 0.8066777 0.6337464
0.04718864 -0.6727124 0.538002 0.716522 0.5842136
0.1253366 -0.6715361 0.5211114 0.8504738 0.5901045
0.4583544 -0.5793353 1.151263 1.032915 0.222761
0.5048984 -0.5694298 1.167315 1.079331 0.2110038
0.3788072 -0.6630302 1.00617 0.9791532 0.3216938
0.4353334 -0.6206639 1.029287 1.046886 0.2870158
0.3647635 -0.5568439 1.322731 0.8783699 0.1656384
-0.2448081 -0.6804567 0.9185136 0.2420545 0.3896502
-0.2967966 -0.5537868 0.9891724 0.1528394 0.2826032
-0.09630395 -0.6521166 1.148316 0.4118254 0.2812112
-0.2470094 -0.6710981 0.6653206 0.2294129 0.5171496
-0.2560217 -0.6793076 0.5180458 0.2090172 0.6267558
0.2256153 -0.6189497 1.125945 0.7772751 0.2601504
0.3470965 -0.4574963 1.336125 0.8777875 0.100569
0.4369056 -0.5500329 1.413393 0.922577 0.1395761
0.03172047 -0.6754553 0.4012293 0.7431209 0.6994682
0.4140765 -0.6263316 1.130223 0.9794197 0.2580615
-0.3039278 -0.5732712 0.9761248 0.1464256 0.3010927
-0.2368428 -0.664646 0.648384 0.2435686 0.5233982
0.3236114 -0.6722752 0.8680817 0.969719 0.3836522
-0.2196061 -0.6589181 0.6425855 0.2698324 0.5225732
0.1688119 -0.6740214 0.5810151 0.8894432 0.5465512
0.1257083 -0.6159555 1.217357 0.6469916 0.2333809
0.4264565 -0.5707887 1.229199 0.9705314 0.1965262
0.3437455 -0.6721631 1.054684 0.9189025 0.310838
0.4301453 -1.078797 0.8137058 0.988067 0.588849
-0.2440788 -0.5288897 0.9723546 0.2191684 0.2700877
0.1615024 -0.6829975 1.02018 0.723294 0.3350692
0.2025235 -0.6873543 0.9523664 0.7892157 0.3620137
0.1633593 -0.6670856 0.8121733 0.7901103 0.4128129
0.05027057 -0.6814052 0.4664162 0.747092 0.6442528
0.06716305 -0.6914093 0.5544134 0.7384808 0.5817567
0.1155137 -0.6808327 0.6961958 0.7620872 0.4833251
0.08789782 -0.6208072 1.19445 0.6101319 0.2438474
-0.03736683 -0.6839333 0.3596415 0.6284396 0.7513382
-0.1940826 -0.6819253 0.578804 0.3152121 0.5777642
-0.2169192 -0.5529729 0.9903411 0.2607394 0.2789006
0.01092015 -0.6738939 0.367866 0.7191133 0.7327307
-0.1570554 -0.6787904 0.6484482 0.3702502 0.5267056
-0.141372 -0.6057809 1.121809 0.3589838 0.2638203
-0.136015 -0.6804249 0.6804387 0.3998063 0.5066456
-0.2437458 -0.5460517 1.332073 0.2340095 0.168538
-0.1402642 -0.4740465 1.371925 0.3404787 0.111174
0.1194989 -0.6592125 1.342018 0.6143785 0.2235872
0.01737614 -0.6672788 0.3306935 0.7499307 0.7668761
-0.2510694 -0.5582849 1.003711 0.2162788 0.2785336
-0.2203309 -0.6164334 1.001511 0.2655158 0.3159103
-0.2520072 -0.6810865 0.603363 0.2208216 0.5641564
-0.1381804 -0.6772375 0.3231045 0.4387879 0.7983099
-0.2910739 -0.5547569 0.9612741 0.15857 0.2940947
0.1643016 -0.4434147 1.463823 0.6554034 0.0677861
-0.2418431 -0.6739276 0.5406611 0.2335262 0.6048557
-0.2605561 -0.4609275 1.004093 0.1841805 0.2085844
0.05926251 -0.6770321 0.5570223 0.7281269 0.5722376
-0.1957531 -0.6846867 0.3802347 0.3191019 0.7477725
-0.200331 -0.6801106 0.3786959 0.3094594 0.7474424
-0.2255951 -0.6798186 0.9743136 0.267283 0.3648564
-0.1654194 -0.6593878 0.6572878 0.3549416 0.5100795
-0.1843159 -0.6718292 0.6593854 0.3268647 0.5174095
-0.2570814 -0.6735868 0.9795352 0.2270787 0.360313
0.3586122 -0.674136 1.142904 0.9035981 0.2825472
-0.2928697 -0.6430196 0.9739675 0.1757558 0.3458141
-0.254685 -0.6639889 0.6864137 0.2169886 0.5003265
-0.250798 -0.6811463 0.3230369 0.206124 0.8139115
-0.1449829 -0.6791766 0.314795 0.4262068 0.8094798
-0.2782606 -0.5086038 0.9747679 0.1672559 0.255753
-0.1976842 -0.5406048 1.315605 0.2840748 0.1684345
-0.1724274 -0.6769509 0.3267193 0.3680588 0.7981981
-0.09898788 -0.6773077 0.3732907 0.5069728 0.740656
0.3314269 -0.6610097 1.200271 0.8600116 0.2586952
-0.01039797 -0.6757017 0.4905613 0.6361868 0.626548
0.08137216 -0.675509 0.5919412 0.7502512 0.5459799
-0.2677892 -0.6715682 0.830514 0.2064589 0.4265095
-0.2859131 -0.6314413 0.7022083 0.1618879 0.4724782
-0.2502086 -0.6856993 0.3146789 0.2080491 0.8256899
-0.2815687 -0.674276 0.5189729 0.1628723 0.6252243
-0.1401097 -0.6792067 0.3236685 0.4348398 0.7988803
-0.1547512 -0.6784599 0.302288 0.4076247 0.8248198
-0.2549485 -0.662906 0.6283034 0.2133915 0.5366691
-0.2696462 -0.6785095 0.9693128 0.2117024 0.3678394
0.1831606 -0.6579074 0.7404283 0.8453922 0.4421526
0.05764028 -0.6410111 1.194734 0.5759833 0.2561606
-0.07020126 -0.6779953 0.4020174 0.5546143 0.7100694
0.06231622 -1.2419 0.4498059 0.6740085 0.8629118
0.05466472 -1.208837 0.408305 0.6788977 0.8844929
-0.2836338 -0.6868802 0.5175663 0.1626483 0.6336888
-0.1292332 -0.6732071 0.3212917 0.4573119 0.7972772
-0.06133035 -0.6968723 0.6360047 0.5181949 0.5390044
-0.07796224 -0.7018403 0.700674 0.4831264 0.5037194
-0.149312 -0.6721507 0.3040646 0.4183587 0.8190159
0.07848257 -0.6532275 0.4063864 0.8328555 0.677814
0.05147007 -1.164257 0.4467396 0.6713521 0.8460813
0.02939934 -0.7134268 0.4661844 0.7049022 0.6636151
-0.2259967 -0.6775338 0.2991272 0.2565529 0.8371993
-0.1605368 -0.6726308 0.3254869 0.3922317 0.7960131
0.02061585 -0.6629065 0.4695936 0.6988822 0.6336137
0.09891598 -1.128039 0.3533963 0.7625488 0.9027138
0.09592445 -1.203562 0.3845407 0.7357832 0.8973521
-0.2362937 -0.669023 0.8685656 0.250403 0.405238
-0.2978543 -0.6814439 0.4712307 0.1300624 0.6706024
-0.2220162 -0.6863248 0.2872883 0.2669534 0.8551161
-0.2162092 -0.6813868 0.3581129 0.2784833 0.7712244
-0.2682262 -0.6911143 0.3294422 0.173436 0.8135077
-5.894899E-05 -0.6763059 0.3527645 0.7039347 0.7503912
0.1207152 -1.13125 0.3789424 0.7816951 0.8816993
-0.3078111 -0.6629404 0.6532313 0.1303718 0.5237902
-0.247694 -0.6555164 0.6195974 0.2231772 0.5375451
-0.1815704 -0.6885103 0.3239173 0.3509833 0.8080783
-0.1072738 -0.6715038 0.3603231 0.4937623 0.7517329
-0.2344374 -0.6732896 0.3467968 0.2393819 0.7813945
0.07110919 -1.004734 0.3781471 0.7411346 0.850956
-0.1995333 -0.6754532 0.27241 0.3137069 0.8657511
