-0.0337651 0.007094846 -0.001659422 
0.99946 1
0.99946 0
0.0005400776 1
0.0005400777 0
13
0.03615701 -0.5482464 1.141752 0.6479095 0.243296
-0.08641791 -0.3965527 1.17537 0.513913 0.1281505
0.3283762 -0.40189 1.214164 1.019085 0.1358776
0.1863041 -0.4882345 1.06802 0.8454896 0.2326566
-0.2445447 -0.4861942 0.8700964 0.2610212 0.2856339
-0.1853151 -0.5752391 0.7483576 0.3273412 0.405215
-0.1214035 -0.616428 0.5902606 0.3957833 0.525679
0.009494074 -0.6136535 0.3624488 0.6034604 0.716484
0.02365405 -0.5099819 1.203617 0.6369411 0.2013402
-0.1969572 -0.4897248 0.8299867 0.3201203 0.3069589
-0.1451822 -1.171692 0.3838952 0.3576725 0.9000199
-0.2637411 -0.6199055 0.4767459 0.1231781 0.6005882
0.1538024 -0.6888841 0.4413541 0.8449376 0.6951566
