-0.08932568 0.01373933 0.04936317 
0.99946 1
0.99946 0
0.0005400776 1
0.0005400777 0
380
-0.0218059 -0.6327346 1.203333 0.3421109 0.2801846
-0.2183531 -0.4931422 1.312901 0.09380109 0.173637
-0.2685647 -0.4698111 1.348677 0.0308269 0.1512221
-0.2598336 -0.5062211 1.628418 0.06267905 0.1119432
-0.2705873 -0.5307682 1.318134 0.04248995 0.1982144
-0.2482552 -0.4480089 1.63365 0.06218389 0.07609701
-0.1614269 -0.4329196 1.582621 0.1473782 0.0737772
-0.2080421 -0.4314372 1.627445 0.09959117 0.06597555
-0.1807049 -0.4565427 1.344128 0.1302846 0.1402555
-0.2854478 -0.6491577 0.8682275 0.02770576 0.4386352
-0.1590772 -0.4661033 1.311543 0.1575096 0.1539149
-0.2629383 -0.6435046 0.8200292 0.05484787 0.4580139
-0.2681725 -0.4391649 0.9862789 -0.008550048 0.2419887
-0.0287354 -0.6300241 1.210272 0.3335607 0.2768655
-0.2856086 -0.6288761 0.9212389 0.02515706 0.4011875
-0.2559284 -0.5529335 0.9316045 0.04377329 0.3460803
-0.2520643 -0.6406384 0.7893529 0.06821734 0.471832
-0.1483956 -0.669353 0.9091868 0.2195105 0.4197938
-0.1060856 -0.6347514 1.139814 0.2530368 0.3064092
-0.0632603 -0.590466 1.311699 0.2833561 0.2265854
-0.2475141 -0.6422027 0.8380232 0.0777379 0.4465175
0.1262228 -0.5861416 1.228727 0.4973851 0.2388753
-0.2708936 -0.548449 0.9321401 0.02070981 0.3439341
-0.001372412 -0.6143703 1.271604 0.3552487 0.248575
-0.07464176 -0.5589989 1.311251 0.267486 0.2088549
-0.04521148 -0.5738551 1.317877 0.300449 0.2145558
0.07396932 -0.5960196 1.071018 0.469011 0.2973273
0.0749798 -0.5988958 1.075203 0.4694155 0.297534
-0.07629995 -0.6032969 1.232194 0.2764784 0.2573301
-0.2577266 -0.660412 0.764637 0.06457275 0.4978837
-0.25766 -0.6623558 0.7645037 0.06527424 0.4990814
-0.0007490665 -0.5416429 1.471435 0.3299979 0.1567558
-0.2711048 -0.5380157 1.288901 0.04210418 0.2108275
0.04696645 -0.6243412 1.334489 0.3984047 0.234633
-0.1918275 -0.6672012 0.865677 0.1624541 0.4425642
0.08927689 -0.617518 1.056887 0.489856 0.3141682
0.1181251 -0.6678785 1.022756 0.5298167 0.3535851
-0.2170644 -0.6547838 0.9739066 0.1260526 0.3880045
0.0700416 -0.6265068 1.082864 0.4625068 0.3113483
-0.2648681 -0.5564593 0.9304081 0.03193074 0.3496199
-0.2654676 -0.5570203 0.9314522 0.03132942 0.3495726
0.3815336 -0.5949888 1.327255 0.7329772 0.206733
0.3931507 -0.5782093 1.3412 0.742295 0.1935347
0.3573202 -0.5906891 1.316361 0.7130976 0.2080287
0.1875354 -0.6168784 1.191174 0.5700954 0.2646328
0.1020576 -0.5941306 1.041882 0.5083802 0.3048745
0.1738148 -0.5820124 1.090433 0.5813274 0.2767652
0.1658472 -0.5633929 1.422483 0.5024226 0.1743833
-0.2113712 -0.6577551 0.9715565 0.1340561 0.3903076
0.1506855 -0.6037375 1.188109 0.5317131 0.259853
0.4244214 -0.5792013 1.363783 0.7653242 0.1875237
-0.1075995 -0.462058 1.346509 0.2154948 0.1406266
0.3704032 -0.6012542 1.295489 0.7307281 0.2186925
0.4293289 -0.5716105 1.40936 0.7572562 0.1726748
-0.02939256 -0.6453178 1.180008 0.3372993 0.2949539
0.1125537 -0.6558011 1.024938 0.523221 0.3463792
-0.04484027 -0.6730037 0.9144989 0.3529227 0.4116293
0.4166855 -0.5324025 1.379004 0.7599527 0.1577652
-0.218216 -0.6442695 0.8049684 0.1196581 0.4624264
-0.1530322 -0.6636209 0.6387326 0.2271824 0.5664597
0.3696986 -0.5696598 1.236309 0.7528247 0.2163995
0.3918312 -0.5727547 1.266391 0.7651132 0.2092887
0.1633072 -0.5807833 1.083192 0.5711076 0.2790056
-0.2201484 -0.6547345 0.8007094 0.1195665 0.4710535
-0.1340036 -0.6612092 0.9185971 0.2364122 0.4097914
-0.07833606 -0.6680867 0.7368736 0.3309658 0.5006419
0.3706098 -0.5760953 1.251462 0.7479445 0.2160256
0.3994213 -0.5725993 1.231833 0.7843246 0.2180456
0.001478508 -0.6224644 1.260139 0.3601446 0.2562698
-0.2992583 -0.6348267 0.9175524 0.007867128 0.4075283
-0.1371804 -0.6637098 0.7172433 0.2460268 0.5153385
0.3582515 -0.5183526 1.327684 0.7196805 0.1634007
-0.2311004 -0.4573004 1.345267 0.07150429 0.1423599
0.4969847 -0.579793 1.284262 0.8618012 0.2044672
-0.06073238 -0.6667798 0.7205082 0.3587178 0.5075289
-0.07797611 -0.6690294 0.7519172 0.3295777 0.492715
-0.08146486 -0.6490898 1.168189 0.2808545 0.3036492
0.5065465 -0.4626639 1.394676 0.8540803 0.1097784
-0.02907906 -0.6371149 1.18677 0.3362446 0.2882087
-0.2087494 -0.5566515 0.9392066 0.112479 0.3417977
0.4798303 -0.58053 1.273614 0.8487607 0.2082734
0.5016671 -0.5866257 1.342845 0.8441412 0.193728
0.3715579 -0.600082 1.187731 0.766086 0.2473996
0.3419539 -0.4288587 1.314074 0.718691 0.110514
0.4735828 -0.5829811 1.311308 0.8289042 0.2004274
-0.09167024 -0.6653164 0.5816729 0.3325294 0.5996732
0.063472 -0.5824698 1.087478 0.4533244 0.2840592
0.1372951 -0.6682404 0.7155926 0.6404694 0.4920027
0.06326842 -0.6656842 0.6462712 0.5579528 0.5386505
0.1121281 -0.6436052 1.024149 0.5232024 0.3397959
-0.01820615 -0.5644369 1.37412 0.3231176 0.1934489
-0.08789127 -0.6650979 0.7120922 0.319947 0.5141856
0.01100305 -0.6702011 0.8669259 0.4317987 0.4273524
0.4891969 -0.583692 1.373483 0.8225988 0.1853727
0.4865612 -0.5807229 1.368097 0.8224265 0.1850861
0.04956473 -0.6660304 0.6275744 0.5432366 0.5521814
0.1959997 -0.4367907 1.476289 0.5244702 0.08649504
0.03179805 -0.6664875 0.6063491 0.5225468 0.5683692
0.3493481 -0.6046948 1.20444 0.737032 0.2462447
0.05037977 -0.6366473 1.273973 0.4105529 0.2578649
0.3220885 -0.6630899 1.173058 0.7110342 0.2889258
0.4417628 -0.5764271 1.249377 0.8204411 0.2137884
-0.01745387 -0.6615115 0.4655211 0.483862 0.6786585
0.05667822 -0.6639667 0.5630352 0.575399 0.593812
0.149467 -0.6678199 0.701906 0.6623007 0.4982231
-0.003589533 -0.6613527 0.4970498 0.4982678 0.6503034
0.005536556 -0.662361 0.5094362 0.5098625 0.6397011
0.1571027 -0.6658778 0.7140949 0.6685989 0.4896116
-0.06575451 -0.6596878 0.4134477 0.4106173 0.7326095
-0.1978111 -0.4435036 1.598007 0.1118899 0.078502
-0.07842115 -0.6434753 1.136504 0.2861475 0.3109329
0.06324892 -0.6036847 1.452034 0.3987527 0.1934533
0.1523782 -0.6672438 0.6877874 0.6717337 0.5056128
0.09896097 -0.6645994 0.6193377 0.6202809 0.55118
0.3788975 -0.6560949 1.132004 0.7834673 0.2949775
0.379314 -0.6576637 1.133033 0.7832825 0.2954839
0.07992606 -0.6651087 0.5861205 0.6033961 0.5756075
0.00229314 -0.6629006 0.5485184 0.492797 0.610586
-0.06095155 -0.5409594 1.344874 0.2778978 0.188724
-0.08100571 -0.6590559 0.3945759 0.386209 0.7533947
0.3356467 -0.5035082 1.330336 0.6977074 0.1546143
0.3364398 -0.5038295 1.331626 0.6981042 0.1544796
0.164891 -0.554597 1.221449 0.5414304 0.2205294
0.3761277 -0.5934508 1.191767 0.7705195 0.2422377
0.371629 -0.6698259 0.9937745 0.8238046 0.3498154
0.03163382 -0.6643918 0.4583696 0.5718503 0.6789738
0.04035983 -0.6631993 0.4699897 0.5825689 0.6672251
-0.279156 -0.4785513 0.9673512 -0.01261073 0.2801458
0.01955849 -0.5662042 1.453899 0.3537383 0.1739558
0.01962773 -0.5677216 1.456023 0.353686 0.1743184
-0.1180959 -0.6101534 1.144283 0.2353265 0.2913589
0.4150766 -0.6214485 1.078066 0.8479486 0.2910705
0.1335599 -0.6725744 0.7403974 0.6263865 0.481347
-0.2931156 -0.66469 0.8417394 0.01972881 0.4617704
-0.3073475 -0.6591798 0.8581026 -0.0008885264 0.4514415
-0.01566765 -0.6604701 0.3947743 0.5100186 0.7425296
0.06762971 -0.6193622 1.09217 0.457923 0.3041312
-0.09525719 -0.5956779 1.295075 0.2506476 0.2355821
-0.1390308 -0.6375501 1.117931 0.2162344 0.3174166
0.2954148 -0.679304 1.029235 0.725767 0.3466821
0.5001649 -0.5813353 1.191598 0.9002927 0.2297355
0.4767209 -0.5868897 1.155819 0.8894405 0.2441812
0.4946294 -0.5666454 1.190591 0.8984484 0.2217104
0.07035686 -0.6568333 1.28706 0.4298844 0.2641228
0.4819246 -0.5873523 1.354141 0.8215682 0.192177
0.4869627 -0.5845431 1.181331 0.8902289 0.2350488
0.0911044 -0.6621325 0.5513723 0.634357 0.5968325
-0.03281754 -0.6637902 0.4410235 0.4638173 0.7037762
0.1436736 -0.6689562 0.674968 0.6641023 0.514865
0.1611945 -0.6687766 0.722258 0.670787 0.4864193
0.1050394 -0.6713455 0.622171 0.6275454 0.5525244
0.213424 -0.6674471 0.7132949 0.7455398 0.4856856
-0.2526428 -0.6498323 0.8151557 0.071504 0.4634157
0.02856105 -0.6620023 0.3998078 0.5898294 0.7309586
0.06881385 -0.66899 0.6496462 0.5648794 0.5378467
0.5225199 -0.5684037 1.23178 0.909607 0.2104455
-0.06118782 -0.560281 1.335442 0.2804978 0.202637
0.1892719 -0.6665007 0.6850296 0.7244389 0.5031559
-0.1716772 -0.4696736 1.362938 0.143394 0.1439894
-0.2426625 -0.6670623 0.9259958 0.09458449 0.4180686
0.2119321 -0.5626914 1.216363 0.5932291 0.2247063
0.431232 -0.656054 1.012103 0.8845564 0.3320487
0.04825707 -0.6646252 0.4704369 0.5957622 0.6664789
0.0948983 -0.6622717 0.5576747 0.6378127 0.5919487
0.01317857 -0.6527063 0.3196285 0.5966163 0.8119404
0.1017478 -0.6616732 0.635444 0.6189084 0.5389767
0.001858711 -0.6645119 0.4118763 0.5361555 0.7253206
0.01518333 -0.6333432 1.326192 0.3675417 0.2431225
-0.2545157 -0.6456767 0.8852276 0.07105425 0.4257111
-0.3135482 -0.660037 0.9915637 0.003283799 0.3903781
-0.1020035 -0.627692 1.156376 0.2557363 0.2966001
-0.3175574 -0.6584741 0.877049 -0.01363981 0.442406
0.01536546 -0.6350829 1.236924 0.378528 0.2694409
0.3403906 -0.5934723 1.400055 0.67371 0.1899352
0.07041939 -0.6933293 0.9937572 0.4804602 0.3816946
-0.1766725 -0.6252844 0.6415328 0.1798962 0.5446861
-0.08171611 -0.6293811 1.183597 0.277099 0.2876003
-0.209816 -0.6257929 0.6677534 0.1253689 0.5313751
-0.2310202 -0.5019414 0.9852034 0.06710616 0.2866695
0.1744186 -0.6624003 0.6601396 0.7146853 0.5167333
0.07787089 -0.6639191 0.5411989 0.6171014 0.606873
0.142023 -0.6746024 1.024487 0.5564934 0.3551629
-0.09983724 -0.6581537 0.3875414 0.3512253 0.7633998
-0.09997849 -0.65874 0.3877711 0.3509815 0.7634904
-0.04525916 -0.5986406 1.276497 0.3063978 0.2402674
-0.2587857 -0.4811703 1.688843 0.06082627 0.08621407
-0.04190281 -0.5545709 1.380193 0.2969237 0.1871349
0.08186895 -0.662228 0.4645684 0.6557618 0.6651526
-0.2754068 -0.6572478 0.6695107 0.02914643 0.5563766
0.04458025 -0.6622249 0.5327907 0.5666799 0.6164354
0.1226538 -0.6627552 0.5164723 0.6994946 0.6187758
0.4550938 -0.585324 1.148048 0.870386 0.2465582
0.501377 -0.5753669 1.161591 0.9153273 0.234668
0.517538 -0.5765254 1.161564 0.9317449 0.2346171
0.5031301 -0.5773321 1.143971 0.9241439 0.2408267
0.3731617 -0.6620042 0.9997208 0.8247567 0.3432364
0.4317701 -0.6253996 1.02728 0.8860121 0.3094328
0.4468582 -0.5839606 1.181832 0.8489574 0.2363809
0.1949413 -0.6707274 0.6677499 0.7388896 0.5149513
-0.2742146 -0.4419568 0.9688628 -0.01871574 0.2514096
-0.2491639 -0.6659037 0.9125075 0.08513871 0.4241267
-0.2979975 -0.5382099 0.9841862 -0.01668257 0.3166322
-0.1016421 -0.6453771 1.145818 0.2591652 0.310135
-0.2521003 -0.6567963 0.6612332 0.06614685 0.5589378
-0.2577191 -0.6572864 0.5110279 0.04581481 0.6734509
0.2209158 -0.6131657 1.119845 0.6243248 0.2830192
0.001793876 -0.6722665 0.9760258 0.4017003 0.3818045
-0.1339028 -0.6646738 0.8730461 0.2399474 0.432837
0.3480974 -0.4649106 1.337435 0.7131516 0.128538
-0.2209482 -0.6447776 0.7108733 0.1139129 0.5167497
0.4333839 -0.5575418 1.406553 0.7638709 0.1653458
0.02960587 -0.661803 0.3961831 0.593283 0.7341375
-0.2323909 -0.5466297 0.9522299 0.07668617 0.3311983
0.3435744 -0.5185006 1.325191 0.7055178 0.1646187
0.4092523 -0.6284895 1.123482 0.822984 0.2808865
-0.2416112 -0.6527212 0.646283 0.0810709 0.5654126
-0.1146448 -0.6584107 0.3484499 0.3294369 0.8078933
-0.1660351 -0.4680298 1.580268 0.1487546 0.09597319
0.3199903 -0.6731868 0.865484 0.8157561 0.4063287
-0.2227838 -0.6422606 0.6371521 0.1084003 0.5632895
0.08330743 -0.6602799 0.4679416 0.6570016 0.661077
0.1521972 -0.6651823 0.5544605 0.7279459 0.5888535
-0.2307668 -0.6443424 0.670629 0.09704828 0.543011
0.1662873 -0.6650832 0.5770642 0.7389577 0.5716045
0.1221098 -0.6117181 1.211284 0.496114 0.2588553
0.07476437 -0.5869137 1.094494 0.4653553 0.2837454
0.423234 -0.5758113 1.225992 0.8100991 0.220464
0.337155 -0.6718042 1.047756 0.7659581 0.3336194
0.4106436 -0.657724 0.9900194 0.8709477 0.3421382
-0.03415151 -0.6633061 0.4453702 0.4601552 0.6998309
0.171534 -0.6698396 0.6395787 0.7179269 0.533647
-0.2400472 -0.5071754 0.9581728 0.05411702 0.3020281
-0.1245555 -0.6363302 1.131438 0.2323374 0.3112042
-0.2319519 -0.6441749 0.6954432 0.09598553 0.5271384
0.2877949 -0.6553846 1.148419 0.6838297 0.2941022
0.1576447 -0.670786 1.006433 0.5789858 0.3588697
0.1990224 -0.6831578 0.9469199 0.6423172 0.3862594
0.1601209 -0.6637127 0.8108614 0.6391096 0.4382595
0.2892119 -0.6858612 1.069888 0.7052176 0.3362594
0.04821219 -0.6668653 0.4619962 0.5987968 0.6747692
0.1120356 -0.6679767 0.689732 0.6141569 0.5088859
0.08640845 -0.6728079 0.709444 0.5713423 0.5028945
0.08209608 -0.6141128 1.185304 0.4575353 0.270027
-0.04058612 -0.6698509 0.3545219 0.4759836 0.7926379
-0.2886458 -0.6551178 0.6863317 0.008586973 0.5456222
0.6183798 -0.5664961 1.352269 0.954115 0.1761323
-0.1973988 -0.6623821 0.5718796 0.1565089 0.6188215
-0.2286597 -0.6579325 0.3370855 0.09143359 0.8439393
0.1338424 -0.665947 0.5188398 0.7156875 0.6173281
-0.2188073 -0.539876 0.9880092 0.09521491 0.3108729
-0.1014217 -0.66923 0.7283608 0.298651 0.508425
-0.1336539 -0.6588151 0.3241781 0.2944424 0.8396139
0.009169728 -0.6611168 0.3637415 0.5686522 0.7695161
-0.1609561 -0.6624369 0.6439502 0.2140074 0.5632111
-0.1442056 -0.5923272 1.113443 0.202725 0.2927232
-0.1991323 -0.6287141 0.7040066 0.1435807 0.5090059
-0.1400813 -0.6666283 0.6764663 0.2453032 0.542221
-0.2463982 -0.5333376 1.327216 0.07125586 0.1963215
-0.2186861 -0.6548787 0.7360157 0.120732 0.5073752
0.1428422 -0.6044 1.055247 0.5530905 0.3039098
-0.1392111 -0.4634588 1.36182 0.1792441 0.1390189
0.2493866 -0.6688654 0.6919601 0.803493 0.4948322
-0.2933937 -0.4656862 1.343862 2.101064E-05 0.1506575
0.11382 -0.6615329 1.346052 0.4643013 0.248551
0.01554447 -0.6540763 0.3263066 0.5980844 0.8046941
0.04898851 -0.6657846 0.5690497 0.5610821 0.5915263
-0.2275966 -0.432916 1.639719 0.08025646 0.06522006
0.003429681 -0.6253995 1.330297 0.3545508 0.2381957
-0.2511324 -0.5397125 0.9928167 0.0504742 0.3109616
-0.2204608 -0.5895667 0.9812384 0.1058209 0.3459738
-0.08694109 -0.4698702 1.344964 0.2401883 0.1453446
-0.2307007 -0.6213868 0.683649 0.09036501 0.520708
-0.2318278 -0.6236519 0.6852137 0.08932397 0.5212224
-0.2514382 -0.6582265 0.5243688 0.05872732 0.6617525
0.1635598 -0.6758279 0.7473964 0.6639197 0.4767741
-0.1019347 -0.6775159 0.496768 0.3302463 0.6734312
-0.03943484 -0.6237569 1.265932 0.3159866 0.2572198
0.5076436 -0.677138 1.017627 0.958382 0.3371955
0.4241517 -0.6950784 0.8362599 0.9466565 0.4234878
-0.2347872 -0.6598151 0.3302468 0.07858387 0.8542784
-0.2541824 -0.660063 0.5955712 0.05962974 0.6071772
-0.1399204 -0.6587312 0.3169215 0.2823074 0.8494827
-0.2925003 -0.5409086 0.9570051 -0.01077616 0.3295432
0.1644754 -0.4449774 1.462831 0.494767 0.09520227
-0.2864353 -0.6399097 0.8427852 0.02119166 0.446091
-0.2459037 -0.6587034 0.5362472 0.06969455 0.6514089
0.1236376 -0.6657422 0.5060527 0.7053522 0.6282082
-0.2617719 -0.4520024 1.01044 0.008122206 0.2422005
0.05650926 -0.6673474 0.5520365 0.578716 0.6036179
-0.2391887 -0.6597224 0.3239022 0.06848383 0.8628843
-0.04133205 -0.5969699 1.295421 0.3087953 0.2338235
-0.198605 -0.6652541 0.3736299 0.1577782 0.7999676
-0.2520212 -0.6425529 0.7106065 0.06445011 0.5188707
0.3489199 -0.4350974 1.311961 0.7259766 0.1148978
0.08089818 -0.6653509 0.5226392 0.6291144 0.6210597
-0.2035814 -0.6644967 0.3738972 0.1473791 0.800267
0.253132 -0.669919 0.6912489 0.8086618 0.4954707
-0.2283354 -0.6594446 0.9616261 0.1123813 0.3967764
0.1744163 -0.6736292 0.5688234 0.7532838 0.5810332
-0.1674911 -0.640398 0.6488639 0.1983114 0.5478191
0.1167733 -0.6745821 0.7022365 0.6159292 0.5050335
-0.1888239 -0.6597121 0.6562951 0.1685537 0.556655
-0.2179891 -0.4767023 1.306953 0.09025604 0.1644512
-0.2556437 -0.6356458 0.9486552 0.06970114 0.3905832
-0.2463616 -0.6513919 0.3541482 0.05171406 0.8245568
0.3409202 -0.4685948 1.642613 0.6263532 0.07197511
-0.165265 -0.6687477 0.6693731 0.2072729 0.5506956
-0.1940295 -0.5076646 1.351515 0.1255678 0.1719161
0.5921252 -0.4651499 1.347874 0.9558535 0.1184155
0.5257359 -0.6614299 1.027678 0.9771889 0.3241705
0.1833147 -0.6353402 1.260547 0.5496308 0.254898
0.01675757 -0.66317 0.5257108 0.5233986 0.6259937
-0.2976325 -0.6282928 0.9720334 0.0127086 0.3790454
-0.2687894 -0.6253694 0.632636 0.02464491 0.5618287
-0.2796294 -0.6704985 0.7781405 0.03613031 0.4981734
-0.2607073 -0.6563261 0.6897511 0.05399647 0.5410307
-0.2528405 -0.6599462 0.3165514 0.03779709 0.8750724
-0.2216184 -0.6369801 0.6983679 0.1102768 0.5198941
0.3165321 -0.5942646 1.206877 0.7036794 0.2411114
0.2186571 -0.5651199 1.213174 0.6011098 0.2267522
0.4283844 -0.6349655 1.034088 0.8771833 0.3127308
0.4946352 -0.5631156 1.203134 0.8941873 0.216203
0.03702133 -0.6666182 0.5249103 0.556784 0.6258329
-0.2612381 -0.6699579 0.900019 0.06943992 0.4332661
0.5442417 -0.6101357 1.088414 0.9830407 0.2746147
0.5786955 -0.5562767 1.159219 1.001349 0.2205896
0.5834728 -0.5604404 1.167543 1.001144 0.220534
-0.1665167 -0.4767221 1.590243 0.1497188 0.09930229
0.1369301 -0.6829568 1.033965 0.5481526 0.3565159
0.3064487 -0.7415316 1.354042 0.6408998 0.2780951
-0.185253 -0.662183 0.3212359 0.1862104 0.8555681
-0.1463491 -0.6610286 0.3087578 0.2702824 0.8617404
-0.2448845 -0.6629157 0.5422201 0.07342702 0.6487609
-0.2837509 -0.506436 0.9934525 -0.006518483 0.289977
-0.1064369 -0.671419 0.7430056 0.2900777 0.5017986
0.02111838 -0.6637001 0.3818883 0.5833914 0.750458
-0.1990959 -0.5303934 1.308293 0.1240558 0.1976093
-0.1037201 -0.6766425 0.6599814 0.3042757 0.5543775
-0.2457871 -0.6676631 0.3120047 0.05665544 0.8825383
-0.1750281 -0.6618481 0.3221375 0.2079054 0.8521521
0.3465714 -0.4428035 1.54982 0.6554042 0.07258761
-0.1008875 -0.6593635 0.3673747 0.3534558 0.7851905
-0.1784909 -0.5506959 1.198267 0.1519507 0.2411644
0.3640681 -0.6873714 0.7749078 0.9071329 0.4522239
-0.1287393 -0.5920888 1.221626 0.2166572 0.2565607
-0.1741059 -0.6632157 0.31537 0.2107572 0.8607084
0.3203557 -0.6532406 1.179782 0.7084801 0.2816808
0.3357257 -0.6720439 1.078404 0.7539228 0.3233303
0.3176864 -0.6577171 1.085083 0.7346312 0.3142875
0.03999575 -1.161516 0.4001645 0.5690771 0.9052416
-0.01296889 -0.6595036 0.4837599 0.4862014 0.6615082
0.07719727 -0.6597247 0.5831702 0.6007677 0.5748767
-0.2510062 -0.6589894 0.3070263 0.040355 0.8862509
0.323281 -0.6639984 1.019648 0.7619765 0.3401108
0.3424077 -0.6473213 1.105844 0.7556176 0.3004082
0.2443594 -0.6628064 0.7696997 0.7637823 0.4509261
-0.141551 -0.6563492 0.316466 0.2783844 0.8492795
0.5525463 -0.5743779 1.119654 0.9874629 0.243911
0.4974312 -0.6728938 1.026418 0.944838 0.3324392
0.5972061 -0.5659871 1.197963 0.999443 0.2148962
0.5254961 -0.5626367 1.21218 0.9219753 0.2121679
-0.156298 -0.6576567 0.2958594 0.2495591 0.878384
0.5501696 -0.653577 1.040939 0.9988425 0.3140214
0.6111964 -0.5953614 1.372971 0.9328272 0.1874489
0.1002409 -0.9886801 0.3439331 0.6843935 0.896915
-0.1882861 -0.658895 0.3159181 0.1788247 0.8611718
0.4367787 -0.6333641 1.015575 0.8945947 0.31776
-0.07376858 -0.6674165 0.4175419 0.3952593 0.7340774
-0.1208657 -0.6654521 0.6416286 0.2781183 0.5618795
0.1865519 -0.667295 0.7516537 0.6941797 0.4676682
0.054573 -0.6423568 1.201554 0.425725 0.282248
-0.07207831 -0.6703125 0.4006927 0.402691 0.7515357
0.5865662 -0.5417756 1.321967 0.942192 0.1702492
-0.08136526 -0.6739247 0.620517 0.3439859 0.5762047
0.3279919 -0.669371 0.8914885 0.815258 0.3925445
-0.09350634 -0.6588461 0.3761221 0.3660918 0.7743642
0.3004636 -0.6654637 0.9748059 0.7521649 0.3589227
0.5597759 -0.6961005 1.02075 1.005742 0.3432054
0.214821 -0.6559067 0.6049808 0.7998963 0.5425906
-0.1363672 -0.6720694 0.5649499 0.2620186 0.6214478
