-0.6890578 0.03831497 0.2905188 
0.99946 1
0.99946 0
0.0005400776 1
0.0005400777 0
392
-0.2285115 -0.4801722 0.9517149 0.736284 0.3725638
0.1447649 -0.5848888 1.222365 0.9243962 0.2954272
0.1346727 -0.6627331 1.012636 1.036614 0.4046249
0.1458507 -0.6164467 1.222306 0.9177629 0.3124101
0.1158823 -0.5879902 1.028773 1.031501 0.3602367
0.0907557 -0.5934265 1.06196 0.9807199 0.3553168
0.08141994 -0.5788203 1.08073 0.9624947 0.3418675
-0.00590682 -0.6325284 1.194435 0.7931404 0.3461092
-0.02690518 -0.5751538 1.315447 0.7158399 0.2822015
-0.0649786 -0.549099 1.28151 0.7009238 0.2805609
-0.08161724 -0.6406718 1.144002 0.7476733 0.3761709
-0.1442022 -0.4773051 1.583268 0.4923601 0.1741751
-0.2015707 -0.4945247 1.305803 0.5543594 0.2550889
-0.251578 -0.4715018 1.340313 0.485255 0.2361248
-0.2413601 -0.5529727 0.9189782 0.7293946 0.4388541
-0.3253173 -0.6061084 0.9965454 0.5677019 0.4509857
-0.0457114 -0.5723672 1.305415 0.7037529 0.2852542
-0.2749447 -0.5379432 1.316173 0.4699256 0.2864556
-0.2389075 -0.5480461 1.299577 0.5154076 0.2933805
-0.05513406 -0.6441194 1.137544 0.7769932 0.3767765
-0.3591262 -0.6549697 0.5151796 0.8910261 0.8070229
-0.3401239 -0.6534813 0.383031 1.090874 0.94181
-0.3364169 -0.4110021 0.569431 0.9832715 0.5853561
-0.4083736 -0.5482506 1.600726 0.2350853 0.2312451
-0.3615363 -0.6584994 0.4259073 0.9921663 0.903592
-0.2451169 -0.5109549 1.617657 0.3858124 0.1936835
-0.2434061 -0.5116992 1.623012 0.3856829 0.1928646
-0.3444244 -0.6575635 0.5208722 0.9071204 0.7971512
-0.3726239 -0.6575362 0.4223265 0.9783319 0.9125937
-0.4304718 -0.661737 0.5707806 0.7171441 0.7855843
0.1518416 -0.6063054 1.216659 0.9289964 0.3079283
-0.3333177 -0.6106898 0.9915899 0.5603029 0.4573746
-0.1135166 -0.4761949 1.571144 0.5256263 0.1737858
-0.3491347 -0.4381759 0.5294362 1.00055 0.6514205
-0.4519263 -0.6591938 0.6484599 0.6173879 0.7245436
-0.4503979 -0.6606821 0.6496671 0.6186544 0.7238439
-0.3782625 -0.6218025 0.5462441 0.8389971 0.7675818
-0.3454626 -0.6220508 0.9897804 0.5455521 0.4670656
-0.3576189 -0.6600446 0.4260793 0.9977474 0.9022346
-0.4264996 -0.6617097 0.4890219 0.8048146 0.8649083
-0.4381921 -0.6595937 0.5008482 0.7728695 0.8564769
-0.4388758 -0.6582211 0.4849537 0.7888498 0.873158
-0.452388 -0.6628717 0.5168925 0.7312191 0.8473901
-0.09493709 -0.6149011 1.146164 0.7372062 0.3629971
-0.4654165 -0.6589012 0.5227842 0.7038996 0.844937
-0.3902314 -0.6581374 0.4568143 0.9049014 0.8819882
-0.4654269 -0.6612349 0.5119776 0.7137932 0.8573354
-0.4211402 -0.6608505 0.48855 0.8148339 0.8626587
-0.3592336 -0.433462 0.5283905 0.9854428 0.6528546
-0.3735584 -0.6235772 0.5408682 0.851849 0.7717957
-0.3614808 -0.564921 0.5253888 0.9145736 0.7484962
-0.463354 -0.6664576 0.5076497 0.7203415 0.8634539
-0.3790991 -0.5587456 1.250762 0.3818131 0.331673
0.1865786 -0.5770155 1.076156 1.065834 0.3294354
0.3747864 -0.5843046 1.306835 1.062614 0.2522048
-0.2493442 -0.5586722 0.9218667 0.7161592 0.4426077
-0.2500227 -0.5587255 0.9220662 0.7151498 0.4426727
-0.3775471 -0.5342168 1.112911 0.4436149 0.3659901
-0.4667935 -0.656555 0.5281416 0.6969246 0.838869
-0.3406837 -0.4401621 0.5144693 1.038149 0.6648457
-0.2187911 -0.6618208 0.9414312 0.7215922 0.4889418
-0.2271381 -0.5115615 1.613611 0.4040913 0.1935274
-0.006300449 -0.5951318 1.199243 0.7967993 0.3242288
-0.2521871 -0.5319272 1.310751 0.4967187 0.2819489
-0.4937318 -0.6652001 0.7893363 0.4577974 0.6361821
-0.05558825 -0.6423513 1.175722 0.7547472 0.3632849
-0.4140345 -0.5220448 1.597276 0.2272304 0.2176955
-0.5077213 -0.6625613 0.5487061 0.6053836 0.8379502
-0.4848704 -0.6591049 0.4977512 0.6936859 0.8803135
-0.2575437 -0.5427811 1.162925 0.5615945 0.3361083
-0.3852062 -0.5482308 1.553051 0.2715608 0.2404789
-0.3863002 -0.5466542 1.547668 0.2718553 0.2409834
-0.01352715 -0.6486567 1.176258 0.7935649 0.3613094
-0.4675049 -0.6602672 0.4318072 0.795276 0.9495562
-0.467451 -0.6610482 0.431505 0.7954425 0.950226
-0.4071854 -0.6010752 0.5853642 0.7575505 0.7308388
-0.267041 -0.5619549 0.9351044 0.6839879 0.4417061
-0.4151866 -0.6619149 0.5970858 0.7179546 0.7566134
-0.5143725 -0.6620873 0.5747629 0.5720336 0.8145061
-0.7091622 -1.185349 1.277287 0.1051891 0.6462808
-0.4841068 -0.6669654 0.5513784 0.6435483 0.8276652
-0.424106 -0.6568086 0.4739366 0.8271859 0.8778962
-0.3397901 -0.5280729 1.088096 0.503469 0.366084
-0.4653353 -0.6641935 0.7088987 0.5516242 0.6843303
0.1043506 -0.6124372 1.04445 1.000707 0.3702329
-0.5288979 -0.661621 0.5910276 0.5339093 0.8043238
-0.4216134 -0.4659894 0.6356093 0.7187743 0.6015626
-0.4254733 -0.5857975 0.6239898 0.69408 0.6944492
-0.4255433 -0.5836596 0.623891 0.6945243 0.6932657
-0.406254 -0.5551262 1.776152 0.1950686 0.1973468
-0.4026255 -0.5687106 1.812481 0.1919844 0.1970963
-0.3538699 -0.6591778 0.3860424 1.059022 0.9474941
0.3586575 -0.4246468 1.379344 1.049268 0.1484901
-0.007970691 -0.5887127 1.316529 0.7309641 0.2874864
-0.4037736 -0.5841026 0.5901486 0.7634208 0.7153322
-0.4280699 -0.554184 0.6309136 0.6902577 0.6697552
-0.2682403 -0.527106 0.9328504 0.6896862 0.4203196
-0.4418789 -0.6592273 0.4836637 0.784631 0.8763815
-0.4196932 -0.6616696 0.4833103 0.8227157 0.8680005
-0.5060062 -0.6651726 0.5689527 0.5909804 0.818346
-0.4244069 -0.5990209 0.6228293 0.6940211 0.7029477
-0.4243104 -0.5977415 0.6231234 0.6941937 0.70191
0.08948314 -0.6203859 1.075608 0.9618489 0.3660068
-0.00580442 -0.6275217 1.254401 0.7603994 0.3254825
-0.4110878 -0.6620847 0.5969748 0.7245048 0.7553492
-0.4098717 -0.6653943 0.5979006 0.7248168 0.7558331
-0.2776942 -0.532935 0.9268973 0.6805874 0.4287378
-0.4295161 -0.6661934 0.6025799 0.6894351 0.759128
-0.4426571 -0.6654912 0.6742422 0.6112373 0.7043823
-0.4863068 -0.663 0.7911473 0.4677083 0.6317704
0.07677692 -0.6649668 1.256593 0.8269086 0.3353162
-0.4262972 -0.5431007 1.800549 0.1695786 0.1876308
-0.4024104 -0.5450633 1.791592 0.193914 0.1887534
-0.01146209 -0.6307725 1.200415 0.7847701 0.3439763
0.08236128 -0.573879 1.098513 0.9521827 0.333103
-0.2792318 -0.6430424 0.967196 0.6373267 0.4775456
-0.3843251 -0.5182449 1.617851 0.251203 0.2084892
-0.4041313 -0.5650572 0.5874172 0.7712816 0.7063344
-0.3980449 -0.579858 0.5794889 0.7852625 0.7203124
-0.431953 -0.6664035 0.6283164 0.6638587 0.7382383
-0.4250017 -0.6331587 0.6184433 0.689696 0.7263306
-0.3774463 -0.661891 0.5531598 0.8193136 0.7819408
-0.423392 -0.6123779 0.61445 0.7003357 0.7175218
-0.420824 -0.6728766 0.5543317 0.7453536 0.8027321
0.19664 -0.4185854 1.465954 0.8605473 0.1390964
-0.5825902 -1.079679 1.186852 0.2311884 0.6271805
-0.5110887 -0.6627491 0.5746055 0.5778057 0.8136768
-0.1619133 -0.6652589 0.995927 0.7496621 0.4570438
-0.2800796 -0.5232022 1.635235 0.3477358 0.1994787
-0.5860015 -1.079214 1.177259 0.2302662 0.631586
-0.5602846 -0.5576314 1.930718 0.02476636 0.1797983
-0.1306337 -0.4582943 1.370454 0.5991645 0.2087215
-0.4123322 -0.6110921 0.6030052 0.7293835 0.7228096
-0.3852652 -0.6095034 0.5589285 0.8183475 0.7516223
-0.2761642 -0.5353739 1.201176 0.5214542 0.3209189
-0.473774 -0.6616607 0.6010365 0.6196471 0.7741292
-0.3226659 -0.4063517 0.5598046 1.026341 0.5851508
-0.2661952 -0.5298243 0.9269105 0.6960873 0.4245477
-0.2558863 -0.4864745 0.9760577 0.6821296 0.3709881
-0.3460407 -0.6566699 0.3864146 1.073664 0.942004
-0.2717488 -0.5231071 0.9397678 0.6809254 0.415057
-0.4424405 -0.7660253 1.071552 0.3905115 0.5239222
-0.3247208 -0.4164334 0.5377758 1.049117 0.615508
-0.4648992 -0.7662614 1.083338 0.3600509 0.522755
-0.7203044 -1.316001 1.284858 0.1141636 0.6841566
-0.0178895 -0.6266257 1.161651 0.8020835 0.354683
0.1771541 -0.5334464 1.468551 0.8212331 0.2055253
0.3820256 -0.5682645 1.310925 1.070359 0.2422099
-0.2740277 -0.4998856 0.9636273 0.6650245 0.3888136
-0.4170775 -0.4201806 0.6158162 0.7631083 0.5803762
-0.4168836 -0.4209021 0.6156917 0.7633889 0.581028
-0.2302147 -0.4527508 1.62966 0.3939201 0.1566249
-0.3954517 -0.5453186 1.606963 0.2459719 0.2270933
-0.1599447 -0.445017 1.579945 0.4792208 0.1569198
-0.4106078 -0.420522 0.6130643 0.7788859 0.5808128
-0.1426305 -0.435487 1.583439 0.494466 0.1493316
-0.354643 -0.5787223 0.523858 0.9217292 0.7554654
0.02520597 -0.5995787 1.276088 0.7815523 0.3010159
-0.1608557 -0.5022095 1.301255 0.5989513 0.2569469
-0.1725597 -0.4346262 1.604532 0.4578318 0.1467649
-0.06021667 -0.4779327 1.359557 0.6731691 0.2173579
-0.04427135 -0.4757833 1.349102 0.694551 0.2171795
-0.08743042 -0.4501488 1.349414 0.6545039 0.2048943
-0.1281295 -0.4338119 1.581945 0.5088402 0.1476389
-0.2462275 -0.4725149 1.337431 0.4923537 0.2370211
-0.4865263 -0.6704022 0.7072108 0.519803 0.6953753
-0.5008833 -0.6697171 0.688275 0.5100721 0.7141422
-0.4235317 -0.5737634 1.791864 0.1780374 0.2052004
-0.3097556 -0.4198981 0.5616369 1.038875 0.5902855
0.1187313 -0.6172986 1.239508 0.883252 0.3109182
-0.3366737 -0.4431697 0.5193691 1.036298 0.6605049
-0.1107113 -0.4517623 1.346194 0.6323131 0.2087729
-0.1089077 -0.4530659 1.350483 0.6318227 0.2083845
-0.4945467 -0.6705754 0.7144855 0.5025931 0.6924325
-0.4551267 -0.7734879 1.071706 0.3762435 0.5297083
-0.3737164 -0.5235293 1.632711 0.2581993 0.20739
-0.5901437 -0.7881011 1.184476 0.1848103 0.5109847
-0.1820591 -0.4583016 1.346727 0.557325 0.2193257
-0.359157 -0.5457924 1.332538 0.371814 0.2956378
-0.06243622 -0.6453775 1.118073 0.7811581 0.3850573
-0.1318351 -0.4735484 1.301755 0.6314688 0.2360129
-0.241476 -0.5433244 0.9249271 0.7268157 0.4298404
-0.2769441 -0.4719776 1.346893 0.4546067 0.2371604
0.157195 -0.601588 1.200992 0.9448553 0.3092122
0.1570998 -0.6020181 1.20176 0.9441687 0.309239
0.1203046 -0.5798109 1.138508 0.958645 0.3195062
-0.3478071 -0.4469587 0.593986 0.9095559 0.597123
-0.3553947 -0.5400198 0.5239652 0.9390635 0.7320431
-0.4219268 -0.4981695 0.6343875 0.7110135 0.6266187
-0.4149879 -0.4760693 0.6091321 0.7564034 0.6300789
-0.1894639 -0.434589 1.626137 0.433735 0.1437625
-0.2859654 -0.5181866 1.643376 0.3393731 0.1954331
-0.4022489 -0.4254161 0.6226644 0.782087 0.5735285
-0.5945959 -1.0655 1.162941 0.2238684 0.6343015
0.1406184 -0.6286141 1.436736 0.7919754 0.2648858
-0.3879692 -0.5467367 1.19203 0.3951792 0.3457953
-0.324884 -0.5308248 1.085381 0.5233525 0.3666843
-0.4709271 -0.6494095 0.7857831 0.4938611 0.6236485
-0.3820778 -0.6268923 0.5562627 0.8204229 0.7624745
-0.3044415 -0.5422027 1.340044 0.4283509 0.285261
-0.5847101 -0.5503438 1.925078 0.001369447 0.1786402
0.1288406 -0.612963 1.172639 0.9349157 0.326673
0.1274734 -0.6131564 1.172355 0.9338182 0.3270149
-0.1287901 -0.6703981 0.887675 0.8591434 0.5021507
-0.4104751 -0.5255334 1.675728 0.2111063 0.2021246
-0.1219237 -0.4662601 1.404538 0.5908801 0.2047498
-0.5095651 -0.6684705 0.6761191 0.5044916 0.7260211
-0.5188028 -0.6576504 0.6590688 0.501543 0.737499
-0.3491088 -0.4516613 0.587016 0.9137879 0.6074619
-0.2136666 -0.4616499 1.348752 0.5225961 0.223917
0.1348182 -0.5881127 1.137076 0.9707266 0.3229544
0.02660799 -0.6268882 1.227364 0.8054847 0.3294487
-0.3368217 -0.4184745 0.5499747 1.006227 0.6101301
-0.3485568 -0.4251516 0.5686452 0.9531734 0.6025336
-0.3597507 -0.4381423 0.5689766 0.9245183 0.6170589
-0.4163886 -0.5873593 0.7700111 0.589949 0.5828714
-0.2107748 -0.4366688 1.64225 0.4077252 0.1433718
-0.4203011 -0.4290769 0.6231456 0.7455247 0.5824693
-0.2772956 -0.5439881 0.947366 0.6653402 0.4263146
-0.3109232 -0.6768801 0.9992674 0.578249 0.4873324
-0.4182521 -0.487119 0.6078634 0.748318 0.640568
-0.4092471 -0.4608702 0.5990644 0.7835252 0.6255611
-0.4028871 -0.6349761 0.5806118 0.7597494 0.7524514
-0.4158934 -0.5601205 0.6092699 0.7304776 0.6880074
-0.3972878 -0.610586 0.5769226 0.7796201 0.7402473
-0.4215636 -0.6528865 0.7198069 0.6109645 0.6573023
-0.1553023 -0.5985822 1.002457 0.7651874 0.4155389
-0.4008855 -0.5300343 1.56868 0.2493301 0.2277946
-0.2207796 -0.5285313 1.278161 0.5453975 0.2860082
0.01158392 -0.6299822 1.197747 0.808102 0.3416812
-0.2672426 -0.5664898 0.9429628 0.677707 0.4409294
-0.2683322 -0.508304 0.9475712 0.6823111 0.4008402
-0.3341676 -0.5992919 1.29981 0.4137467 0.3339006
0.1839846 -0.5116847 1.480704 0.8242775 0.1906902
-0.1146697 -0.4150812 1.572358 0.5260715 0.1371652
-0.5055543 -0.659395 0.4699778 0.6832111 0.9219815
-0.4878992 -0.6622064 0.5261298 0.6605728 0.8526474
-0.4495139 -0.6682755 0.8348383 0.4948227 0.5975246
-0.3069891 -0.4858007 1.376021 0.409836 0.2410411
-0.4151224 -0.6570567 0.4754705 0.8409801 0.8722862
0.3624455 -0.4206188 1.354809 1.070221 0.1505414
-0.1608213 -0.4773007 1.631885 0.458782 0.1657612
0.02796018 -0.3719937 1.462703 0.7174773 0.1213328
-0.2627994 -0.5120711 1.689624 0.3465956 0.1810668
-0.2352313 -0.6068648 0.9340548 0.7165602 0.4639277
-0.3242207 -0.5546378 0.9781107 0.5840335 0.4274334
-0.5597908 -0.5789075 1.501647 0.1047975 0.2878115
-0.2524254 -0.4950285 1.328021 0.4894574 0.2544442
-0.2739675 -0.6694449 0.9724342 0.6373526 0.4888671
-0.002550483 -0.6225173 1.217742 0.7846926 0.3332442
-0.4054858 -0.4732421 0.6116565 0.7721536 0.6222997
-0.4085498 -0.4774852 0.5929326 0.7860302 0.6435112
-0.3834055 -0.5682971 0.5536623 0.8421856 0.7318139
-0.3594895 -0.5631226 0.5316464 0.9112614 0.7404774
-0.4152848 -0.6222229 0.5958261 0.7284601 0.7364351
-0.3780556 -0.580139 0.5573432 0.8427426 0.7334064
-0.4103077 -0.4450621 0.611501 0.772722 0.602282
-0.3988528 -0.5147166 0.5809362 0.8042259 0.6775402
-0.3337816 -0.4141038 0.5471314 1.019099 0.6079935
-0.1722541 -0.4585929 1.637868 0.4459658 0.1545992
-0.5219082 -0.6696978 0.6746646 0.4854942 0.7319393
-0.5353066 -0.6707215 0.7073144 0.4429736 0.7107008
-0.42533 -0.6220703 0.6184648 0.691467 0.720251
-0.4025816 -0.4884146 0.5909816 0.7954757 0.6511163
-0.2287232 -0.6621682 0.9137128 0.7282254 0.5040279
-0.5226678 -0.6562636 0.5790095 0.5546609 0.8107828
-0.4511963 -0.6626685 0.8344716 0.4928229 0.5950561
-0.6979598 -1.353554 1.294156 0.1372894 0.6875299
-0.2562388 -0.4850986 0.9279789 0.7165609 0.3915255
-0.4399343 -0.5469106 1.25622 0.3075065 0.3303989
-0.4102123 -0.7159988 0.8986681 0.5099351 0.577347
-0.2688485 -0.4616696 1.353863 0.4604719 0.2278704
-0.3409549 -0.5715799 1.55903 0.3157247 0.2480979
-0.5926623 -0.5641932 1.305877 0.1083878 0.3438672
-0.5525035 -0.5930645 1.5141 0.1127361 0.2915573
-0.2981991 -0.4653643 1.311682 0.446128 0.2447854
-0.5944713 -0.5742089 1.298485 0.1101133 0.3527607
-0.5263103 -0.6666286 0.6074017 0.5256666 0.7904443
-0.4303626 -0.5585768 1.102523 0.3822738 0.3938076
-0.396985 -0.5572127 1.255334 0.3592343 0.3314881
-0.5707069 -0.6075418 1.926941 0.0253635 0.2063589
-0.1568101 -0.4605234 1.354474 0.5798877 0.2164446
-0.4984801 -0.6735482 0.8220957 0.4324574 0.6205925
-0.3806034 -0.5715284 1.125952 0.4341991 0.3847506
-0.344881 -0.5653948 1.092954 0.4937345 0.3885734
-0.5180074 -0.6673588 0.640596 0.5154431 0.7580771
-0.6200207 -0.5757443 1.197952 0.1029994 0.3954287
-0.437327 -0.5550056 1.327579 0.2863456 0.3116832
-0.250787 -0.4810541 0.9187551 0.7316071 0.3919463
-0.3484504 -0.5738231 1.10944 0.4810347 0.387766
-0.3646846 -0.5747047 1.083625 0.4740013 0.4011608
0.007095397 -0.3390094 1.480911 0.6920977 0.09738576
0.02162015 -0.3372093 1.470141 0.7121859 0.09723246
-0.2508548 -0.5001973 1.00015 0.670022 0.3694167
-0.3299568 -0.566929 0.8009605 0.696279 0.5289413
-0.2753741 -0.7249917 1.050402 0.5875051 0.4842029
0.2043058 -0.4168384 1.433169 0.8866396 0.143721
-0.2694059 -0.5367161 0.9436953 0.6790735 0.421844
0.01912403 -0.3322249 1.479385 0.7054663 0.0923568
-0.07280135 -0.639923 1.175647 0.7384461 0.3641442
-0.4321648 -0.5600033 0.6237929 0.6885611 0.6810122
-0.4123885 -0.6354887 0.5951846 0.730484 0.7432564
-0.4255778 -0.4577921 0.6410121 0.7079636 0.591956
-0.4222744 -0.623921 0.6056259 0.707568 0.7312854
-0.4183579 -0.4284117 0.6109101 0.7635079 0.5921425
-0.4217665 -0.4767593 0.6196392 0.7322758 0.6236701
-0.4220912 -0.56903 0.6167157 0.7104341 0.6892725
-0.3581168 -0.5354748 0.5260329 0.9339002 0.728187
-0.3297911 -0.4191536 0.597297 0.9523558 0.5651955
-0.1895744 -0.4516453 1.615012 0.4378674 0.1560532
-0.7056323 -0.6298432 1.296644 -0.01561838 0.4017139
-0.3632908 -0.5885796 1.015314 0.5107899 0.4386668
-0.5797881 -0.6799667 1.179701 0.1806393 0.4565806
-0.5938308 -0.6760658 1.174461 0.1640595 0.4589619
-0.3660355 -0.6740776 0.9327117 0.5487834 0.5279992
-0.6015069 -0.7834578 1.173687 0.1738088 0.5152525
-0.601768 -0.5751672 1.467427 0.06400037 0.2999085
-0.3974152 -0.5223275 1.677689 0.2230123 0.1989303
-0.2051641 -0.4928818 1.626688 0.419713 0.178731
-0.4823929 -0.6670851 0.7241567 0.5151065 0.6797099
-0.5286732 -0.6610672 0.5872116 0.5372847 0.807621
-0.4386329 -0.6671584 0.7479737 0.5646733 0.650246
-0.7323076 -1.265497 1.269231 0.09827542 0.6776803
-0.3649227 -0.4515235 0.6821307 0.7760128 0.5350141
-0.4193317 -0.4133864 0.5877852 0.7948374 0.6013043
-0.3796481 -0.6227502 0.5490211 0.8334274 0.7660266
-0.2935127 -0.5207691 1.332649 0.4428777 0.273317
-0.3769934 -0.4414772 0.6231765 0.8229387 0.5776356
0.04018807 -0.3771327 1.459351 0.730159 0.1245219
-0.3694757 -0.4871612 1.61606 0.2633858 0.1897408
-0.3968997 -0.5471429 1.182558 0.3884668 0.3506964
-0.6030183 -0.7804134 1.19563 0.1656677 0.5047817
-0.6053888 -0.6768835 1.201788 0.1423827 0.4499322
-0.4244228 -0.5916806 0.6241947 0.6943589 0.6974402
0.1866196 -0.4404694 1.43758 0.8637152 0.1583236
-0.6827294 -0.5591905 1.313894 -0.009750366 0.3501188
0.2329381 -0.4309404 1.496848 0.8713868 0.1384858
-0.3979212 -0.5221035 0.5754474 0.8094075 0.6873152
-0.4159928 -0.5797966 1.578874 0.2368436 0.2544487
-0.4235109 -0.5336416 0.6232332 0.7103328 0.6613321
-0.6049297 -0.5616335 1.300164 0.09380776 0.3459445
-0.4564235 -0.6605942 0.5337294 0.708572 0.8308368
-0.6101329 -0.5714119 1.250926 0.101461 0.3705913
-0.000582099 -0.3399808 1.447007 0.702622 0.1047066
-0.5819349 -0.5573087 1.20811 0.146695 0.3741075
-0.5581555 -0.5644111 1.155994 0.1954529 0.3957691
-0.03122425 -0.6392087 1.146693 0.7957619 0.3680229
-0.3685142 -0.5686964 1.073272 0.4744874 0.4023324
-0.3629624 -0.5202435 1.545627 0.2937525 0.2243311
-0.5410977 -0.5532663 1.174708 0.209991 0.3785273
-0.4402043 -0.5698773 1.354189 0.2758567 0.3125571
-0.5577678 -0.7859945 1.188018 0.220502 0.5031866
-0.3433948 -0.4128771 0.5627003 0.9785188 0.5958082
-0.488214 -0.5779554 1.412721 0.2056957 0.3050503
-0.4574498 -0.5698105 1.380437 0.2483014 0.3065141
-0.04713082 -0.6505457 1.128711 0.7889089 0.3821729
-0.4457192 -0.5657718 1.212541 0.318485 0.3580614
-0.3179039 -0.5366155 1.158278 0.4941463 0.3419952
-0.4925045 -0.5631881 1.155835 0.2811811 0.3848169
-0.1901842 -0.6526069 0.9654027 0.7402266 0.4679706
-0.4499501 -0.5877806 1.635712 0.189992 0.2482218
-0.4996971 -0.5569404 1.113717 0.2871289 0.3992625
-0.3996012 -0.5652682 1.047723 0.4478972 0.4161729
-0.4414027 -0.6662937 0.6163284 0.6588516 0.7515229
0.000102818 -0.3413873 1.494663 0.6778423 0.0969485
-0.4187223 -0.7881749 1.102271 0.4056135 0.5170966
-0.7201084 -0.5825645 1.288297 -0.04759145 0.3792354
-0.6555222 -0.5756432 1.343402 0.02418655 0.3460717
-0.02507317 -0.4838045 1.377615 0.6970304 0.2135297
0.1565245 -0.5863203 1.042615 1.060221 0.3493258
-0.407861 -0.6533554 0.4689831 0.862367 0.8743787
-0.46777 -0.555441 1.206409 0.2927579 0.3570323
-0.6026921 -0.5670825 1.199025 0.1238447 0.3869454
-0.4486376 -0.6580759 0.4592251 0.7996374 0.9064548
-0.1389378 -0.4718089 1.315672 0.6170112 0.2319121
-0.0411191 -0.6492687 1.238273 0.7330127 0.3456978
-0.5565847 -0.5854574 1.400172 0.1328372 0.3209785
0.1265454 -0.5402163 1.234228 0.9113681 0.2688812
-0.634419 -0.560365 1.277259 0.06104144 0.3574584
-0.1493438 -0.4752516 1.320318 0.6035131 0.2338641
0.06065691 -0.4151322 1.435254 0.756685 0.1520742
-0.5313096 -0.5706255 1.330342 0.1779215 0.3315502
0.06297266 -0.5305676 1.444362 0.7370679 0.217967
-0.4809781 -0.5664089 1.232673 0.2683736 0.3560467
-0.532606 -0.5754851 1.378882 0.1641024 0.3189955
-0.2502623 -0.4659996 0.9567892 0.7067822 0.3638486
0.06070602 -0.5369201 1.434137 0.7393556 0.2239442
-0.1992024 -0.535774 0.9380128 0.7717597 0.4114161
0.09695363 -0.6523147 1.326734 0.8083951 0.3077453
-0.5242973 -0.5588714 1.211504 0.220505 0.365314
0.1742758 -0.5594947 1.422425 0.838667 0.229602
-0.4313089 -0.6087222 1.605963 0.2181182 0.2647393
