-0.3834908 0.00407243 -0.008852863 
0.99946 1
0.99946 0
0.0005400776 1
0.0005400777 0
422
-0.1883794 -0.6522526 0.7787845 0.5019702 0.4203886
-0.2152139 -0.4817927 0.9417368 0.4424019 0.2416196
0.3511968 -0.6387252 1.074308 0.9992618 0.2846587
0.3323687 -0.6273399 1.111338 0.9689072 0.2679047
0.1770132 -0.5938138 1.164464 0.8073695 0.2364998
0.1505842 -0.571498 0.9962274 0.8496463 0.2751818
0.1511309 -0.5778633 1.199847 0.773568 0.2181507
0.1427633 -0.6544161 0.9940366 0.8193195 0.3233135
0.1446863 -0.6012964 1.175334 0.7701631 0.237986
0.1338657 -0.5341911 1.208522 0.763092 0.1907865
0.1254222 -0.5838927 1.012255 0.8124788 0.27768
0.09956858 -0.5879413 1.044482 0.7716714 0.2700365
0.08115628 -0.6526937 0.5441118 0.9615349 0.5319453
0.08915165 -0.572495 1.057526 0.7594948 0.2569892
0.07908115 -0.6330055 1.246347 0.6794206 0.2365856
0.06970617 -0.5330433 1.411978 0.6430863 0.1423827
0.0403367 -0.6519688 0.5047489 0.9284964 0.5597871
0.002322048 -0.6249797 1.172549 0.6245925 0.253574
-0.01404354 -0.5973091 1.259477 0.590662 0.2146046
-0.01715544 -0.572111 1.294529 0.582512 0.1915848
-0.03211102 -0.5575348 1.307652 0.5664061 0.1801254
-0.04448944 -0.5600365 1.287473 0.5581973 0.186577
-0.05306172 -0.6278591 1.159337 0.570798 0.2597827
-0.07432103 -0.6304543 1.111869 0.5591859 0.275966
-0.136246 -0.47569 1.547185 0.4281174 0.08152902
-0.133208 -0.4677443 1.283032 0.4744218 0.1314851
-0.1893488 -0.494976 1.282569 0.4124212 0.1488358
-0.2380009 -0.4751489 1.322416 0.3543652 0.126634
-0.2254822 -0.5547045 0.9084415 0.4318032 0.3045881
-0.238738 -0.62321 0.6970774 0.4548976 0.4468061
-0.1531458 -0.6471774 0.2364256 0.7793238 0.8128102
-0.3006692 -0.5838907 0.9632281 0.3258868 0.3040238
-0.3090368 -0.6064226 0.9829342 0.3136741 0.310789
-0.1642512 -0.6478037 0.2469328 0.750687 0.8032387
-0.1761434 -0.6531277 0.2470875 0.7253831 0.807752
-0.2213667 -0.6514429 0.3019623 0.6100116 0.7556127
-0.2551762 -0.6538696 0.3360814 0.5315508 0.7279082
-0.2680499 -0.6565931 0.3340995 0.5077542 0.7331408
-0.3058591 -0.6564319 0.479681 0.3987812 0.6116612
-0.2668225 -0.6539856 0.3471267 0.5058079 0.7189808
-0.2819234 -0.6623584 0.9646884 0.3500519 0.3499701
0.2270519 -0.5506275 1.169217 0.8660955 0.2102045
0.1991222 -0.5663834 1.228769 0.8131397 0.2037586
0.1859263 -0.5785064 1.068247 0.8560928 0.2557723
0.1371574 -0.604367 1.002188 0.8235356 0.2927074
0.1366241 -0.6429248 0.9955791 0.8152891 0.3166481
0.07036239 -0.6500074 0.4495739 1.009233 0.5939376
0.06340465 -0.5188835 1.405575 0.6407272 0.1356987
0.0243431 -0.6463161 0.391441 0.9822564 0.6402957
0.000805974 -0.6251023 1.19413 0.6176036 0.2475066
-0.0339435 -0.5723373 1.284838 0.5680141 0.1942171
-0.009272516 -0.6484905 0.4203149 0.9087557 0.6224732
-0.2643791 -0.5333889 1.286032 0.3304979 0.1718489
-0.2818789 -0.5469366 0.9496766 0.3513152 0.2848401
-0.1678699 -0.6533029 0.233865 0.7495798 0.8213239
-0.1791049 -0.6495225 0.2645916 0.7107102 0.7872068
-0.2204265 -0.66073 0.2869342 0.6164789 0.7757974
-0.04673484 -0.6001974 1.212511 0.5682468 0.2291012
-0.09480613 -0.6625903 0.7868986 0.6182525 0.4183254
-0.1832448 -0.6805382 0.7610258 0.510263 0.4449615
-0.2087682 -0.6533623 0.8014661 0.4699866 0.4112809
0.05235812 -0.6486142 0.3784872 1.034569 0.6488905
-0.2397181 -0.5190505 1.211117 0.3665262 0.1824724
-0.2203189 -0.6369498 0.7652982 0.4639438 0.4192985
-0.2206743 -0.6535674 0.2922582 0.6153319 0.7666217
-0.1652885 -0.6514269 0.2302569 0.7577188 0.8240984
-0.2794316 -0.6588774 0.452764 0.4501588 0.631302
-0.06388101 -0.6565515 0.5617576 0.7465963 0.5339454
0.09439728 -0.6072685 1.063199 0.755206 0.2752936
-0.212294 -0.4733949 1.309402 0.3840446 0.1286355
-0.01528868 -0.6484019 0.3345627 0.9582841 0.6940407
-0.0827145 -0.6485996 0.3411363 0.8394022 0.6969058
-0.2032737 -0.6524305 0.3880926 0.6046292 0.6726047
-0.2224143 -0.6508633 0.3052832 0.6066372 0.7520816
0.2152519 -0.425624 1.439085 0.7903716 0.07494831
0.1038279 -0.6461675 0.4459417 1.063176 0.59128
-0.2789063 -0.6557246 0.3589683 0.4791974 0.7103833
-0.3300601 -0.6596888 0.513272 0.3514314 0.5907989
-0.2632923 -0.6576458 0.4779128 0.470413 0.6094381
-0.1627434 -0.6538293 0.3997852 0.668704 0.6586297
-0.2906216 -0.655677 0.3708742 0.4539092 0.7008627
0.03207192 -0.62073 1.235252 0.6388083 0.2334523
-0.3401412 -0.6602659 0.5111136 0.3350587 0.5936667
-0.2904337 -0.6556822 0.3551729 0.4589969 0.7155175
-0.2173516 -0.6532165 0.3430014 0.5986403 0.7156373
-0.3040107 -0.6588883 0.3860002 0.4248972 0.6906023
-0.2650107 -0.6628569 0.4440376 0.4767955 0.6389567
-0.3283564 -0.6550052 0.5220162 0.3526263 0.5815666
-0.3307745 -0.6532375 0.5209794 0.3487954 0.5814959
-0.3181173 -0.660161 0.3994708 0.3958165 0.6810877
-0.2536516 -0.6540557 0.3375383 0.5338117 0.7263799
-0.243511 -0.659444 0.3043027 0.5651364 0.760778
-0.3190468 -0.6638216 0.3871926 0.3969562 0.6941689
-0.3299452 -0.601262 0.5184042 0.3501086 0.5512696
-0.1976568 -0.6509936 0.2810993 0.6655742 0.773337
-0.3092821 -0.4397663 0.5358909 0.3853669 0.4157768
0.1124632 -0.6450685 0.5293462 1.017771 0.5344155
-0.3306668 -0.5350631 0.5177016 0.3481724 0.5065226
-0.3273686 -0.6551418 0.4062701 0.3775887 0.6734521
-0.3224825 -0.4208946 0.5680792 0.3520213 0.3779126
-0.3899272 -0.5519793 1.578994 0.1851601 0.1173862
-0.2746274 -0.6589612 0.3610544 0.4860242 0.7096123
-0.3418382 -0.6627123 0.4244698 0.3477439 0.6637349
-0.3146175 -0.4265025 0.5277035 0.3770033 0.4101757
0.1098346 -0.6580136 1.03663 0.7689248 0.3116613
-0.03151199 -0.6661789 0.7057362 0.7265199 0.4565208
-0.3740772 -0.4556937 0.6605176 0.2431723 0.3539735
-0.2321308 -0.5161657 1.614703 0.3300755 0.09166706
-0.2294518 -0.5192674 1.617655 0.3323262 0.09288871
-0.3242603 -0.6588827 0.514909 0.3607248 0.5885947
-0.3543839 -0.6646624 0.422598 0.3256384 0.667915
-0.3538728 -0.6613929 0.433801 0.324518 0.6565129
-0.3126355 -0.6632659 0.482577 0.386545 0.6140633
-0.3394042 -0.6632491 0.4054812 0.3558734 0.6801546
0.05185273 -0.5484957 1.43636 0.6187357 0.1457871
-0.05258569 -0.6169937 1.176281 0.5686229 0.2487934
-0.3285419 -0.5639524 1.172454 0.2705841 0.222003
-0.3257263 -0.6011571 0.5152566 0.3580433 0.5531277
-0.2742284 -0.6616792 0.3343593 0.4953793 0.736475
-0.2993236 -0.6590093 0.3854557 0.433567 0.6905581
-0.06140497 -0.6603526 0.689773 0.6952773 0.4630017
-0.4107127 -0.66201 0.5627643 0.2122426 0.564271
-0.2882931 -0.6581026 0.4867216 0.4265096 0.6055307
0.1513099 -0.5888284 1.184265 0.7764766 0.2285188
-0.315367 -0.6137518 0.98315 0.3060423 0.3153244
-0.3719397 -0.661243 0.4519837 0.2895486 0.6433918
-0.2368739 -0.6522856 0.3042683 0.5792907 0.7560751
-0.1052859 -0.4791163 1.547948 0.4571425 0.08367777
-0.3338984 -0.4451786 0.5228041 0.3392925 0.4315596
-0.4339275 -0.665956 0.6469539 0.1715843 0.513721
-0.4331246 -0.6711556 0.6516987 0.1734372 0.513846
-0.1805249 -0.6309386 0.6595721 0.5476558 0.4687699
-0.2162236 -0.6500548 0.8264127 0.4552079 0.3982435
-0.3613188 -0.6346267 0.5472894 0.2932082 0.5543255
-0.3167805 -0.6591201 0.4016573 0.3977454 0.678418
-0.3323609 -0.5306023 1.070337 0.2726551 0.2324835
-0.1499829 -0.6594654 0.5281081 0.6329589 0.5642691
0.1071124 -1.415011 0.3776068 0.8166255 0.8967081
-0.2535257 -0.508276 1.125651 0.361997 0.1998085
-0.3301201 -0.4116594 0.5516232 0.3401389 0.3809379
-0.3382432 -0.6620891 0.4234223 0.3543681 0.6638516
-0.4047951 -0.6655447 0.4851738 0.22849 0.6228219
-0.4186753 -0.6660209 0.4989842 0.2034088 0.61382
-0.3441434 -0.5442563 0.5228788 0.3226249 0.5104951
-0.1558902 -0.4580017 1.319235 0.444046 0.1167277
-0.157715 -0.4570485 1.316971 0.442505 0.1166126
-0.08986732 -0.6460749 0.2567819 0.8859369 0.7791991
0.1305941 -1.281246 0.3242814 0.8967354 0.900354
-0.3401237 -0.6644093 0.3973457 0.356222 0.688085
-0.4184825 -0.6676061 0.4855042 0.2048134 0.6251786
-0.07070562 -0.6590738 0.4740734 0.7783705 0.594583
-0.2612859 -0.6665448 0.4353976 0.48532 0.6475731
-0.4324433 -0.6726455 0.5162258 0.1797853 0.6059321
-0.2520728 -0.6561303 0.4107766 0.5102953 0.6610836
-0.2578225 -0.6581607 0.4207452 0.496788 0.6545265
-0.1080784 -0.6583303 0.543456 0.6897821 0.5500345
-0.1276145 -0.6511018 0.4095825 0.7235636 0.6450428
-0.1410125 -0.663177 0.5860695 0.6236168 0.5283768
-0.1203523 -0.6633505 0.5887944 0.6523554 0.5253113
-0.0870831 -0.6139296 1.119702 0.5455462 0.2644198
0.1307649 -1.366098 0.3678057 0.8553334 0.8904204
-0.4464941 -0.669672 0.5253798 0.1549624 0.5987657
-0.3711218 -0.6651133 0.4568309 0.2905715 0.6415465
-0.4477742 -0.6808312 0.5198169 0.1548643 0.6094213
-0.2849922 -0.6499502 0.5561384 0.4159487 0.5510651
-0.2215451 -0.6505828 0.3157898 0.6035571 0.7412243
-0.2745334 -0.6520793 0.4746577 0.4530343 0.6098252
0.1854561 -0.4334047 1.42059 0.7665845 0.08287251
-0.4748902 -0.6844667 0.7324779 0.1121127 0.4778529
-0.1598161 -0.6542308 0.446366 0.6524254 0.621124
-0.09158394 -0.6263998 1.109986 0.5416225 0.2745724
0.09821996 -0.6449428 1.255974 0.6929785 0.2401175
-0.4667284 -0.6691805 0.5461847 0.1202168 0.585175
-0.4005615 -0.6680022 0.4878628 0.2358953 0.6216923
-0.4016861 -0.679817 0.4688729 0.2369563 0.6434532
-0.230598 -0.4573291 0.9463879 0.4218436 0.2222681
-0.2641732 -0.661891 0.3624953 0.5042684 0.7084554
-0.03915486 -0.6479805 0.380802 0.8869386 0.6569459
0.1784694 -0.5456678 1.375542 0.7513484 0.1574038
-0.3450431 -0.4341963 0.517744 0.3172277 0.4264033
-0.2018674 -0.6556631 0.403941 0.5997676 0.6607139
-0.170832 -0.6527535 0.2971103 0.7068604 0.7535253
0.1561777 -0.5984936 1.158785 0.7876571 0.2409319
0.1396292 -1.404501 0.3302677 0.8678522 0.9205221
-0.2411686 -0.6453945 0.8577179 0.4173533 0.3826287
-0.3524517 -0.5639185 1.25492 0.2379261 0.198867
-0.3549672 -0.5636191 1.255677 0.2350722 0.1984968
-0.2465542 -0.611423 0.6790905 0.4485297 0.4496949
-0.2036308 -1.405906 0.4661351 0.4900019 0.8721665
-0.3580716 -0.6258302 0.5347387 0.2999123 0.5574986
-0.1711925 -1.410927 0.4791508 0.5194574 0.8625697
-0.1816432 -0.657483 0.2417946 0.7161811 0.8167762
-0.3175845 -0.6652182 0.5244761 0.3698304 0.584766
-0.07207218 -0.6405603 0.266872 0.9141601 0.7629501
-0.03015932 -0.515674 1.341132 0.5654708 0.1478416
-0.3632526 -0.5378903 1.12404 0.2312128 0.2205406
-0.1241392 -0.6484901 0.3016353 0.7913991 0.7398215
-0.1254253 -0.6490677 0.3016633 0.7888089 0.7402865
-0.5071965 -0.6651707 0.5815786 0.05203351 0.5614333
-0.13837 -0.6605362 0.6872691 0.5932639 0.4687448
-0.1336834 -0.6585062 0.5462202 0.6505752 0.5503746
0.3586738 -0.5206449 1.282958 0.9554708 0.1640979
0.3981338 -0.5775528 1.289356 0.9713407 0.1938713
0.3874327 -0.5762957 1.250175 0.977996 0.2026964
-0.08767486 -0.4665263 1.367888 0.5063199 0.1118315
0.3747414 -0.5111586 1.278178 0.9751993 0.1597606
0.07161808 -0.6520591 0.4598363 1.00289 0.587721
-0.3431942 -0.5727728 0.5220435 0.3254879 0.5309249
-0.233257 -0.6187741 0.767675 0.4470087 0.4076642
-0.4439755 -0.6803887 0.510365 0.1615068 0.6159002
-0.3523547 -0.6513505 0.2752775 0.3590525 0.805954
-0.3159319 -0.6589625 0.4105834 0.3971474 0.6704452
-0.3086099 -0.657355 0.3556114 0.4247252 0.7185251
0.1175047 -0.6354361 1.026946 0.7855645 0.3023784
-0.1540361 -0.6504746 0.2995107 0.7373314 0.7473944
0.36162 -0.5023278 1.292222 0.9600127 0.1514716
0.04062083 -0.6732048 1.19038 0.6509407 0.2736174
-0.4086338 -0.6522889 0.6155999 0.2110102 0.5232627
-0.1876343 -0.6422245 0.7819159 0.5031461 0.4129567
-0.3672766 -0.5421184 1.153769 0.2250018 0.2142515
-0.364378 -0.5613884 1.232262 0.225666 0.2036194
0.196709 -0.5755135 1.067996 0.868209 0.2539589
0.4160776 -0.5677139 1.318111 0.9786539 0.181863
0.01632273 -0.6301314 1.298813 0.6070105 0.2220211
0.3824168 -0.578886 1.295476 0.9545984 0.1932116
0.4227858 -0.4898458 1.630466 0.893046 0.08004647
0.3665397 -0.6605909 1.066011 1.010087 0.2983719
0.3665786 -0.3997184 1.324226 0.9839145 0.08239222
-0.1465437 -0.6616259 0.2451992 0.7800178 0.8088676
-0.2372582 -0.5578781 0.908214 0.4163076 0.3070638
-0.2353422 -0.5627632 0.915115 0.4173431 0.3074695
-0.3639078 -0.5389153 1.095095 0.2322528 0.2303115
-0.3063197 -0.6525595 0.2539865 0.460863 0.8228053
-0.2987699 -0.6544917 0.2563148 0.4754196 0.819674
-0.1653452 -0.6657955 0.3485767 0.6855182 0.7101852
-0.09728694 -0.5914657 1.18761 0.5221822 0.2316163
-0.325197 -0.4480817 0.51528 0.3584789 0.4389441
-0.1077479 -0.6618544 0.5430104 0.689546 0.5523188
-0.2817604 -0.6593595 0.573647 0.4166964 0.5447437
0.2369892 -0.6040587 1.097876 0.8888556 0.2605991
0.1662452 -0.5736536 1.182361 0.7953046 0.2203504
-0.02983412 -0.6320601 1.239502 0.5755947 0.2390839
-0.3207244 -0.6574997 0.3100051 0.4140376 0.7659225
-0.3193454 -0.6594132 0.3115454 0.4162164 0.7650906
-0.1517635 -0.651341 0.7524651 0.5571067 0.4308285
-0.2943896 -0.6767184 0.9836826 0.3330125 0.3511603
-0.1983134 -0.6633645 0.9397635 0.453858 0.3576511
-0.3049451 -0.6557785 0.2675873 0.4587464 0.8085268
-0.2121885 -0.5201326 1.609061 0.3490764 0.09505284
0.02265438 -0.6069118 1.224073 0.6343731 0.2290022
0.3958006 -0.5571541 1.213484 1.007329 0.2012699
0.09323129 -0.5485153 1.018919 0.7838476 0.2547547
0.04081985 -1.415248 0.2926034 0.7804751 0.9575964
-0.1128439 -0.6480672 0.3019264 0.811799 0.7376648
-0.1499126 -0.4460875 1.554259 0.4149267 0.06248903
-0.2603219 -0.5658959 0.9425656 0.3802633 0.2994472
-0.3842136 -0.5387171 1.56425 0.1899619 0.1128389
-0.2392546 -0.5334421 1.289324 0.3571954 0.1709978
-0.2761297 -0.5517126 1.155538 0.3321328 0.2189333
-0.2785614 -0.5471271 1.146794 0.3302381 0.2186903
-0.1748875 -0.5979841 0.9234061 0.4901608 0.3248374
-0.3671961 -0.649403 0.4526035 0.2971709 0.6355365
-0.2629615 -0.6576174 0.310562 0.5259118 0.756426
-0.255874 -0.5795324 0.8847481 0.3954258 0.3311521
-0.08544034 -0.4319396 1.272501 0.5314705 0.1106544
-0.03284857 -0.5435472 1.323485 0.5636998 0.1682699
-0.2584814 -0.6597567 0.8152568 0.4021611 0.4107947
-0.455118 -0.6533018 0.3711364 0.138196 0.721993
-0.256605 -0.6032802 0.909964 0.3897344 0.3358014
-0.445306 -0.6596301 0.3597661 0.1593775 0.7352701
-0.4750324 -0.676308 0.7897934 0.1111316 0.4430211
0.4450866 -0.5328447 1.378145 0.9904952 0.1499087
0.1544713 -0.6532285 0.9830133 0.8361108 0.326189
-0.1787662 -0.6626073 0.5623565 0.5764689 0.5458398
-0.3308423 -0.6554456 0.293205 0.3985588 0.7844013
-0.1464752 -0.6678163 0.8454791 0.5369024 0.3972248
-0.3389979 -0.5360466 0.513879 0.3334866 0.5107757
0.09458941 -0.6080252 1.440982 0.6484398 0.1765701
-0.1341351 -0.4371784 1.554072 0.4304393 0.0573144
0.4394933 -0.5580767 1.323089 1.000066 0.1755074
-0.04639956 -0.6297819 1.143845 0.5810989 0.2653594
0.3949705 -0.5882548 1.145129 1.026314 0.2364045
0.3956127 -0.5881885 1.142687 1.02805 0.2370312
0.009273976 -0.648644 0.4634891 0.9097678 0.5888601
-0.168841 -0.6519841 0.353544 0.6810656 0.6986955
-0.218292 -0.4556372 1.609508 0.342819 0.0578388
-0.2707341 -0.5512507 1.130919 0.3412832 0.2259756
-0.3951616 -0.53684 1.5954 0.1784151 0.1057085
-0.4875094 -0.6644397 0.5415717 0.08346516 0.5876854
-0.356049 -0.6553612 0.2841683 0.3493871 0.7985855
-0.1517595 -0.5007616 1.274878 0.453997 0.154376
-0.265896 -0.5132303 1.138902 0.3455604 0.1992294
-0.3693331 -0.6603553 0.4132715 0.2998269 0.6754065
-0.3571335 -0.6567788 0.2952188 0.3447624 0.7872764
0.3671853 -0.5336393 1.264235 0.9669793 0.1758246
0.1255331 -0.6564683 1.063456 0.7761593 0.3017676
-0.4632136 -0.6696856 0.5779247 0.1263523 0.5628508
0.1191701 -0.5935276 1.164948 0.7498779 0.2368419
0.2039226 -0.5665841 1.045961 0.8874245 0.255414
-0.2580733 -0.662732 0.3231361 0.5295544 0.7457125
-0.3855015 -0.4543816 0.5908291 0.2285031 0.3960322
-0.09384555 -0.6421359 0.2570676 0.8804283 0.7775352
-0.2959245 -0.559847 1.351195 0.2916013 0.171584
-0.4061153 -0.6557472 0.4926062 0.2244045 0.6114914
-0.4040011 -0.658826 0.4971418 0.2280847 0.6095765
-0.1062199 -0.6188138 1.035945 0.5432644 0.2946507
-0.3846406 -0.6176039 0.5769063 0.2494868 0.5252978
0.3563655 -0.4162512 1.260603 0.9968247 0.1060568
-0.2567324 -0.6541288 0.3899893 0.5093501 0.6784555
-0.2549417 -0.6547772 0.3908569 0.5121533 0.6778327
-0.03610066 -0.650959 0.4621918 0.8407805 0.5953057
-0.2083202 -0.6527146 0.7714989 0.4773879 0.4250857
-0.03725132 -0.467307 1.303639 0.5721092 0.1267921
-0.4638544 -0.6624976 0.4938892 0.1235185 0.6204023
-0.2909289 -0.6473513 0.280391 0.4836912 0.7875812
-0.3851584 -0.5005701 0.5770417 0.2361593 0.4428374
-0.1279307 -0.6468347 0.6691514 0.6159391 0.4698894
-0.1269426 -0.6465493 0.668194 0.6176844 0.4701847
-0.4037171 -0.6169131 0.6111653 0.2149637 0.5037975
-0.06496075 -0.6435213 0.2903351 0.9078274 0.7396905
-0.3057007 -0.6501269 0.2822849 0.4529184 0.7894129
-0.364344 -0.5379559 1.314727 0.2197357 0.1676091
0.4117558 -0.5512619 1.190313 1.034486 0.2037589
-0.1655064 -0.5807896 0.9065239 0.5073124 0.3205236
-0.008917958 -0.5741994 1.333256 0.5816451 0.1832838
0.1384389 -1.156899 0.3460686 0.9363145 0.8554511
-0.2093769 -0.6498685 0.3065331 0.6309041 0.7483164
-0.3932308 -0.4637416 0.59033 0.215002 0.4047287
-0.2508458 -0.5027131 1.058857 0.3748764 0.2166573
-0.3703568 -0.5482633 1.523123 0.2056069 0.1265497
-0.2501671 -1.419088 0.44911 0.4451594 0.8895898
-0.3758666 -0.6455193 0.2872596 0.3071733 0.7935312
-0.4309237 -0.6587711 0.4887512 0.1814197 0.6188295
0.006436229 -0.5598532 1.337103 0.5972887 0.1742846
0.1287806 -0.5025312 1.005358 0.841886 0.2295563
0.09249189 -0.6232104 1.178177 0.7134241 0.2498309
-0.2866082 -0.5606928 0.964766 0.3432358 0.2882832
-0.3833649 -0.5479705 1.204861 0.2041162 0.2031662
-0.169302 -0.523864 1.129837 0.4595354 0.2080567
-0.05544195 -0.6480477 0.3780184 0.8620012 0.6611826
-0.2196402 -0.6554567 0.9016304 0.4357629 0.36914
-0.002360702 -0.6492932 1.16474 0.6184658 0.2691189
-0.4097725 -0.4502659 0.6178594 0.1795928 0.3766479
-0.4348926 -0.6495359 0.5936506 0.1692206 0.5378984
-0.4483621 -0.6656214 0.4291539 0.1529255 0.6741701
-0.005078316 -0.5573792 1.409439 0.5706939 0.1564624
-0.2154309 -0.6553144 0.3750259 0.5880936 0.6871769
-0.4012166 -0.6695075 0.5687919 0.2282066 0.5637152
-0.1109714 -0.6475638 0.3623205 0.7784849 0.6810525
-0.331316 -0.6563655 0.4332739 0.3647085 0.6515002
-0.268819 -0.4831923 1.505861 0.3037084 0.09258986
-0.493602 -0.6637642 0.6141262 0.07592097 0.5376121
-0.4242648 -0.6489187 1.032091 0.1717963 0.3208401
-0.296817 -0.6561564 0.4062511 0.432617 0.6703083
-0.2959141 -0.4886237 1.360462 0.2880796 0.1262388
0.1195426 -1.03247 0.3310912 0.9691643 0.8337991
-0.1109281 -0.6471766 0.3733374 0.7723955 0.6712472
-0.5671995 -0.8016319 1.181904 0.03354388 0.3533761
-0.2763281 -0.6489837 0.2921706 0.5082701 0.7732365
-0.1721515 -0.6297105 0.6969306 0.5485095 0.4472216
0.01521817 -0.5270191 1.34536 0.6079645 0.1535668
0.4311675 -0.5507293 1.177797 1.058565 0.2065521
0.4632755 -0.5597215 1.225089 1.062896 0.1994075
0.3786044 -0.505842 1.298521 0.9719728 0.1520902
0.5012245 -0.5690391 1.323748 1.04958 0.1810248
0.0728645 -1.133332 0.3793398 0.8560436 0.8337569
0.1144515 -1.073705 0.3256634 0.9496251 0.8502147
-0.1729741 -0.6438881 0.2523692 0.7319208 0.7967331
-0.3760318 -0.4527239 0.6499381 0.2403607 0.3576898
-0.3884256 -0.5990953 0.5730825 0.241615 0.5162541
-0.3812419 -0.5829393 0.5712414 0.2525294 0.5062171
-0.2367367 -0.5532753 1.003954 0.4002686 0.268281
-0.3604618 -0.4346004 0.6022385 0.2730975 0.370209
-0.2520747 -0.5595193 0.9118523 0.3961838 0.3070785
-0.1995951 -1.383642 0.4460248 0.4993834 0.8791096
-0.3934974 -0.6166122 0.548613 0.2370206 0.5449327
-0.4230478 -0.6517347 0.604994 0.1883953 0.5308464
-0.2391508 -0.6486149 0.3188894 0.5694973 0.7396899
0.03356108 -0.6356138 0.3025175 1.074085 0.7099197
-0.3071423 -0.6471492 0.3638186 0.4258453 0.7049465
-0.03041521 -0.6244151 1.112592 0.6061882 0.2716285
-0.3281477 -0.6575673 0.4992333 0.3571982 0.5997441
-0.2559348 -0.54217 0.9130492 0.3912562 0.2952083
-0.0153006 -0.6464344 0.4569286 0.8775464 0.5945846
0.05076757 -0.6484667 0.4928437 0.9525654 0.5648502
0.4894992 -0.5621127 1.274962 1.062956 0.1885797
-0.2621124 -1.263236 0.4727935 0.4353519 0.8412268
-0.4761667 -0.6568943 0.6132841 0.10288 0.5326807
0.04315987 -0.6467404 0.4508238 0.9696541 0.5937101
-0.3662812 -0.4490088 0.6539522 0.2572288 0.3517751
-0.2484873 -0.6418188 0.3219244 0.5518661 0.7343776
-0.3038827 -0.6497118 0.3238494 0.4434842 0.7449641
-0.05682781 -0.6249335 1.081288 0.5858932 0.2822258
0.1551876 -0.5645286 1.374919 0.7267185 0.1679209
-0.2844628 -0.6057941 0.549189 0.4204944 0.5285475
-0.3064734 -0.6412234 0.5362598 0.3859245 0.561309
0.3589574 -0.4817514 1.247398 0.9830157 0.1496142
-0.246736 -0.6498535 0.3993628 0.5244688 0.6666709
0.1195754 -0.6456543 0.9974179 0.7959369 0.3179205
-0.3375026 -0.6486481 0.290876 0.3858714 0.7845685
0.4922237 -0.5722853 1.338291 1.034734 0.1795061
0.1104792 -0.6761345 1.043372 0.7632385 0.3190749
-0.190567 -0.5319893 0.9294106 0.4742084 0.280578
0.3809563 -0.5546839 1.206419 0.9974457 0.2017649
0.3866968 -0.6450472 0.9593285 1.086868 0.3242313
0.5286041 -0.571581 1.322474 1.072595 0.1825625
0.4924476 -0.5576177 1.233798 1.085846 0.1959653
0.4469234 -0.556631 1.379945 0.9842461 0.1622659
0.1302643 -1.368304 0.2888017 0.8849774 0.941608
0.005667478 -0.6471252 0.4456167 0.9162449 0.60124
-0.1977814 -0.6511062 0.2851208 0.6632004 0.7691875
-0.1497232 -0.6439307 0.2498821 0.7785646 0.7955357
-0.1533348 -0.6480576 0.2923449 0.743722 0.7532498
-0.1831145 -1.412554 0.4549019 0.512163 0.8782479
-0.05709359 -0.6479123 0.3623337 0.8694081 0.674629
-0.1026808 -0.6439052 0.353335 0.79949 0.6859428
0.4274421 -0.5200329 1.328338 0.9992445 0.1535369
0.06586692 -0.6460919 0.5099859 0.9644814 0.5509298
0.3662089 -0.5884126 1.170332 0.9881709 0.2299533
0.20885 -0.6520856 0.7286166 1.016082 0.4257088
0.438515 -0.4212563 1.399933 1.010825 0.08183271
0.3750909 -0.6287072 1.087335 1.019629 0.2750244
