-0.0943938 0.005619705 0.08670548 
0.99946 1
0.99946 0
0.0005400776 1
0.0005400777 0
407
-0.0007901937 -0.6400033 1.196975 0.3715521 0.2899278
-0.1996418 -0.5029785 1.307647 0.1240384 0.1759146
-0.250339 -0.4803902 1.34329 0.06057715 0.1517061
-0.3221694 -0.6139738 0.9967307 -0.0355562 0.3597299
-0.239063 -0.5171403 1.621894 0.0950096 0.1110628
-0.250025 -0.5403224 1.313113 0.07098043 0.1990938
-0.3877063 -0.5174195 1.596211 -0.06153136 0.116763
-0.2286609 -0.4600753 1.628351 0.09698549 0.07523966
-0.1581102 -0.4521578 1.576159 0.168629 0.0804016
-0.1425185 -0.4431164 1.577122 0.1840443 0.07449132
-0.1874943 -0.4412046 1.622744 0.1369603 0.06455147
-0.279588 -0.5226299 1.643505 0.05594993 0.1100271
-0.3075812 -0.4866826 1.362297 -0.005470634 0.1513704
-0.2496593 -0.5028812 1.332553 0.06523973 0.1695307
-0.1630957 -0.4661604 1.338121 0.1627876 0.1428684
-0.1990178 -0.4642001 1.343892 0.1194862 0.140256
-0.2670518 -0.6575987 0.8623604 0.03933057 0.4486551
-0.2471078 -0.5358927 1.319047 0.07394135 0.1945729
-0.1392501 -0.4751256 1.307507 0.1925516 0.1568056
-0.2451719 -0.6508816 0.8142329 0.06575823 0.4694475
-0.1509749 -0.4771215 1.30799 0.1786869 0.1581173
-0.2517049 -0.4466651 0.9794585 0.01610845 0.2458757
-0.007682048 -0.637145 1.203646 0.3630755 0.286287
0.1758952 -0.6016517 1.426477 0.5254481 0.2002736
-0.266597 -0.6383426 0.9144008 0.04009062 0.41063
-0.1762947 -0.553836 1.204791 0.1580573 0.2392399
-0.2372707 -0.560434 0.9258791 0.06417698 0.3533941
-0.01099227 -0.6467734 1.210734 0.3589118 0.2894982
-0.2334163 -0.6473655 0.7832186 0.08040625 0.4843138
-0.2736569 -0.5415157 1.309283 0.04283851 0.2012419
-0.1286418 -0.6777397 0.9033974 0.2389066 0.4328364
-0.08622803 -0.6418772 1.132921 0.2782918 0.3150787
-0.2296455 -0.6502908 0.8316664 0.09026238 0.4585927
-0.2476066 -0.6485719 0.8258524 0.06248185 0.4617429
0.1457006 -0.5906978 1.220824 0.5321063 0.2508754
-0.253504 -0.5572428 0.9262808 0.03901878 0.3516609
0.01562341 -0.6150047 1.255094 0.3831631 0.2569967
-0.05626082 -0.5627729 1.302483 0.2973479 0.2134556
-0.02535142 -0.5785146 1.31102 0.3318572 0.2200395
0.09383698 -0.6024432 1.06814 0.5012018 0.3103209
0.09294888 -0.599318 1.06284 0.5013475 0.3104135
-0.05748041 -0.6111177 1.223318 0.3040489 0.2660328
-0.2387453 -0.6696465 0.7584182 0.07581493 0.5127483
-0.2385668 -0.6722513 0.7601383 0.07688516 0.5132251
0.01945125 -0.546436 1.462059 0.3652545 0.1618651
-0.2507137 -0.547524 1.2831 0.06966317 0.2123482
0.07006808 -0.6333054 1.330709 0.4320789 0.2442857
-0.1725692 -0.672681 0.858287 0.1783643 0.4546632
0.1103299 -0.6217806 1.050324 0.5232495 0.328061
0.1392175 -0.6715891 1.015517 0.5607541 0.3692362
-0.1967177 -0.6599225 0.9665914 0.1445416 0.3960925
0.09101689 -0.6299453 1.076297 0.4946819 0.3237183
-0.2468557 -0.5656532 0.9259804 0.05120226 0.3572874
-0.2472018 -0.5650863 0.9253852 0.05048096 0.3571957
0.4002174 -0.5939085 1.314863 0.7732221 0.2218294
0.4108667 -0.5765399 1.328167 0.7831391 0.2084399
0.3794581 -0.5924076 1.309585 0.7545001 0.2226908
0.2064991 -0.6190208 1.180103 0.6047106 0.2787977
0.1215542 -0.5976041 1.034177 0.5422742 0.3193383
0.1941842 -0.5854038 1.083598 0.6187941 0.2917352
0.1927655 -0.571467 1.424622 0.5444477 0.1837379
-0.1651722 -0.6663024 0.786288 0.1881334 0.4896517
-0.2241415 -0.6666144 0.7530606 0.09740298 0.5132325
-0.1906857 -0.6651959 0.9658614 0.1534652 0.3992559
0.1260096 -0.6751738 1.011446 0.5457534 0.3733248
0.1701436 -0.6074051 1.179873 0.5660431 0.2729639
0.4425706 -0.5778947 1.352208 0.8064044 0.2026598
-0.08838579 -0.4728151 1.343652 0.2517284 0.1454999
0.388782 -0.6010174 1.284152 0.7697645 0.2342986
-0.01076156 -0.6469617 1.167663 0.3634677 0.303892
-0.2797531 -0.66798 0.858327 0.02309293 0.457651
0.1324283 -0.6600054 1.016772 0.5535558 0.3624659
0.1310938 -0.616317 1.01982 0.55542 0.3359007
0.3746465 -0.4168971 1.362258 0.7679799 0.1022289
-0.1996528 -0.652258 0.7991485 0.1340352 0.4760667
-0.1684102 -0.6712763 0.7715963 0.184144 0.5012608
-0.1354372 -0.6696449 0.6319606 0.2390051 0.5883041
0.3949927 -0.5723847 1.231586 0.7988309 0.2326925
0.4113408 -0.5720357 1.256925 0.8073592 0.2250556
0.1844887 -0.5858998 1.07977 0.6082941 0.2936412
-0.2009762 -0.6612678 0.7950115 0.1337281 0.4838877
-0.2012463 -0.6616361 0.795474 0.1334132 0.4838601
0.1013662 -0.6653602 1.046882 0.5102633 0.3547557
-0.1138832 -0.6704995 0.9125787 0.2576045 0.4235709
-0.05950167 -0.6719142 0.7300816 0.350072 0.5191643
0.3838906 -0.5704567 1.232859 0.7872508 0.2313751
0.4172632 -0.5706839 1.220221 0.8263156 0.2346262
0.02222279 -0.6262311 1.251474 0.3908989 0.264379
-0.2805234 -0.6395204 0.9069288 0.01956418 0.4156724
0.3801937 -0.521264 1.322198 0.7651767 0.178043
-0.2122772 -0.4640307 1.336587 0.1031188 0.14209
0.5185751 -0.5792742 1.276939 0.9063053 0.2221529
-0.04176915 -0.6704878 0.7130092 0.3789643 0.527562
-0.05863044 -0.6739421 0.7449401 0.3496197 0.5113877
-0.06067873 -0.6554475 1.16113 0.3072419 0.3122157
0.5249782 -0.4615789 1.383483 0.9044507 0.1260279
-0.008182362 -0.6430337 1.179638 0.3650815 0.2975624
0.3884637 -0.5988652 1.150254 0.8137099 0.2728487
0.4950901 -0.6134076 1.284155 0.8718637 0.2394824
-0.2708554 -0.5033328 0.9600018 0.000980407 0.29843
-0.3203651 -0.6801236 0.9936997 -0.0143621 0.4008852
-0.1246281 -0.6749681 0.5859537 0.2604189 0.6245849
0.5022144 -0.5808758 1.266738 0.8934766 0.2260712
0.5244168 -0.5862293 1.335762 0.8887264 0.2104974
-0.3141895 -0.5901985 0.9814302 -0.03373629 0.3509284
0.3627509 -0.4318627 1.309896 0.7691111 0.1243269
0.4905418 -0.5790526 1.296283 0.8716781 0.217222
-0.05394782 -0.6736374 0.7503691 0.3558314 0.5077099
-0.07228178 -0.6695728 0.5763151 0.3499272 0.624
0.08134398 -0.5858743 1.07773 0.4852145 0.2970332
0.1560226 -0.6707812 0.7080618 0.6695257 0.5173166
0.08006744 -0.667461 0.6374862 0.5815532 0.5654764
0.1308388 -0.5886206 1.090819 0.5418575 0.292737
0.001798868 -0.5720242 1.366009 0.3562641 0.2008754
-0.06988559 -0.6693343 0.704816 0.337288 0.5339885
-0.1189334 -0.6673636 0.5494688 0.2719887 0.6487775
0.02827024 -0.6744898 0.8569447 0.4542627 0.4460127
0.5079148 -0.5807556 1.363011 0.8649134 0.2008024
0.5060605 -0.5794539 1.357458 0.8653456 0.2014863
0.3677984 -0.4273103 1.399412 0.7470592 0.1010052
0.06648646 -0.6680298 0.6191114 0.5660884 0.5794516
0.2141107 -0.4404988 1.46779 0.5684436 0.09512252
0.04881914 -0.6681283 0.5982355 0.5443866 0.595779
0.09017761 -0.6741783 1.080871 0.490488 0.3471549
0.1316564 -0.5539563 1.236619 0.5160892 0.2243475
0.1580225 -0.5842424 1.219533 0.5464305 0.2472373
0.3705767 -0.6063892 1.196734 0.777419 0.2630267
0.06961653 -0.678758 0.9924902 0.4819129 0.3851203
0.1619575 -0.5759751 1.199538 0.5556373 0.2483714
0.07178457 -0.6426005 1.267258 0.4421528 0.2677854
0.3427912 -0.6614705 1.164261 0.7475263 0.304333
0.4615917 -0.5752537 1.240013 0.863847 0.2309103
-0.1700026 -0.671079 0.7628067 0.181715 0.5064176
-7.706881E-05 -0.6634889 0.458193 0.5024729 0.713116
0.04749593 -0.6661472 0.5322995 0.562759 0.6450455
0.074995 -0.6659875 0.5555128 0.6006863 0.6240021
0.1686663 -0.6692705 0.6939231 0.6930042 0.524073
0.0141084 -0.663995 0.4895892 0.5186546 0.6833235
-0.04111135 -0.6628103 0.414772 0.4368989 0.7606055
0.09529285 -0.6662305 0.5950299 0.6194619 0.5929869
0.0232185 -0.6646213 0.5020514 0.5308382 0.6718596
0.1753509 -0.6667821 0.7055251 0.6987195 0.515264
-0.04870873 -0.6621231 0.406619 0.4240514 0.7697699
-0.1773913 -0.4541017 1.597537 0.1488131 0.07746112
-0.3680314 -0.5765105 1.295676 -0.0633148 0.228537
-0.3674365 -0.5748991 1.292851 -0.06343818 0.2283822
-0.05814201 -0.6487984 1.130247 0.3120744 0.3192394
0.08329827 -0.6084929 1.441348 0.4318975 0.2013798
-0.1683999 -0.666284 0.5690377 0.1835456 0.6372985
0.1721424 -0.6686022 0.6806598 0.703186 0.5315382
0.1168583 -0.6658623 0.6111989 0.6474161 0.5795596
0.4732694 -0.581094 1.310934 0.8491229 0.214722
0.4740075 -0.5815058 1.31286 0.849092 0.2144374
0.3982859 -0.6540723 1.12289 0.8206488 0.3125792
0.3988997 -0.6545153 1.123133 0.8211047 0.3127235
0.09708638 -0.6659082 0.577532 0.6286175 0.6053566
0.01873809 -0.6663259 0.5398352 0.5118566 0.6419874
0.1395033 -0.6677262 0.6561558 0.664856 0.5488033
-0.0428178 -0.5449375 1.334206 0.3092356 0.1936551
0.06307329 -0.667354 0.6270555 0.5584764 0.5738608
-0.06984152 -0.6608797 0.3771001 0.3883155 0.8042123
0.005575314 -0.6632854 0.4535655 0.5142617 0.7166405
-0.06417567 -0.6612248 0.3877656 0.3975508 0.7917308
0.3543819 -0.50312 1.320864 0.7423974 0.1675395
0.354741 -0.503756 1.32325 0.7419333 0.1673294
-0.3123612 -0.5620832 0.9801764 -0.04012251 0.3326814
-0.24257 -0.6715917 0.7765176 0.0718554 0.5033182
0.1835537 -0.5541766 1.211272 0.5793266 0.2311991
0.1310204 -0.5840257 1.236566 0.5134575 0.2424476
0.3941478 -0.5924782 1.179418 0.8110908 0.2599037
0.3925138 -0.6697344 0.9850113 0.8618162 0.3714361
0.06577408 -0.6655225 0.4718487 0.6158719 0.6939132
-0.140836 -0.6729431 0.7179562 0.2273892 0.5328732
-0.05981892 -0.6721945 0.6699889 0.3573891 0.5573896
0.05830733 -0.6650155 0.4624397 0.6063711 0.7029755
0.1590328 -0.6726791 0.7335443 0.6645029 0.5033652
-0.2588134 -0.4835273 0.9662158 0.0144102 0.280468
0.0403596 -0.5721432 1.448266 0.3882703 0.1798124
0.04027013 -0.5717642 1.448925 0.3881084 0.1794382
-0.1894318 -0.6592046 0.5336472 0.1433141 0.665032
-0.09845476 -0.6160483 1.137058 0.261358 0.2987638
0.4362984 -0.6215018 1.070366 0.8896691 0.311395
0.3587126 -0.6552111 1.097155 0.787124 0.3230243
0.1522294 -0.673754 0.7314755 0.6555191 0.5055879
-0.2726238 -0.6728428 0.8371615 0.03262287 0.4714886
-0.2878598 -0.6651638 0.8489544 0.009262234 0.4614278
0.001780674 -0.6630414 0.387516 0.5284642 0.7831241
0.0874735 -0.6205063 1.083646 0.4896604 0.3155876
-0.07455818 -0.6036993 1.287776 0.2804453 0.2423046
-0.118431 -0.6451164 1.111518 0.2409878 0.3256405
0.1464744 -0.6663754 0.5892009 0.7018654 0.5928366
0.02933507 -0.6728072 0.7326179 0.4804587 0.5122664
0.09131201 -0.6797522 1.004609 0.5056321 0.379886
0.3158807 -0.6796928 1.02033 0.7606275 0.36576
0.5246019 -0.582781 1.187779 0.9465198 0.2493534
0.4980622 -0.5816674 1.114189 0.9502463 0.2720749
0.4980578 -0.5818074 1.112913 0.9507523 0.272571
0.4974392 -0.5852681 1.147337 0.9343251 0.2636425
0.5186222 -0.5680555 1.186117 0.9455537 0.2413999
0.09244356 -0.6620395 1.280035 0.4615193 0.2741511
0.3775241 -0.5300421 1.306812 0.7654493 0.1872942
0.5010511 -0.5845433 1.341084 0.864927 0.2084921
0.5088233 -0.5844057 1.173568 0.9356105 0.2548464
0.1478359 -0.600406 1.204502 0.5369172 0.2615563
0.107942 -0.6622401 0.5418937 0.6605793 0.6292871
-0.01566928 -0.6657868 0.4333561 0.4804665 0.7400649
0.1636453 -0.670745 0.6686149 0.6950159 0.5408415
-0.06505272 -0.6805086 0.7334264 0.3417742 0.5224554
0.1809798 -0.6710092 0.7149655 0.7021723 0.511753
0.03470592 -0.6632383 0.4297582 0.576103 0.7356696
0.1227916 -0.6721614 0.6133854 0.6544785 0.5811191
0.2340378 -0.6694974 0.7065701 0.7799448 0.5123684
-0.2708402 -0.6467835 0.9255157 0.0373044 0.4105935
-0.2328671 -0.6619809 0.8135172 0.08697098 0.4757919
0.1430363 -0.678172 0.903271 0.5918095 0.4206169
0.04513024 -0.662111 0.3916496 0.6109434 0.7720454
0.08566666 -0.6681764 0.6396819 0.589335 0.5639719
0.5435053 -0.5666654 1.222795 0.956234 0.2295604
-0.04132996 -0.5656617 1.325649 0.3125651 0.2085239
0.2440954 -0.6716964 0.703354 0.7946581 0.5148414
0.2091852 -0.6679613 0.6776032 0.7577489 0.5304789
0.1885379 -0.6694828 0.7206978 0.7109265 0.5070695
-0.1520101 -0.4784205 1.354927 0.1777357 0.1467532
0.07737568 -0.669692 0.7216889 0.5528789 0.5137947
0.08877857 -0.6803105 0.9864017 0.5061092 0.3877891
-0.2224754 -0.6742625 0.9197022 0.1106443 0.4274359
-0.1869232 -0.515609 1.303298 0.1411799 0.1852578
-0.1865618 -0.5165966 1.304076 0.1417827 0.1856779
0.2253497 -0.5586407 1.194099 0.6295831 0.2384251
-0.006004073 -0.6621185 0.3786857 0.5162296 0.7933341
-0.2958809 -0.6674291 0.5139781 -0.05894613 0.6994672
0.4291787 -0.6533835 0.9828575 0.908716 0.3619688
0.4671896 -0.627284 1.042745 0.9332383 0.3236305
0.1350043 -0.5866911 1.129712 0.5386623 0.2779846
0.4479702 -0.6515936 0.9985873 0.9234904 0.3542668
0.0646051 -0.6640135 0.4624124 0.6177967 0.701716
0.02991934 -0.6559035 0.3126964 0.6165437 0.8610778
0.1216165 -0.6653994 0.6302447 0.6478682 0.5658956
0.01801921 -0.6635615 0.404135 0.5539709 0.76368
0.05811048 -0.6622835 0.5542507 0.5738896 0.6245022
0.03626288 -0.6396102 1.319786 0.3982585 0.2514077
-0.3991975 -0.5469726 1.580198 -0.06849736 0.1378444
-0.1709585 -0.6220698 0.6544953 0.1706721 0.546683
-0.2328087 -0.6532633 0.6480391 0.07176158 0.5754911
0.03554486 -0.6398007 1.228745 0.4081704 0.2788075
0.08822741 -0.6953676 0.9823533 0.5052724 0.3978052
0.1142677 -0.6702276 0.7741985 0.5902042 0.4819725
-0.159077 -0.6322767 0.6350551 0.1930432 0.5659066
-0.06200224 -0.6363695 1.175163 0.303637 0.2965759
-0.2342773 -0.5452586 1.219983 0.08542639 0.2299191
-0.1924 -0.630518 0.6599787 0.1359023 0.5498297
0.5482812 -0.5611522 1.179037 0.9815598 0.2389352
-0.2143109 -0.5092587 0.9765362 0.08983597 0.2938793
0.1936707 -0.665669 0.6534835 0.7461967 0.5453517
-0.2365841 -0.4516442 1.643351 0.08804727 0.06716937
0.04428007 -0.6654206 0.5049316 0.5664077 0.6675602
0.09761192 -0.6705818 0.5358612 0.644174 0.6396608
0.1616033 -0.6760049 1.015462 0.586533 0.370927
-0.08352166 -0.6609605 0.380411 0.3596957 0.8026714
-0.02494542 -0.6052341 1.269067 0.3368205 0.2478887
-0.02206992 -0.5611275 1.370669 0.3299677 0.1935002
0.1461117 -0.5849338 1.014689 0.5784028 0.318299
0.0984938 -0.6631021 0.4561007 0.6807867 0.7029334
-0.2572691 -0.6650828 0.6637754 0.03524438 0.5733224
0.151026 -0.6627395 0.5214087 0.740157 0.6414796
0.06225434 -0.6640347 0.5253674 0.5903338 0.6479771
-0.277422 -0.6673877 0.4934736 -0.02698982 0.7164172
0.1398794 -0.6629589 0.5081331 0.7278956 0.6534489
0.4714145 -0.5807759 1.134309 0.9134517 0.2656515
0.5162963 -0.5699025 1.147041 0.9591795 0.2543625
0.5371968 -0.5740131 1.152571 0.977412 0.2546781
0.522236 -0.574331 1.133748 0.9698505 0.2610091
0.3890687 -0.6584425 0.984807 0.8611759 0.3653928
0.450025 -0.6221317 1.016144 0.9274862 0.3309009
0.38429 -0.5639628 1.318795 0.7620004 0.2040325
0.4655694 -0.578692 1.1719 0.8927578 0.2528408
0.2069014 -0.6600264 0.5202364 0.8326518 0.6353755
0.2193482 -0.6644588 0.5289691 0.846128 0.6298305
0.2128669 -0.6677322 0.6591712 0.7710745 0.5415302
-0.2576176 -0.4493207 0.9640684 0.005540878 0.2545661
-0.2794737 -0.5442008 0.977694 0.002502531 0.3203285
-0.215664 -0.5248197 0.939999 0.08901905 0.3211499
-0.08108936 -0.6473709 1.13644 0.2845677 0.3168444
-0.3264199 -0.6746723 0.7430547 -0.06340319 0.5313003
-0.2493454 -0.6165188 0.6886505 0.03663617 0.5257021
-0.318926 -0.6712302 0.7463404 -0.05199373 0.5266668
-0.2408494 -0.6635098 0.5027155 0.04462105 0.7010848
-0.3286293 -0.673076 0.7148091 -0.07306182 0.548822
-0.3056007 -0.6430909 0.7632885 -0.03756499 0.4982564
0.2342177 -0.6029096 1.096203 0.6592766 0.2968076
0.119384 -0.6645409 0.6050827 0.6538701 0.5828642
-0.1141165 -0.6711071 0.8689034 0.259573 0.445291
0.3665435 -0.4633611 1.328915 0.7604796 0.1404369
-0.2021643 -0.6475319 0.7031788 0.1252738 0.5317482
0.07041888 -0.6589469 0.4631855 0.6288931 0.6975951
-0.2386313 -0.4870595 1.357624 0.07688409 0.1523632
0.42672 -0.6171217 1.0629 0.8834559 0.3117617
-0.3229654 -0.6789935 0.7328525 -0.05813026 0.540085
0.4324478 -0.6365783 1.115417 0.8637822 0.3045896
0.4408075 -0.5467909 1.373833 0.8044361 0.1796985
0.04592882 -0.6610376 0.3884232 0.6140561 0.7747641
-0.2147569 -0.5546353 0.9454849 0.09759147 0.3395395
0.3612025 -0.5189317 1.313126 0.7488189 0.1791224
0.4272363 -0.6251139 1.111165 0.8628911 0.299724
0.1325384 -0.5508152 1.24149 0.5163668 0.2209812
-0.2204513 -0.5472893 0.9446479 0.08745018 0.3350657
-0.09756237 -0.6601282 0.3419491 0.3368403 0.8493701
-0.2023981 -0.5919731 0.9957432 0.1253453 0.3417909
-0.2952244 -0.644889 0.7465571 -0.02283007 0.5090193
-0.1450132 -0.4807265 1.585302 0.185751 0.0964281
-0.3136044 -0.5926601 0.547558 -0.1220151 0.6262074
-0.1066762 -0.6598091 0.3288319 0.3191271 0.8670272
-0.2572493 -0.6463452 0.948019 0.05828914 0.3990782
-0.3457916 -0.6850181 0.9669391 -0.05107414 0.4169994
-0.3258613 -0.6636117 0.5388802 -0.1129273 0.6782634
-0.2943742 -0.6640392 0.4615617 -0.06973791 0.7483454
-0.128872 -0.4784963 1.301656 0.2055151 0.1605735
-0.1479725 -0.6245854 0.6359027 0.2108142 0.559607
0.3376738 -0.6693294 0.8540859 0.8517169 0.4295726
-0.2085751 -0.6660222 0.7679562 0.122113 0.5029024
-0.2047246 -0.6459169 0.6291233 0.1169179 0.5824649
-0.3201244 -0.6661576 0.4933672 -0.1128068 0.7212743
-0.2569115 -0.6697021 0.7859877 0.05023485 0.4975632
0.1011051 -0.6629028 0.460216 0.6835855 0.6987987
0.1695049 -0.6647902 0.5461575 0.7577491 0.6215729
-0.3171256 -0.6619465 0.5529634 -0.0932759 0.6639456
-0.2132639 -0.6499116 0.6623029 0.1052338 0.5617216
0.183986 -0.6646634 0.5686707 0.7699714 0.6034147
0.1394795 -0.6103234 1.192458 0.529297 0.2712858
0.623323 -0.4775151 1.382284 0.9965953 0.135691
0.0859922 -0.5732368 1.058556 0.4952432 0.296067
0.4330111 -0.5653467 1.198909 0.8517897 0.2374686
0.3570606 -0.6574702 1.019997 0.8119037 0.3523235
0.3406911 -0.6496006 1.010342 0.7988924 0.352136
0.421636 -0.6465971 0.9688624 0.9083382 0.3639308
0.5473931 -0.5949572 1.079353 1.014465 0.2902311
0.4599001 -0.5713795 1.244604 0.8614404 0.2274051
0.3204057 -0.6588933 0.6830166 0.9144727 0.5145451
-0.00141865 -0.6623331 0.4739842 0.495555 0.698132
0.3507022 -0.6642483 0.7238687 0.9318874 0.4922907
0.006904855 -0.6608438 0.5389795 0.4924306 0.640796
-0.01899435 -0.6577031 0.4334218 0.4747486 0.7361861
0.183921 -0.6602693 0.6231998 0.7462752 0.5627972
-0.1090484 -0.653747 0.3153171 0.3152832 0.8819911
-0.008944482 -0.6072327 1.247736 0.3565854 0.2552078
-0.2217633 -0.5113446 0.9451352 0.07687038 0.3092974
-0.1048726 -0.6349538 1.112149 0.2564061 0.3190895
-0.2629194 -0.6415437 0.7131758 0.0244942 0.5260374
-0.2616327 -0.6630546 0.6966094 0.03123185 0.5498957
-0.2966822 -0.6566409 0.7715676 -0.01737016 0.5009019
-0.2934957 -0.6595861 0.3655119 -0.09621608 0.8543329
-0.3225957 -0.6420201 0.6999594 -0.07821608 0.539653
-0.2128476 -0.6403764 0.6793377 0.1046074 0.5441356
-0.322758 -0.5836789 0.5465025 -0.1461742 0.6222889
0.3099129 -0.6585686 1.142586 0.7199985 0.3106916
0.2092364 -0.6696886 0.9199693 0.6701919 0.4055067
0.1775661 -0.6586928 0.7987148 0.6704006 0.458748
0.3023249 -0.6797754 1.046524 0.7370474 0.3563292
0.06247225 -0.6578304 0.4502743 0.6200714 0.709792
0.1261784 -0.6596129 0.6736266 0.6404735 0.5339929
0.1043951 -0.6744955 0.6992787 0.5977519 0.5281793
-0.003212161 -0.6532778 0.5866539 0.4639521 0.6003922
0.0005203635 -0.6210616 1.231559 0.3690571 0.2680202
-0.2898799 -0.6623499 0.6993558 -0.01546854 0.5498215
-0.002752595 -0.6765224 0.7543299 0.429687 0.5037981
0.0929985 -0.5986945 1.140178 0.4870948 0.2826282
-0.02477205 -0.6615327 0.3448425 0.4893532 0.8342853
0.3445663 -0.5244347 1.305824 0.7326823 0.1845081
-0.1998208 -0.5032563 1.295956 0.1234729 0.1793453
-0.2804622 -0.6581411 0.3540506 -0.07032436 0.8657594
0.03845634 -0.5904246 1.358143 0.3961045 0.2131699
-0.2685854 -0.657172 0.6771783 0.01530248 0.5601968
0.6339527 -0.5593422 1.334817 1.000778 0.1945072
-0.3225279 -0.6583378 0.5438667 -0.1077026 0.6704645
0.1840071 -0.5769886 1.444866 0.5318381 0.1820655
-0.1788455 -0.6603373 0.5604112 0.1635965 0.6419933
-0.2112239 -0.6590336 0.3299926 0.08487365 0.884377
0.4669584 -0.6253241 1.089442 0.9138786 0.3061852
-0.02563652 -0.6583727 0.3939539 0.4730006 0.7779076
0.1488243 -0.6600714 0.5074322 0.7439891 0.6515021
0.1921992 -0.5311554 1.195052 0.5953757 0.2216307
-0.3191035 -0.5872601 0.8297873 -0.06765485 0.4243433
-0.2818655 -0.6622952 0.4572683 -0.045762 0.750092
0.01646851 -0.664865 0.6266016 0.4856842 0.5765607
-0.08283886 -0.6713879 0.7190018 0.3161072 0.527237
-0.1171031 -0.6581707 0.3160924 0.2976873 0.8844533
0.02401341 -0.654503 0.3536592 0.5867689 0.8128142
-0.3197436 -0.59092 0.7993174 -0.07324833 0.4440935
-0.1424173 -0.6607382 0.6321436 0.226098 0.5836155
0.1136529 -0.669579 0.6955913 0.6130879 0.5269896
-0.124286 -0.5948383 1.100216 0.2288437 0.2998286
-0.1793459 -0.6214436 0.6885356 0.1568392 0.5236111
-0.3124926 -0.5645477 0.5483027 -0.1346714 0.606633
-0.1218792 -0.6624063 0.6620949 0.2586696 0.5618892
-0.2262939 -0.5437316 1.322573 0.1000744 0.1982816
0.0371777 -0.6614959 0.4626978 0.5690054 0.7033678
-0.2003017 -0.6679524 0.73294 0.133929 0.5247796
0.04518108 -0.6577578 0.398146 0.6092458 0.7630789
0.1594413 -0.6012582 1.038859 0.5868245 0.3186631
-0.1198605 -0.4735174 1.359735 0.2146639 0.1420935
-0.2325393 -0.5385839 0.9277035 0.06592101 0.3371785
0.2654547 -0.6645112 0.6794723 0.8376583 0.5235313
-0.3601025 -0.5582069 1.229069 -0.06837165 0.2375964
0.02894299 -0.664401 0.5813518 0.5174705 0.6078193
0.07456993 -0.6584402 0.4834422 0.6281993 0.6788415
-0.2736055 -0.4753053 1.337971 0.03076604 0.1498128
0.1418709 -0.662875 0.4938741 0.7380359 0.6649944
