-0.1448009 -0.01889574 0.02853514 
0.99946 1
0.99946 0
0.0005400776 1
0.0005400777 0
210
-0.01745267 -0.6417544 1.209725 0.4803636 0.2563363
-0.2174624 -0.5061126 1.317807 0.2453719 0.1489418
-0.2689527 -0.4833815 1.353546 0.184799 0.1264173
-0.2588 -0.516618 1.633571 0.2107601 0.0895499
-0.1834311 -0.4671845 1.349572 0.2793638 0.1152164
-0.2806831 -0.67093 0.8750558 0.1781679 0.4067512
-0.2593197 -0.6645843 0.8271741 0.2036841 0.4249019
-0.0237449 -0.6385033 1.216213 0.4728568 0.2527297
-0.283954 -0.6503183 0.9285269 0.1730344 0.3705774
-0.2541721 -0.5721132 0.9372553 0.1984998 0.3158087
-0.2483515 -0.6621989 0.7965994 0.2174374 0.4383304
-0.1429022 -0.6862291 0.916026 0.3609341 0.3914068
-0.1012979 -0.6467844 1.146366 0.3937623 0.2810543
-0.05927061 -0.5987486 1.318128 0.4248521 0.2025363
0.1298036 -0.5903915 1.233979 0.637539 0.2160514
-0.2697017 -0.5682374 0.9380666 0.1762343 0.3134403
0.002367005 -0.6228664 1.27962 0.4935082 0.2252716
-0.04249057 -0.5809809 1.323699 0.441661 0.1903849
0.07756549 -0.6034755 1.075949 0.6096293 0.2733623
-0.07282052 -0.6120435 1.238624 0.417131 0.2321787
0.002191454 -0.5458241 1.47631 0.4724058 0.1336926
0.05170269 -0.6296531 1.340887 0.5362415 0.2118958
-0.1880744 -0.6868813 0.8724884 0.3042451 0.4131632
0.1235788 -0.6743485 1.028629 0.6660937 0.3301637
-0.2120979 -0.6731689 0.9806113 0.2706946 0.3596471
0.07436819 -0.6326799 1.089097 0.6009878 0.2865758
-0.2638258 -0.576165 0.9374455 0.1859578 0.3188086
0.3852662 -0.5900018 1.332494 0.874718 0.1851179
0.3963729 -0.5733642 1.345892 0.8850361 0.1721895
0.3615725 -0.5862001 1.320817 0.8556148 0.1862332
0.1912516 -0.6208678 1.197559 0.7078176 0.2427478
0.105417 -0.6017259 1.047093 0.6488808 0.2812784
0.1769885 -0.5864769 1.09553 0.7226059 0.2536832
-0.2052997 -0.6763831 0.9781972 0.2795683 0.3622256
0.1550341 -0.6063933 1.19316 0.6716964 0.2364743
0.4273702 -0.5716919 1.369073 0.9083399 0.1653047
0.3740501 -0.5968803 1.300833 0.8719419 0.1970512
0.4334229 -0.5636466 1.41386 0.9017668 0.1506262
-0.02415699 -0.6543884 1.187097 0.4756157 0.270475
0.1177308 -0.6632855 1.030797 0.6601439 0.3232669
-0.03946 -0.6841437 0.9199985 0.4908199 0.3842892
0.419124 -0.5280415 1.385031 0.9050034 0.1363692
-0.1487676 -0.6851008 0.6449009 0.370542 0.532901
0.3949899 -0.5676293 1.270916 0.9094222 0.1871651
-0.2153713 -0.6749735 0.807297 0.2663232 0.4388962
-0.121741 -0.6865002 0.8121026 0.3960553 0.4386883
0.3733413 -0.5718155 1.25535 0.8913857 0.1940743
0.4023204 -0.5679882 1.236074 0.9290451 0.1962217
0.006287843 -0.629649 1.265954 0.4991646 0.2327809
0.3595196 -0.5134504 1.32999 0.8658875 0.1407345
-0.2319277 -0.4692842 1.350172 0.22457 0.1172414
0.4997567 -0.5711602 1.288194 1.008258 0.1828817
0.5076513 -0.4542981 1.397357 1.007652 0.08703077
-0.2092474 -0.5826478 0.9497345 0.2620112 0.3160414
0.4836424 -0.572553 1.276563 0.9961582 0.1868981
0.5058099 -0.5765316 1.345344 0.9913017 0.1721745
0.3753011 -0.5962871 1.192126 0.9091733 0.2255837
0.4770445 -0.5750735 1.316015 0.9742262 0.178809
-0.08607799 -0.6838092 0.5886499 0.475143 0.5648891
0.06643873 -0.590514 1.09277 0.5943 0.2601369
0.06794095 -0.680558 0.6522884 0.695008 0.5120656
-0.08392791 -0.6850923 0.7193077 0.4589391 0.4847127
0.01482753 -0.6852479 0.8750273 0.5665315 0.4022129
0.490968 -0.5714777 1.371558 0.9689522 0.1635235
0.1958293 -0.43424 1.479065 0.6719916 0.06222665
0.3537286 -0.6018196 1.208356 0.8797038 0.2247788
0.05580871 -0.6428168 1.279901 0.5484461 0.2351938
0.3282375 -0.6609425 1.177767 0.8501717 0.267724
0.4454046 -0.5695925 1.25283 0.9670666 0.1919346
-0.01265472 -0.6802939 0.4712133 0.6241449 0.6450085
0.06159966 -0.6791594 0.5683789 0.7138904 0.5655965
0.1554412 -0.6774793 0.7068527 0.8015815 0.4738975
0.01031367 -0.6802894 0.5148463 0.6492044 0.6087058
-0.0722823 -0.6523994 1.14065 0.4270866 0.2853002
0.3847288 -0.6534833 1.138085 0.9239162 0.274092
-0.05925556 -0.5496405 1.352279 0.4208172 0.1649176
-0.07649814 -0.6811812 0.4000471 0.5294003 0.7142451
0.3370529 -0.4984829 1.332906 0.8448942 0.1310957
0.1682577 -0.5593437 1.225431 0.6842924 0.1988004
0.3789298 -0.589991 1.196963 0.9128564 0.2204282
0.3766337 -0.6696597 0.9995677 0.9633483 0.3296505
-0.1155538 -0.6234478 1.151779 0.3760355 0.2661016
0.4194097 -0.6182004 1.081907 0.9925613 0.2705103
-0.2873038 -0.6858544 0.8492301 0.1705509 0.4280768
-0.3032541 -0.6818494 0.8657655 0.1492386 0.4185736
0.07214369 -0.6261396 1.097336 0.5973687 0.2800402
-0.09179688 -0.6056255 1.30166 0.3919676 0.2115283
0.3006603 -0.6804369 1.035156 0.8626193 0.3254794
0.5038251 -0.5743707 1.194478 1.049454 0.2090075
0.4799042 -0.579953 1.158743 1.037674 0.2228857
0.4983589 -0.5602416 1.193158 1.048884 0.2009558
0.07616544 -0.6609858 1.293521 0.5663551 0.2409893
0.4857233 -0.5783542 1.358663 0.9666609 0.1704797
0.4905548 -0.5776359 1.1842 1.038857 0.2140854
-0.02870005 -0.6842188 0.4467472 0.6030988 0.6691778
0.1101955 -0.6848428 0.6283034 0.7646899 0.526588
-0.2467276 -0.6707768 0.8215032 0.2221728 0.4308175
-0.05834353 -0.5684595 1.341506 0.4231541 0.1788185
-0.2367842 -0.6853356 0.9331678 0.2407515 0.3873601
0.4371855 -0.6542142 1.017114 1.028381 0.3126454
0.2111922 -0.634315 1.118821 0.7474185 0.2739252
0.05294234 -0.6815047 0.4763327 0.7340714 0.6359035
0.09971717 -0.6761153 0.5629746 0.7763642 0.5648199
0.006624624 -0.6825195 0.4171585 0.676103 0.6909119
0.02065256 -0.6399765 1.332852 0.5057383 0.2203102
-0.2512507 -0.6682577 0.8939247 0.218072 0.3952332
-0.3063461 -0.675284 0.9918606 0.1535401 0.3598946
-0.3068815 -0.6643113 0.864949 0.14026 0.4087154
0.07521762 -0.7060694 1.003944 0.6127151 0.3586512
-0.1725214 -0.6469574 0.647038 0.3295168 0.5100669
-0.07801048 -0.642022 1.192635 0.4160588 0.2631891
-0.2303211 -0.5212293 0.9899226 0.224294 0.2590686
0.08399828 -0.6807801 0.5470539 0.7568547 0.5797803
0.1480358 -0.6795135 1.030046 0.6930384 0.3317558
-0.04039254 -0.5627678 1.387834 0.437867 0.1639594
0.08676711 -0.6776199 0.46974 0.7950794 0.636115
0.04917735 -0.6778768 0.5378999 0.705279 0.5872372
0.1276209 -0.6759335 0.5214596 0.8389113 0.5921144
0.3805219 -0.6647613 1.007173 0.9660699 0.3240049
0.4370504 -0.6219415 1.030339 1.033167 0.289247
-0.2439417 -0.6840973 0.9188936 0.2310303 0.3931242
-0.2974848 -0.5560356 0.989314 0.139298 0.285697
-0.09575798 -0.65402 1.148963 0.4001236 0.2842078
-0.2453201 -0.6757684 0.6657 0.2194542 0.520511
-0.2544209 -0.685018 0.5179499 0.1990399 0.6306446
0.2265467 -0.620118 1.126837 0.7644657 0.2626978
0.4366185 -0.5494243 1.414405 0.9077799 0.1423023
0.03436618 -0.6807727 0.4012199 0.7329288 0.701745
0.4144984 -0.6272143 1.131561 0.964798 0.260381
-0.3037055 -0.5773904 0.9773765 0.1346839 0.3049002
-0.2356155 -0.6686709 0.6491096 0.2327105 0.5261179
0.3252762 -0.6749514 0.8689218 0.9565542 0.3859867
-0.2179673 -0.6636291 0.6428748 0.2596711 0.5259196
0.1715761 -0.6770136 0.5823033 0.8783124 0.5473605
0.1260322 -0.616558 1.218481 0.6341885 0.2358148
0.4267412 -0.5706235 1.230642 0.9557588 0.1987173
0.3446486 -0.6731542 1.056668 0.9051984 0.3125874
0.4366726 -1.08852 0.8231757 0.9767075 0.589164
-0.2436621 -0.5314128 0.9724268 0.2070165 0.2733571
0.1625094 -0.6848408 1.022293 0.7107046 0.3370715
0.2036531 -0.6893461 0.9544303 0.7763822 0.3638294
0.1646042 -0.6697368 0.8139384 0.777209 0.4145325
0.05194861 -0.6857221 0.4677292 0.7348663 0.6453112
0.06870985 -0.6952076 0.5557672 0.7262819 0.5830467
0.1168151 -0.6838277 0.697571 0.7495276 0.4848806
0.08826509 -0.6216141 1.195555 0.5975083 0.2463082
-0.03554761 -0.6890626 0.3608392 0.617029 0.7523596
-0.1927013 -0.6862245 0.5797103 0.3044688 0.5801939
-0.2165403 -0.5565264 0.990588 0.2487635 0.2828168
0.01272431 -0.6788031 0.3690686 0.7071099 0.733536
-0.1557729 -0.6826365 0.649368 0.3592347 0.5290893
-0.1409806 -0.6074629 1.122489 0.3470109 0.2666641
-0.1347709 -0.6840904 0.6814159 0.3886788 0.5089906
-0.2438251 -0.5469692 1.332171 0.2217531 0.171693
-0.140573 -0.4746036 1.372072 0.327632 0.1144122
0.1201773 -0.6596028 1.341813 0.6025693 0.2265311
0.01994403 -0.6720191 0.3307308 0.7397597 0.7683847
-0.2509831 -0.5617856 1.004069 0.2040424 0.2824005
-0.2501429 -0.6857626 0.6035025 0.2111202 0.5674872
-0.2913402 -0.5586497 0.9620146 0.1459489 0.2979783
0.1641309 -0.4438651 1.465483 0.6414002 0.07129687
-0.2403875 -0.6794496 0.5407612 0.2232279 0.6085337
-0.2601072 -0.4638647 1.003322 0.1719977 0.2127126
-0.1938388 -0.6908717 0.3798902 0.3094629 0.7515116
-0.1986178 -0.6864594 0.3784818 0.2994633 0.7511652
-0.2246158 -0.6831617 0.9745245 0.2563877 0.3683531
-0.1643874 -0.6644514 0.6575344 0.3436747 0.5136819
-0.1833172 -0.6769117 0.6596771 0.315677 0.5210127
-0.2567635 -0.6793205 0.9808311 0.2158225 0.3648072
-0.2925245 -0.647599 0.9749515 0.164361 0.3498304
-0.2534948 -0.6698938 0.6872078 0.2065618 0.5042903
-0.2490281 -0.6890668 0.3229809 0.196926 0.8182038
-0.1421472 -0.6861159 0.3148369 0.4180727 0.8125751
-0.2781747 -0.5124035 0.9749886 0.1549315 0.2599385
-0.1980791 -0.5425708 1.316488 0.2714933 0.1720449
-0.170228 -0.6842726 0.3268246 0.358912 0.8016665
-0.09649737 -0.6836758 0.3735959 0.4976026 0.7434187
-0.007612586 -0.6835143 0.4925751 0.6257407 0.6292228
0.0846251 -0.6815907 0.5943249 0.7396291 0.5480126
-0.2670549 -0.677757 0.8331007 0.1957515 0.4302129
-0.2846314 -0.6370828 0.7034922 0.1516929 0.4761397
-0.2800613 -0.68264 0.5204686 0.1537127 0.6294387
-0.1524497 -0.6878626 0.303167 0.3985696 0.8281451
-0.2534531 -0.6688201 0.6295956 0.2034214 0.5400878
-0.2690638 -0.6826857 0.9709973 0.200572 0.3712303
0.1872604 -0.6624658 0.7444347 0.834567 0.4433485
0.05813546 -0.6433483 1.196699 0.5634934 0.2591888
-0.0674874 -0.6855528 0.4034801 0.5449951 0.7124554
0.06637403 -1.252158 0.4554993 0.6657259 0.8634466
-0.2826569 -0.6940634 0.520075 0.1523529 0.6364447
-0.1273542 -0.6816766 0.3235794 0.4466721 0.7987207
-0.05973087 -0.7022743 0.6386858 0.5069099 0.5409741
-0.07649836 -0.7069907 0.7035114 0.4719014 0.5058419
0.05671453 -1.181134 0.4524752 0.6635273 0.8481196
0.03288704 -0.7224119 0.4691555 0.6946396 0.6657256
-0.2246054 -0.6894948 0.300762 0.2473506 0.8411868
-0.1589206 -0.6856321 0.3279033 0.3820287 0.7997512
0.02428886 -0.674787 0.4738947 0.6876799 0.6364874
0.1056542 -1.149016 0.3602962 0.7543049 0.9036288
0.1047964 -1.231282 0.3934591 0.7290141 0.8986401
-0.2356282 -0.6751127 0.8719057 0.2394495 0.4086744
-0.2208328 -0.7017971 0.2902327 0.2580511 0.8589351
-0.2670271 -0.703345 0.3318068 0.164843 0.817301
0.004641354 -0.6896451 0.357056 0.6944112 0.7520534
0.1288558 -1.15388 0.3867769 0.7741641 0.8825545
-0.3078434 -0.6726344 0.6569312 0.1195992 0.5282067
-0.2473083 -0.6652784 0.6233366 0.2122814 0.5416969
-0.1797376 -0.7021353 0.3268052 0.34186 0.8115438
-0.1042734 -0.6850384 0.3640949 0.4846237 0.7545766
-0.198134 -0.6901767 0.2750557 0.3043708 0.8692532
