-0.4864784 0.006836016 0.1136571 
0.99946 1
0.99946 0
0.0005400776 1
0.0005400777 0
388
-0.2248599 -0.4720759 0.9292574 0.4923376 0.2712057
0.3399268 -0.641247 1.139604 0.9854082 0.2733033
0.1677696 -0.591733 1.161309 0.8268003 0.2470878
0.1448079 -0.5776561 1.204865 0.788052 0.2271626
0.1348605 -0.6532125 0.9960074 0.8568195 0.3382656
0.1315008 -0.537093 1.223743 0.7761385 0.1984331
0.1197575 -0.5848084 1.0193 0.8493008 0.2915537
0.0939278 -0.5893165 1.051178 0.8043509 0.2845308
0.07344586 -0.6517315 0.5455301 1.080567 0.5654687
0.08676463 -0.5776733 1.072736 0.7893779 0.2706516
0.06233054 -0.5312139 1.414858 0.6356376 0.148461
-0.007010788 -0.6212637 1.170856 0.6405221 0.2686989
-0.024223 -0.5891755 1.2513 0.5986706 0.2269055
-0.02549291 -0.5683813 1.294204 0.585466 0.2028692
-0.05014133 -0.5593429 1.295932 0.5608663 0.197884
-0.06207845 -0.6244972 1.158593 0.5869952 0.2770875
-0.08059764 -0.6299736 1.120301 0.579992 0.2938593
-0.143009 -0.4720289 1.550393 0.4026349 0.08690798
-0.1406209 -0.4618369 1.281224 0.4771206 0.1426337
-0.1961783 -0.4936323 1.291331 0.4099527 0.1625592
-0.244811 -0.4722134 1.329508 0.3454115 0.1394105
-0.2298169 -0.490599 0.8970902 0.4962703 0.2993512
-0.2332318 -0.5532426 0.9133769 0.4793608 0.3364799
-0.1629689 -0.6425921 0.2354271 1.013351 0.9004375
-0.3091031 -0.5806984 0.966291 0.359055 0.3370796
-0.3175904 -0.6002764 0.9813168 0.3438898 0.3437667
-0.2311692 -0.6459016 0.300714 0.8136134 0.843033
-0.2645091 -0.6496967 0.3358597 0.71883 0.8141567
-0.2771135 -0.6494749 0.3328123 0.6970882 0.8211101
-0.3149552 -0.6531311 0.4809209 0.5323402 0.6839791
-0.2763125 -0.6482459 0.3460539 0.6890901 0.8054299
0.1794717 -0.549978 1.20066 0.8309713 0.2109221
0.1717833 -0.5709245 1.055674 0.8893608 0.2680793
0.1290092 -0.6033098 1.003287 0.861941 0.307668
0.1296793 -0.6429363 0.9997694 0.8525511 0.3315201
0.06957346 -0.6318085 1.294344 0.6692702 0.2350836
0.05306107 -0.5153014 1.398476 0.6346917 0.1430956
-0.04098517 -0.5688935 1.28936 0.5712878 0.2050112
-0.2724127 -0.5274306 1.282697 0.3252965 0.189202
-0.1891565 -0.6445832 0.2632985 0.9311633 0.8746072
-0.2313844 -0.6516694 0.2834536 0.8258776 0.8663666
-0.05763179 -0.5940443 1.203714 0.579875 0.2451541
-0.1023898 -0.6612921 0.7912321 0.6864052 0.4501529
-0.2479111 -0.5094834 1.204434 0.3724487 0.1998469
-0.2300328 -0.6481767 0.2915072 0.8229447 0.8546702
-0.0473029 -0.638392 1.128201 0.6116017 0.2941955
0.08817691 -0.6050079 1.069186 0.7855655 0.2878777
-0.2325161 -0.6447704 0.3032431 0.8093317 0.8399409
-0.28841 -0.6498489 0.3577003 0.6570434 0.7967626
-0.3395155 -0.6546643 0.5127146 0.4735295 0.6623873
-0.271405 -0.653807 0.4798422 0.6080372 0.6762208
-0.1731716 -0.6482211 0.3974952 0.8349939 0.7263634
-0.300139 -0.6495855 0.3697298 0.6265008 0.7868102
0.01950669 -0.6108152 1.221237 0.6504603 0.2462719
-0.3494201 -0.6525187 0.5088224 0.4582713 0.6665037
-0.3134503 -0.6529753 0.3848571 0.5905457 0.7759823
-0.3269656 -0.6513754 0.3961472 0.5584122 0.7669195
-0.2624849 -0.6479326 0.3356533 0.723528 0.8129709
-0.2527999 -0.6460081 0.2986319 0.7734361 0.8521854
-0.3381844 -0.5952895 0.5170823 0.4802674 0.6234896
-0.1715824 -0.649586 0.5468211 0.729573 0.6018111
-0.2066554 -0.6453871 0.2799042 0.8803863 0.8601474
-0.3393973 -0.5302495 0.5183405 0.4852443 0.579347
-0.3370442 -0.6500195 0.4054666 0.5341392 0.7592045
-0.3292638 -0.4117001 0.5620279 0.497708 0.4442513
-0.3962763 -0.5531299 1.596178 0.1442585 0.1295179
-0.2847966 -0.6531535 0.3601349 0.6611427 0.794742
-0.3514222 -0.6530057 0.4207328 0.4980937 0.7488725
-0.3817336 -0.4485969 0.6599489 0.3422185 0.4117181
-0.2351813 -0.5108767 1.610168 0.2999904 0.09932268
-0.2383795 -0.5100209 1.605622 0.2976246 0.09977829
-0.3339182 -0.6558595 0.5163753 0.4813522 0.6588556
-0.3629497 -0.6518169 0.4164301 0.478671 0.7554857
-0.3626722 -0.6517425 0.4298521 0.4723189 0.7418814
-0.320785 -0.6514879 0.4775436 0.5241267 0.6873138
-0.06172609 -0.6128923 1.175666 0.5828959 0.264967
-0.3362106 -0.5426376 1.136802 0.2809791 0.2477385
-0.3354674 -0.6045878 0.522783 0.481295 0.6238533
-0.2842423 -0.6443626 0.3264422 0.6899313 0.8281035
-0.309497 -0.6542891 0.3848231 0.597705 0.7756396
-0.07005095 -0.6582688 0.6912341 0.7829136 0.4986311
-0.4206496 -0.6561821 0.5615348 0.3126818 0.6385401
0.1412293 -0.5883948 1.17935 0.7932624 0.2409065
-0.3235142 -0.60623 0.9804249 0.3364505 0.3483213
-0.245409 -0.6488441 0.3049599 0.7810621 0.843678
-0.113088 -0.4712402 1.540062 0.4347103 0.08819103
-0.3416579 -0.44018 0.5231164 0.4902995 0.5048112
-0.4375984 -0.6597251 0.6440129 0.2597932 0.5806445
-0.4403827 -0.6576374 0.6422566 0.2554346 0.5811368
-0.3066273 -0.6484094 0.3519721 0.6264454 0.8074579
-0.3694312 -0.6223036 0.5412798 0.4106917 0.6256735
-0.3262739 -0.6492332 0.3973768 0.5594193 0.7643788
-0.3450505 -0.5854027 0.9272918 0.3208029 0.360281
-0.3404989 -0.5243258 1.076463 0.2878231 0.2572858
-0.2599621 -0.5190541 1.157435 0.370084 0.2216231
-0.3376319 -0.4101546 0.559837 0.4814916 0.4459456
-0.3481815 -0.6535083 0.420039 0.5044883 0.7490261
-0.4153467 -0.6629367 0.4865408 0.3486725 0.7059415
-0.4275328 -0.6545084 0.4933918 0.3233645 0.6977987
-0.3524888 -0.5320248 0.5149331 0.4612247 0.5861834
-0.1605341 -0.4532484 1.316816 0.4446379 0.1280179
-0.1646365 -0.4516616 1.31383 0.4409427 0.127783
-0.4279691 -0.6569247 0.4799243 0.3274783 0.7116938
-0.442151 -0.6673756 0.5158431 0.2895677 0.6877476
-0.09701836 -0.6013004 1.105868 0.570787 0.2829614
-0.2670297 -0.5748232 0.9762259 0.4118201 0.3260247
-0.4536067 -0.6555453 0.5166066 0.2672977 0.6830308
-0.3795017 -0.6535761 0.4508937 0.4303721 0.7262965
-0.4540404 -0.662634 0.5086283 0.2695556 0.6941637
-0.3712094 -0.6421019 0.4083471 0.4680601 0.7609017
-0.2819803 -0.6514194 0.475645 0.5928872 0.6807606
0.178656 -0.4324677 1.422426 0.7609488 0.08492738
-0.4806009 -0.6696537 0.7226495 0.1735106 0.5393825
0.09054744 -0.6466834 1.258974 0.6995207 0.2520944
-0.4097819 -0.6587914 0.4840734 0.3598502 0.7047501
-0.4082911 -0.6555286 0.4535671 0.3748652 0.7315586
0.1807479 -0.5558454 1.409796 0.7427374 0.1610067
-0.3525355 -0.4276658 0.5152616 0.4730996 0.5028462
0.1306451 -0.5760317 1.113062 0.8163878 0.2544544
-0.3582652 -0.5581254 1.253555 0.2327097 0.2205127
-0.3610576 -0.5584533 1.256099 0.229003 0.2200475
-0.3665301 -0.6096134 0.5242718 0.4239277 0.6317629
-0.2401036 -0.5300344 0.8744509 0.4867347 0.3388929
-0.3275845 -0.6499544 0.5144923 0.4938511 0.6558915
0.353682 -0.5217658 1.288359 0.9607995 0.166168
0.3909519 -0.5792282 1.29113 0.974261 0.1967587
0.3885216 -0.5831881 1.266648 0.9830021 0.2051522
0.3739322 -0.5155388 1.291097 0.9796615 0.1613811
-0.3517271 -0.5654629 0.5202768 0.4566725 0.6042536
-0.4526997 -0.6680571 0.5040535 0.2739168 0.7009309
-0.3621951 -0.6483226 0.2756632 0.5652705 0.9187925
0.1079169 -0.632686 1.025372 0.8199587 0.3178458
-0.1600652 -0.6487935 0.2983522 0.9473391 0.8260575
-0.1640078 -0.6464297 0.2983687 0.9415921 0.8260837
0.3543503 -0.5011405 1.293018 0.9656656 0.1529201
-0.3761412 -0.5476289 1.178354 0.2232113 0.2387244
-0.371915 -0.5512819 1.224209 0.2208176 0.2259109
0.1844538 -0.5682829 1.057102 0.9025911 0.2654049
0.3966151 -0.5571746 1.297384 0.9830799 0.182943
-0.002559304 -0.6069223 1.266367 0.6128929 0.2318964
0.3715943 -0.575902 1.289181 0.9593831 0.1960024
0.3740055 -0.4066063 1.351116 0.9849047 0.08115494
-0.1581385 -0.6466085 0.2394995 1.015011 0.8952369
-0.2434345 -0.5543578 0.9080771 0.467338 0.3403926
-0.2407395 -0.5542394 0.9074209 0.4712636 0.3403996
-0.4545729 -0.6459069 0.5176759 0.2642692 0.6768982
-0.3153336 -0.6444341 0.2518612 0.6857009 0.9328786
-0.2113433 -0.6415234 0.2590249 0.8942642 0.885922
-0.3470176 -0.5515886 0.6346726 0.4144481 0.5042698
-0.3322717 -0.4388677 0.5083218 0.5197675 0.5151087
0.1544112 -0.5678698 1.173567 0.8140921 0.2301907
-0.04895234 -0.6046931 1.190348 0.5922671 0.2550635
-0.3277871 -0.6489401 0.3077964 0.6150115 0.8659178
-0.3245088 -0.6514665 0.3075993 0.6211219 0.8662311
-0.3135468 -0.6463596 0.2652646 0.6777694 0.9147514
-0.2196769 -0.5135637 1.602723 0.3165374 0.1022158
0.01201212 -0.6013959 1.220075 0.644835 0.2415818
0.3870025 -0.5560174 1.21214 1.019047 0.204263
0.110499 -0.5790771 1.08429 0.8085114 0.2664843
-0.1215208 -0.6446536 0.3022037 1.015458 0.8088707
-0.2475278 -0.5268171 1.287155 0.3526057 0.1867267
-0.2820876 -0.5436991 1.147459 0.3456678 0.2421938
-0.2864292 -0.5392522 1.139504 0.3422548 0.2421864
-0.3921095 -0.5139793 0.5929279 0.3495057 0.5152455
-0.3765954 -0.6384181 0.4466288 0.4389519 0.7216004
-0.04449171 -0.5313232 1.304656 0.5669863 0.1785147
-0.4638344 -0.6465473 0.3703731 0.2956585 0.8314091
-0.4545677 -0.6527905 0.3589258 0.3204174 0.8451881
-0.4828505 -0.6605794 0.7779209 0.1587404 0.4999543
0.4005383 -0.5063363 1.310572 0.9964678 0.1507837
0.150266 -0.6577384 0.9951707 0.8717941 0.3400829
-0.3401239 -0.6453624 0.2903995 0.6028259 0.8904091
-0.1560695 -0.6591806 0.8403615 0.5963066 0.4298546
-0.34732 -0.5302617 0.5136831 0.4722315 0.5850102
0.08342284 -0.6026383 1.431837 0.6394358 0.18391
0.4303409 -0.5563652 1.322186 1.000108 0.1756439
-0.05131054 -0.6354813 1.161017 0.5960145 0.2819755
0.3807422 -0.5814986 1.131912 1.048296 0.2412001
0.3871902 -0.5834675 1.136073 1.051131 0.2408398
0.002624989 -0.6482465 0.4669651 1.052467 0.6311395
-0.177262 -0.651223 0.355192 0.8620865 0.7706307
-0.2793341 -0.5416705 1.122092 0.3554341 0.2494225
-0.4039399 -0.535317 1.613175 0.132646 0.1155277
-0.4963635 -0.6549959 0.538671 0.1815923 0.6722081
-0.3659004 -0.6378515 0.2775912 0.5583299 0.9132305
-0.3780606 -0.6511936 0.411538 0.4522009 0.7640438
0.3742519 -0.5436723 1.293417 0.9697043 0.1769539
-0.4715071 -0.654545 0.5683976 0.2201205 0.6416894
0.1223099 -0.6073092 1.195705 0.7631521 0.2475737
0.2069739 -0.5756654 1.069625 0.9165432 0.264604
-0.268771 -0.6479633 0.3172548 0.7259722 0.8358763
-0.3005682 -0.5302374 1.303294 0.2888505 0.1860489
-0.3940974 -0.6137475 0.5780057 0.3526178 0.5953435
0.3627004 -0.4216292 1.286414 1.00406 0.1050191
-0.2605184 -0.651904 0.3899802 0.6854454 0.7566308
-0.2646958 -0.6483169 0.3890626 0.6796476 0.7567756
-0.03986979 -0.4714729 1.327222 0.571282 0.1349627
-0.4733818 -0.6533844 0.4905829 0.2373061 0.7101047
-0.3004045 -0.6459998 0.2817036 0.6920174 0.8885281
-0.3735523 -0.5415887 1.336533 0.2001316 0.1862315
0.4121912 -0.5567741 1.203992 1.045907 0.2060343
0.3746824 -0.5807055 1.144724 1.035795 0.2372872
-0.2173087 -0.6492627 0.3084598 0.8313828 0.8314165
-0.2499841 -0.5433361 1.154457 0.3827472 0.2381346
-0.3783045 -0.5415062 1.520234 0.170171 0.1394261
-0.3852881 -0.6543053 0.2949552 0.5015778 0.9036217
0.1585479 -0.5395541 1.087364 0.8686505 0.239325
-0.06259722 -0.6490945 0.3802892 1.033105 0.7177137
-0.01539296 -0.6348365 1.14809 0.6382126 0.2840106
-0.4437203 -0.650561 0.6022071 0.2598631 0.6073617
-0.08482474 -0.4595585 1.248358 0.550997 0.1485046
-0.4568415 -0.6532627 0.4244509 0.2909253 0.7721209
-0.4538669 -0.6566634 0.4251443 0.2969103 0.7723356
-0.4343916 -0.6555976 1.053026 0.1815513 0.3559728
-0.2861217 -0.6412042 0.2901233 0.7162403 0.8710541
0.3875815 -0.4900211 1.313607 0.9887831 0.1407599
0.4380784 -0.5610557 1.200903 1.069161 0.2084199
0.461471 -0.5637808 1.233569 1.070651 0.2006736
0.3705002 -0.5044626 1.298104 0.9766182 0.1533001
0.4771456 -0.5576936 1.297755 1.051968 0.1809644
-0.1812477 -0.6428265 0.2536309 0.9577359 0.8833756
-0.383955 -0.4453271 0.6472549 0.3427896 0.4180595
-0.3973076 -0.5976535 0.5773145 0.3469377 0.5863799
-0.3684799 -0.4243079 0.5945882 0.3970141 0.4361748
-0.2581149 -0.5629703 0.9272163 0.440103 0.3387149
-0.4049924 -0.6464373 0.5814188 0.3329676 0.6142105
-0.5025504 -0.6636763 0.570797 0.1647973 0.6508852
-0.2484325 -0.6458283 0.3197263 0.7641163 0.8259989
-0.1351243 -0.5693244 1.14455 0.5181628 0.2525134
-0.03590059 -0.6266541 1.123261 0.6272883 0.2886104
-0.3369303 -0.654919 0.5006487 0.4837181 0.6723132
0.4844932 -0.5639775 1.27775 1.066525 0.1890442
-0.3744161 -0.4382694 0.6467809 0.3616189 0.4109637
-0.2563447 -0.645958 0.3263362 0.74347 0.8208025
-0.06021327 -0.6318694 1.101254 0.608684 0.3003533
0.3836693 -0.5032716 1.30721 0.9841799 0.150153
-0.1968187 -0.5370445 0.9430825 0.5184402 0.3100134
0.5223529 -0.5727509 1.325849 1.069825 0.1812719
-0.001600444 -0.6473007 0.4482614 1.063916 0.6460573
-0.2075063 -0.6418001 0.2817534 0.8790209 0.8565723
-0.158159 -0.6438298 0.2514535 1.003611 0.8789991
-0.1630335 -0.6452382 0.292008 0.9505277 0.8325274
-0.6902576 -1.168156 1.250222 -0.03120977 0.5273461
-0.2770781 -0.5506641 1.133249 0.3554041 0.2513218
-0.4910913 -0.6470462 0.5336545 0.1913385 0.6710439
-0.2670591 -0.6508023 0.3153692 0.7296765 0.8388737
-0.4292058 -0.6547034 0.4989009 0.3183172 0.6932453
-0.4126692 -0.6541551 0.4676163 0.3609022 0.7183284
0.07377738 -0.6646364 1.229629 0.6913965 0.2707956
-0.3544474 -0.5138396 0.5245645 0.4542056 0.564947
-0.3353946 -0.5267918 1.066031 0.2971176 0.2625993
0.1419163 -0.5682903 1.013944 0.8810708 0.2822766
-0.1674669 -0.6439263 0.7510856 0.624406 0.4681007
-0.4546134 -0.6545079 0.6937065 0.2191733 0.5457829
0.1037748 -0.6023729 1.024774 0.8243102 0.3008929
0.1674888 -0.5807984 1.393123 0.7323304 0.1790335
-0.1753167 -0.6388274 0.2463053 0.9799553 0.8890185
-0.1553216 -0.6450477 0.3061113 0.9505644 0.8142259
-0.4113919 -0.4312055 0.6066059 0.302202 0.4396395
-0.2493939 -0.6506417 0.4878089 0.6412455 0.6632221
-0.5155339 -0.6524008 0.5800831 0.1370324 0.6392844
-0.3195556 -0.6521793 0.3662049 0.5909715 0.797186
-0.3248537 -0.6509578 0.4704932 0.520696 0.6942309
-0.1951258 -0.4540157 1.32608 0.4029831 0.1269013
0.3985549 -0.4129229 1.363926 0.9984694 0.08228952
-0.1547402 -0.6478935 0.3178224 0.9383377 0.8025157
-0.4152955 -0.4597864 0.61876 0.2917059 0.4558083
-0.4833764 -0.6452913 0.3977121 0.2441632 0.8047761
-0.4137778 -0.5838625 0.6157833 0.3035859 0.5505026
-0.4170372 -0.577756 0.6113987 0.2987842 0.5503073
-0.2783467 -0.4924236 0.9468564 0.4086816 0.2823431
-0.3958791 -0.5485649 1.743305 0.1297429 0.09683371
-0.3990411 -0.5449752 1.728824 0.1276222 0.09762394
-0.3451515 -0.6505286 0.3790288 0.5338345 0.7894378
0.3532863 -0.4153329 1.366308 0.9550122 0.08380377
-0.01321828 -0.5741056 1.282355 0.6011435 0.2090392
0.3511454 -0.6401117 1.134578 0.9986097 0.2736988
-0.2037385 -0.6389241 0.2726816 0.8969547 0.8651935
-0.238823 -0.6512926 0.313583 0.785194 0.8327858
-0.04703715 -0.6523661 0.596117 0.87716 0.5500945
-0.3947482 -0.5714266 0.5768557 0.3514386 0.5691825
-0.4186823 -0.5545468 0.6240827 0.2902045 0.5251501
-0.4436491 -0.6533214 0.7384025 0.2264834 0.5146848
-0.5705291 -0.7895297 1.189386 0.02417269 0.3846523
-0.4330753 -0.6412573 0.4688328 0.3211941 0.7149228
-0.4532517 -0.6509023 0.3720149 0.3178623 0.8283572
-0.4101883 -0.6469359 0.4701974 0.3645571 0.7114004
-0.494985 -0.6657155 0.5646306 0.1802071 0.655686
-0.1016445 -0.6581382 0.8646933 0.6534203 0.4127694
-0.3989095 -0.4379479 0.599347 0.3315492 0.4493611
-0.4103472 -0.6559048 0.4463842 0.3739168 0.7392948
-0.4152562 -0.5950655 0.6141585 0.3020966 0.5592922
-0.4496752 -0.6656531 0.3625762 0.3298339 0.8452299
0.08887619 -0.6128047 1.057491 0.7898245 0.296342
-0.375509 -0.6520273 0.4246601 0.4505283 0.7503981
-0.2753643 -0.6596998 0.6105413 0.532186 0.5786024
-0.4318825 -0.6504905 0.4013807 0.3501889 0.7888068
-0.268372 -0.6509861 0.2827327 0.7540632 0.8787932
-0.004336655 -0.6273733 1.235854 0.6188583 0.2522036
-0.1636651 -0.6405495 0.2267181 1.023603 0.9112335
-0.1123919 -0.6456756 0.3033605 1.029665 0.8055532
0.06430268 -0.6508588 0.5482866 1.066493 0.5644971
-0.2542739 -0.4729725 0.9534663 0.4414501 0.2635873
-0.4296815 -0.6585999 0.6355376 0.2751497 0.5848103
-0.5216222 -0.6627942 0.5616384 0.1313393 0.661878
-0.4002889 -0.6610227 0.590872 0.3381642 0.6144621
-0.4995562 -0.6538081 0.4382194 0.1997581 0.769097
-0.0452145 -0.5781528 1.273579 0.5710965 0.2149569
0.0871464 -0.6791931 0.9644518 0.8152732 0.3674906
-0.4198827 -0.6614926 0.5929187 0.3043135 0.6166098
-0.4318473 -0.6532429 0.6517185 0.2667154 0.5704561
-0.2678643 -0.5614398 0.5027484 0.6228935 0.6002567
-0.1439402 -0.6453673 0.3065213 0.9704887 0.8107144
-0.08054584 -0.467614 1.281991 0.5432812 0.1448683
-0.137564 -0.6621231 0.630792 0.7248802 0.5460669
-0.4840732 -0.6345504 0.4005374 0.240339 0.7963372
-0.2902604 -0.6550909 0.5039693 0.5622137 0.660202
-0.2904893 -0.6553659 0.3424839 0.6621807 0.8168119
-0.3177991 -0.6457224 0.2596126 0.6735697 0.9236431
0.07353342 -0.6564092 1.342093 0.6525622 0.2351102
-0.209213 -0.6533049 0.3868545 0.7788324 0.7478227
-0.3083966 -0.6516584 0.4166318 0.5806663 0.7417077
-0.47462 -0.6664557 0.7873299 0.1706522 0.4968377
-0.2847083 -0.6434941 0.2849371 0.7224798 0.8781253
0.08151066 -0.6651766 1.244299 0.6931849 0.266453
-0.240409 -0.4970918 0.968959 0.4537174 0.2741538
0.09143484 -0.6616376 1.065183 0.7768412 0.3208224
-0.3891759 -0.4499243 0.5896537 0.3560233 0.4658719
-0.247393 -0.4444944 1.245163 0.3627829 0.1430141
-0.1396434 -0.5947984 1.181233 0.4990968 0.2562445
-0.4179475 -0.5385122 1.763702 0.1056487 0.08755684
-0.4025768 -0.4394971 0.599889 0.3237426 0.4508765
-0.3926753 -0.5399218 1.753834 0.1308677 0.08993948
0.0162099 -0.5397176 1.384597 0.6003631 0.1616623
0.0865317 -0.5771993 1.092061 0.7801044 0.2639756
0.408564 -0.4269422 1.328349 1.021727 0.0985198
-0.1661629 -0.6079282 0.959432 0.54304 0.346655
0.2124609 -0.5732903 1.318268 0.8044254 0.1919568
0.1018904 -0.5696812 1.046887 0.8204008 0.2738183
-0.2103279 -0.6553257 0.2942241 0.8543218 0.8486198
-0.2448022 -0.6465142 0.2830192 0.8026525 0.8689049
-0.2217791 -0.64076 0.2925743 0.8417705 0.847494
-0.2670318 -0.6208101 0.8684492 0.4448107 0.4037312
-0.2730359 -0.6472911 0.9399436 0.4127074 0.3869713
-0.2603998 -0.4817986 0.9783412 0.423741 0.2603942
-0.2615792 -0.516579 0.9555863 0.4281766 0.2949513
-0.5651945 -0.668366 1.149432 0.007477403 0.3341787
-0.3802761 -0.4964786 1.539237 0.1609957 0.1075314
-0.4393449 -0.618544 0.7510458 0.2265873 0.4849018
-0.3985316 -0.533812 0.5542192 0.3527007 0.562411
-0.3895049 -0.5744967 0.5696082 0.3639262 0.5761114
-0.4222007 -0.6560633 0.614528 0.2935361 0.5975226
-0.4222252 -0.6415883 0.6143026 0.2926719 0.589198
-0.4161422 -0.6250926 0.6056733 0.3048674 0.5847337
-0.3916322 -0.5463774 0.5558782 0.365464 0.568629
-0.5042197 -0.6550145 0.6706478 0.1414957 0.5694974
-0.3691924 -0.648538 0.5405962 0.4102257 0.6415032
-0.4130042 -0.6068143 0.6051011 0.309624 0.5732874
-0.4043654 -0.6441167 0.3031958 0.4566096 0.8950838
-0.3613993 -0.5782337 0.5318677 0.431956 0.6045688
-0.4141552 -0.6579465 0.3221204 0.4238489 0.8799357
0.1365841 -0.6285003 1.007465 0.8601086 0.3201997
-0.2722661 -0.667054 0.366434 0.6756434 0.7913746
-0.4093313 -0.6711167 0.5497764 0.3368652 0.6543034
0.198051 -0.4150641 1.453113 0.7704328 0.06750697
0.02350155 -0.6519143 0.4932667 1.056905 0.6097805
-0.5630106 -1.057013 1.161502 0.07857135 0.5107599
-0.4536786 -0.6481002 0.377198 0.3147585 0.8210905
-0.462182 -0.669829 0.6761223 0.2126698 0.5678149
-0.252728 -0.6352339 0.8709201 0.4621289 0.4100026
-0.4979889 -0.6436259 0.5560948 0.172663 0.6509496
-0.1617946 -0.6476305 0.9658594 0.5412455 0.3672725
-0.2795925 -0.6389248 0.6058113 0.530775 0.5705248
-0.2985227 -0.5565858 0.5697937 0.5297319 0.5480289
-0.1121668 -0.5705647 1.155225 0.5402227 0.2487386
0.06543791 -0.6520303 0.6073509 1.019784 0.5275419
-0.2763502 -0.4984176 1.569187 0.2653868 0.1008202
-0.5670701 -1.021275 1.10786 0.07301116 0.5187915
0.1333482 -0.5851721 1.003294 0.8722284 0.2966985
-0.370427 -0.4271737 0.5982221 0.3911649 0.4362519
-0.3439402 -0.6480192 0.4103952 0.5186158 0.7548801
0.07054836 -0.6171864 1.075575 0.7611718 0.2936571
-0.3095264 -0.5429333 0.9495341 0.3632347 0.3192083
-0.1765906 -0.6342011 0.7340502 0.6220469 0.4727947
-0.551959 -0.5605383 1.920282 -0.02536201 0.07299554
-0.1943084 -0.6080278 0.6405711 0.6507549 0.5155178
-0.163142 -0.6096172 1.029413 0.5210257 0.3195118
-0.2849149 -0.5003957 1.655394 0.2434806 0.08472788
