-0.4524143 0.002106264 0.07487477 
0.99946 1
0.99946 0
0.0005400776 1
0.0005400777 0
395
-0.1929261 -0.6508267 0.7820074 0.5309731 0.4479374
-0.2209272 -0.4735027 0.9338596 0.4593517 0.2616351
0.3401241 -0.6371806 1.133101 0.9657179 0.2755648
0.1744152 -0.5937824 1.170219 0.8047239 0.2458572
0.1483159 -0.5774545 1.205418 0.7686834 0.2272213
0.1384909 -0.6528783 0.9962029 0.8295327 0.3363925
0.1336917 -0.5363041 1.220527 0.7576808 0.1993731
0.1217557 -0.5825287 1.01516 0.8232085 0.2902418
0.09777099 -0.5890533 1.052174 0.7787733 0.2823913
0.07722247 -0.6515166 0.5454724 1.025938 0.5579466
0.08971983 -0.5765482 1.07114 0.7650877 0.2689959
0.06556195 -0.5306213 1.415017 0.6240461 0.1489657
0.03604203 -0.6501842 0.5056034 1.000727 0.5892725
-0.00329119 -0.6207951 1.171528 0.6206386 0.265815
-0.02031815 -0.5916957 1.255575 0.5806741 0.2252875
-0.02192417 -0.5689372 1.296026 0.5697718 0.2012945
-0.04626101 -0.5621561 1.301556 0.5443976 0.1963433
-0.0581519 -0.6244813 1.16025 0.5667152 0.2731446
-0.07755038 -0.6312482 1.120313 0.5576022 0.2905143
-0.1397416 -0.4742311 1.557237 0.3959899 0.08663809
-0.1374593 -0.4643799 1.285643 0.4607193 0.1407512
-0.193039 -0.4938681 1.291552 0.3957855 0.1591834
-0.2419483 -0.4737728 1.331975 0.3327487 0.1361847
-0.2295928 -0.5536453 0.9139318 0.4473872 0.3270328
-0.1583694 -0.6424894 0.2356627 0.9198355 0.8763987
-0.3055535 -0.5812271 0.9666461 0.3311702 0.3269651
-0.3142153 -0.6018724 0.9832495 0.3164943 0.3337224
-0.2266204 -0.6461164 0.3009342 0.7287729 0.8184508
-0.2601487 -0.6500214 0.335906 0.6385664 0.78977
-0.2733026 -0.6507536 0.3328398 0.6149459 0.7966294
-0.3109052 -0.6530536 0.4802063 0.4694346 0.6631606
-0.2719753 -0.6488726 0.3462571 0.6097833 0.7808425
0.2166892 -0.542715 1.158052 0.8657233 0.2187884
0.1857286 -0.5548672 1.20982 0.8089498 0.2121681
0.1773855 -0.5718737 1.061072 0.8630972 0.2665718
0.132757 -0.6022712 1.003642 0.8346928 0.305436
0.1327764 -0.641848 0.998553 0.82563 0.3297276
0.07816511 -0.6423109 1.317175 0.6495606 0.234048
0.05724826 -0.5138117 1.401509 0.6227577 0.1423045
-0.03847677 -0.5695551 1.287353 0.5555502 0.204271
-0.0122954 -0.649029 0.4226836 0.9977025 0.6585302
-0.2692056 -0.5297533 1.288989 0.3106333 0.18393
-0.2858924 -0.5488248 0.9612029 0.3587433 0.3068436
-0.1843385 -0.6446386 0.2637533 0.8417413 0.8501476
-0.2262053 -0.6529907 0.2847762 0.7388967 0.8403071
-0.09935153 -0.6606746 0.7890652 0.6484005 0.4425562
-0.2457266 -0.5094658 1.199521 0.3551459 0.1959044
-0.22589 -0.6484557 0.2913516 0.7364339 0.8304143
-0.06847638 -0.6542224 0.5626259 0.8096591 0.565991
-0.04615796 -0.6297453 1.113288 0.5936961 0.2908219
0.08964306 -0.6046265 1.064159 0.7610511 0.2877503
-0.2156034 -0.4735589 1.322874 0.3641905 0.1381058
-0.2083792 -0.6481243 0.3875728 0.701135 0.7248768
-0.2274743 -0.6464689 0.3047333 0.7241518 0.8145213
-0.2840021 -0.6510513 0.3583795 0.5790577 0.771898
-0.3352206 -0.6553757 0.5131859 0.4139307 0.6410933
-0.2683047 -0.6541287 0.4782063 0.5438913 0.6581812
-0.1682894 -0.648257 0.3983443 0.7638103 0.7069572
-0.295836 -0.6497933 0.3695716 0.5505255 0.7622585
0.02398819 -0.6126853 1.226241 0.6314067 0.2442959
-0.3453792 -0.653205 0.5088086 0.3979679 0.6450956
-0.2221722 -0.650112 0.3431865 0.7052808 0.773244
-0.3091337 -0.6540295 0.3853569 0.5162069 0.7512753
-0.3228737 -0.6525171 0.3962089 0.4851705 0.7425466
-0.258625 -0.6475648 0.3349539 0.6428654 0.7892003
-0.2484805 -0.6478833 0.2990463 0.6868039 0.8270876
-0.3343515 -0.5951754 0.5161443 0.418474 0.6021389
-0.2029103 -0.6448587 0.2792767 0.7923213 0.8367822
-0.3357426 -0.5317551 0.5178893 0.4199402 0.5577188
-0.3332465 -0.6508762 0.404559 0.4618977 0.7355809
-0.3255328 -0.4135418 0.5631989 0.4309804 0.4227364
-0.3929344 -0.5469537 1.579096 0.1437151 0.1257497
-0.2803283 -0.6562056 0.3610032 0.5832713 0.7709659
-0.3472594 -0.6555683 0.4214379 0.427749 0.7245525
-0.03739148 -0.6582132 0.6995301 0.7717083 0.4822872
-0.3781481 -0.4503475 0.6608878 0.2898431 0.392454
-0.2345011 -0.511696 1.612457 0.2945285 0.09805757
-0.2340089 -0.5115203 1.608768 0.295535 0.09867251
-0.3299455 -0.6567683 0.5161962 0.4218187 0.638598
-0.3588634 -0.6537837 0.4167454 0.407852 0.7305213
-0.3586268 -0.6532642 0.429922 0.4031742 0.7174729
-0.3167948 -0.6524219 0.4773618 0.4603444 0.6662577
-0.3442992 -0.6544683 0.4015768 0.4418036 0.7427971
0.04411179 -0.5409093 1.427191 0.5987918 0.1523085
-0.05735677 -0.6139331 1.178328 0.5633166 0.2615237
-0.3327316 -0.5444314 1.138802 0.2619322 0.2401617
-0.3316908 -0.6060978 0.5223716 0.4200782 0.603552
-0.2804946 -0.6449222 0.3254704 0.6071374 0.803645
-0.3054464 -0.6563449 0.3845612 0.5231528 0.7524905
-0.06620416 -0.6589059 0.6909197 0.7382393 0.4901171
-0.4168839 -0.6577477 0.5610833 0.2579407 0.6171509
-0.3200404 -0.6070416 0.9801142 0.3096828 0.3385487
-0.2416675 -0.6493039 0.3044701 0.6957309 0.8197913
-0.1095369 -0.4759846 1.552076 0.4263523 0.08873957
-0.3380972 -0.4412055 0.5232289 0.420301 0.4812784
-0.4365735 -0.6602835 0.6438956 0.2080528 0.5607775
-0.4353813 -0.6605132 0.6441844 0.2099936 0.5605637
-0.3021308 -0.652576 0.3536802 0.5465016 0.7818402
-0.3654413 -0.6246061 0.5421782 0.3523114 0.6043705
-0.3221321 -0.6510975 0.397648 0.4860983 0.7402003
-0.3368924 -0.5259027 1.078908 0.2659502 0.248486
0.09435523 -1.400731 0.3731778 0.8567968 0.9202645
-0.2569289 -0.518898 1.155843 0.3510708 0.2157581
-0.3342556 -0.4113161 0.5590821 0.41473 0.4248469
-0.3442785 -0.655116 0.4195385 0.4341684 0.7255308
-0.4115283 -0.6643418 0.4858932 0.2866037 0.6823382
-0.4237322 -0.6562442 0.4929437 0.2617545 0.6737958
-0.3489331 -0.5329947 0.5139876 0.395756 0.5639415
-0.1595824 -0.4534812 1.314533 0.4293674 0.1264173
-0.1611138 -0.4524853 1.315639 0.4274387 0.1254869
-0.4377947 -0.6683789 0.516487 0.2316353 0.6628041
-0.2631011 -0.6526559 0.4195519 0.5831894 0.7080598
-0.09309846 -0.6016924 1.107046 0.5484148 0.2783848
-0.2626616 -0.5785227 0.9820557 0.3835685 0.3167933
-0.4497827 -0.6584758 0.5179961 0.2083122 0.6579745
-0.3754324 -0.6562371 0.4519834 0.3635491 0.7017071
-0.4503353 -0.6669908 0.5110773 0.2097206 0.668805
-0.3671393 -0.6439098 0.4087692 0.3956689 0.7347943
-0.2889939 -0.6522514 0.5643455 0.4722078 0.5928055
-0.278557 -0.6484385 0.472852 0.5298113 0.6612374
0.1824003 -0.4318542 1.423869 0.7490445 0.08748162
-0.4768396 -0.6716871 0.7238246 0.1333026 0.520187
0.09307986 -0.644579 1.256508 0.6829976 0.2512513
-0.4057956 -0.6605806 0.4843418 0.2973794 0.6805754
-0.4042683 -0.6599482 0.4554928 0.308472 0.7060646
0.1852573 -0.5558368 1.412588 0.7306046 0.16251
-0.349122 -0.4274692 0.513553 0.4019616 0.4787409
0.1273763 -1.390054 0.3267806 0.9127414 0.9428774
-0.3566357 -0.5584897 1.251325 0.2174293 0.2144681
-0.3577253 -0.5599515 1.257866 0.2154195 0.2134737
-0.3628751 -0.6103218 0.5231903 0.3633178 0.6104542
-0.3237748 -0.651158 0.513885 0.4337333 0.6362608
-0.03968287 -0.5029057 1.315474 0.553812 0.1570215
0.3582487 -0.5217163 1.291227 0.9439117 0.1693891
0.3959294 -0.5777728 1.294604 0.9582812 0.1991233
0.3915724 -0.5815113 1.26626 0.9663911 0.2082251
0.3773672 -0.5143154 1.291639 0.9632852 0.1648083
-0.3480411 -0.5661722 0.5198284 0.3934823 0.5821536
-0.4488869 -0.6722208 0.5075511 0.213715 0.6744991
-0.3573552 -0.6475317 0.2751908 0.4765889 0.8865201
-0.3144626 -0.6421192 0.3488791 0.5270796 0.7845863
0.1117236 -0.6316584 1.025765 0.794044 0.3153429
-0.1585156 -0.648879 0.2988642 0.8578376 0.8051698
-0.1590981 -0.6464222 0.2990206 0.8579531 0.8039365
0.3598734 -0.5022767 1.297921 0.9483554 0.1565505
0.03602791 -0.6713217 1.19331 0.6448221 0.2853657
-0.1892324 -0.6519228 0.7991756 0.5294909 0.4395609
-0.372468 -0.5453438 1.171893 0.2077856 0.2310576
-0.3695341 -0.5552721 1.23024 0.2046617 0.2190758
0.1833674 -0.5629057 1.048506 0.8782883 0.2651156
0.4051126 -0.5595106 1.306025 0.9666818 0.1863376
0.009537637 -0.6199663 1.294725 0.5946764 0.2296411
0.3741231 -0.5739254 1.287778 0.9435425 0.1990896
0.3729237 -0.4029823 1.34358 0.970714 0.08587158
-0.153702 -0.6482199 0.2398111 0.9211657 0.8724446
-0.2397902 -0.5546088 0.9080104 0.4353535 0.330789
-0.2391721 -0.5542974 0.9062015 0.4367599 0.3313321
-0.3666418 -0.5286375 1.08441 0.2262869 0.2493936
-0.4506784 -0.6478987 0.5183256 0.2052476 0.6517414
-0.3112457 -0.6450629 0.2516096 0.5911846 0.9024519
-0.2072486 -0.6422621 0.2589411 0.8021475 0.8612298
-0.1707488 -0.6588715 0.3467663 0.7923847 0.7625933
-0.3286983 -0.4390707 0.5073282 0.4481069 0.491495
0.1592874 -0.5685515 1.176615 0.7934904 0.2299954
-0.0449872 -0.6049863 1.19172 0.5732576 0.2519817
-0.322515 -0.6520516 0.3082429 0.5312151 0.8377694
-0.3237883 -0.6487275 0.3071235 0.5299158 0.8378546
-0.309517 -0.6465102 0.2648153 0.5858288 0.8852476
-0.2161818 -0.5139053 1.605433 0.3132622 0.1006964
0.02169681 -0.60958 1.237472 0.6259369 0.2394267
0.3910151 -0.5551549 1.213091 1.00033 0.2073275
0.1107402 -0.5747954 1.077565 0.7849861 0.2651665
-0.1173713 -0.6455149 0.3021243 0.9317542 0.7901283
-0.2434871 -0.5289355 1.292492 0.3388057 0.1820344
-0.2803504 -0.5466105 1.151512 0.3237583 0.235871
-0.2816757 -0.5450061 1.151041 0.3222336 0.235027
-0.3882687 -0.5189862 0.5970925 0.2920253 0.4934127
-0.175136 -0.6199593 0.9646458 0.4956113 0.3450583
-0.3726129 -0.6396335 0.4464927 0.3711768 0.6969877
-0.03997865 -0.532443 1.308657 0.5520833 0.1767876
-0.2597637 -0.6243011 0.9504338 0.3938972 0.3582041
-0.4505521 -0.6543905 0.3587954 0.2426568 0.8133508
-0.4795125 -0.6659392 0.782822 0.1219909 0.4820482
0.412471 -0.5103249 1.324319 0.9802355 0.154579
0.1560486 -0.6595626 0.9987935 0.8445259 0.3382933
-0.3359537 -0.6473216 0.2904813 0.5141723 0.8607726
-0.1524208 -0.6589361 0.83978 0.561287 0.4211099
-0.3435751 -0.531125 0.5133041 0.4066263 0.5623231
0.08829194 -0.603472 1.436073 0.6282936 0.1841194
0.4355349 -0.5564995 1.32481 0.9851321 0.1798447
-0.04720536 -0.6365308 1.162545 0.5758996 0.2788125
0.3879008 -0.5830081 1.135981 1.027156 0.2440022
0.3842623 -0.5807608 1.13182 1.02682 0.2440375
0.006950438 -0.6494665 0.4668873 0.9898822 0.6210814
-0.1735155 -0.6517887 0.3543732 0.7849175 0.7519542
-0.2760307 -0.5422384 1.121849 0.3350169 0.2426596
-0.4008412 -0.5382915 1.620975 0.1317752 0.1120676
-0.4927101 -0.6575094 0.5387374 0.1254451 0.6471867
-0.3617575 -0.6413245 0.2775426 0.4666447 0.8819919
-0.3740887 -0.6538287 0.4115375 0.3806909 0.7388706
0.3786327 -0.5434538 1.294897 0.9536358 0.1805285
0.109168 -0.6382124 1.03838 0.784129 0.3147336
-0.4677989 -0.6564634 0.5681309 0.166536 0.6186744
0.1237933 -0.6048349 1.191501 0.7439658 0.2472489
0.2109537 -0.5757264 1.070164 0.8919154 0.2648289
-0.2647248 -0.6496445 0.3167636 0.6422389 0.8118406
-0.4088429 -0.6564495 0.4958581 0.2884437 0.6687173
-0.3904304 -0.6147591 0.5771489 0.2978222 0.5748516
0.363437 -0.4194502 1.282491 0.9870512 0.1094245
-0.2587635 -0.652674 0.3906505 0.6071537 0.7346408
-0.260823 -0.6494156 0.3883846 0.6055465 0.7355493
-0.2138105 -0.6493556 0.7709666 0.5069364 0.4545627
-0.03715131 -0.4708038 1.325653 0.5572244 0.1342741
-0.4696378 -0.655522 0.490315 0.175798 0.6841109
-0.296464 -0.6473321 0.2810044 0.6024771 0.8613859
-0.3704836 -0.5416768 1.335356 0.1899655 0.1804999
0.4171733 -0.5569156 1.206958 1.026429 0.209404
0.3813141 -0.5815304 1.150441 1.014067 0.2392519
0.1182501 -1.123625 0.3361285 0.9948547 0.8810371
-0.2134695 -0.6498495 0.3082334 0.7469464 0.8087517
-0.3975903 -0.4585007 0.5895427 0.2721579 0.4515405
-0.2464064 -0.5421862 1.153259 0.3640568 0.2315093
-0.3757562 -0.5477962 1.537203 0.1647821 0.1351911
-0.2582175 -1.420531 0.45116 0.4779126 0.9267921
-0.3810109 -0.6461216 0.289413 0.4179884 0.8745396
0.1551783 -0.5322632 1.07186 0.8466259 0.2398187
0.07087737 -0.5969284 1.134049 0.7148079 0.2614968
-0.2911056 -0.55985 0.9714398 0.3492096 0.3102854
-0.05829179 -0.6493254 0.3806857 0.9607327 0.702727
-0.01008913 -0.6413309 1.156902 0.6153511 0.2819839
-0.4408783 -0.6509882 0.5995767 0.2077175 0.587437
-0.07966292 -0.4651021 1.260351 0.5319311 0.1471734
-0.4517576 -0.6582121 0.4260341 0.2240445 0.7433068
-0.4525417 -0.6530977 0.423592 0.2224129 0.743194
-0.02538005 -0.5291184 1.347193 0.5560626 0.1649622
-0.3451774 -0.6118576 0.5100526 0.4000457 0.6194198
-0.4061106 -0.6587712 0.5632929 0.2761849 0.6144023
-0.4310942 -0.6569405 1.053676 0.1597098 0.3449344
-0.5750598 -0.8017111 1.191008 0.002678007 0.3784689
-0.2817176 -0.641429 0.29013 0.628579 0.8433803
0.3911132 -0.4906073 1.314222 0.9725276 0.1456841
0.4389001 -0.5579473 1.197213 1.050608 0.2120993
0.4616593 -0.5602222 1.22899 1.053393 0.2047226
0.371884 -0.5018781 1.294852 0.9608225 0.1569092
0.4829555 -0.5578008 1.301591 1.036143 0.1853086
-0.177355 -0.6428854 0.2533091 0.8657186 0.8600801
-0.3803509 -0.4478257 0.649479 0.2887089 0.3980052
-0.3934061 -0.5968974 0.5756075 0.292164 0.5649958
-0.2547667 -0.5619183 0.9250095 0.4097676 0.3291564
-0.4008529 -0.639787 0.5745476 0.2814501 0.5937606
-0.4281994 -0.6526547 0.6123356 0.2271369 0.5773554
-0.2442771 -0.6469319 0.3198024 0.6807939 0.8020375
-0.1363712 -0.5582038 1.122727 0.4996237 0.2482847
-0.3119864 -0.6467056 0.3660324 0.521964 0.7679912
-0.03230226 -0.6261929 1.123165 0.6056773 0.2850747
-0.3329806 -0.6548386 0.4998824 0.4227978 0.6513608
-0.2577399 -0.5515377 0.9374603 0.4027614 0.3171124
0.04625458 -0.6486462 0.4942823 1.025047 0.5950154
0.4878234 -0.5624611 1.277819 1.050411 0.1934178
-0.3707561 -0.4416595 0.650371 0.3067088 0.3911142
-0.500428 -0.6598207 0.59882 0.1051288 0.6018026
-0.252441 -0.6458579 0.3257906 0.6613507 0.796873
-0.3090842 -0.6478006 0.3244348 0.5501788 0.8134126
-0.05467266 -0.6352105 1.107643 0.5856631 0.2961002
0.3858339 -0.5012016 1.305344 0.9685942 0.1539367
-0.1920316 -0.5405494 0.9489144 0.4872148 0.3017991
0.5265219 -0.5715827 1.327104 1.055361 0.1860904
0.1278799 -1.384717 0.2931524 0.9313565 0.9641035
0.003353179 -0.6491173 0.4491747 0.9991903 0.634981
-0.2029479 -0.6441777 0.2821554 0.7902166 0.8330917
-0.1535006 -0.6460643 0.2517796 0.9114009 0.8568012
-0.1585146 -0.6471563 0.292307 0.8644295 0.8115938
-0.6880426 -1.178167 1.26026 -0.04463953 0.5150462
-0.2562723 -0.5719677 0.8988395 0.4146791 0.3472782
-0.2708812 -0.5618852 1.155484 0.3344134 0.2440372
-0.487451 -0.6505516 0.5352161 0.1343253 0.6452103
-0.2630353 -0.6515291 0.3150501 0.6460619 0.8142706
-0.425338 -0.6599269 0.5016455 0.2569579 0.6685772
-0.4086761 -0.6601288 0.470672 0.2958491 0.6930798
0.07882398 -0.6658919 1.233267 0.673633 0.2694125
0.05823189 -0.6626743 1.213006 0.6612664 0.2742347
-0.3506344 -0.5156074 0.5250421 0.3889477 0.5421149
-0.3319103 -0.5273861 1.066499 0.2747639 0.2537584
0.1457518 -0.5679776 1.014401 0.8537648 0.2808759
-0.1668623 -0.6357336 0.741422 0.5845028 0.4580697
-0.03353155 -0.5809169 1.278193 0.561901 0.2132001
-0.06055868 -0.6607957 0.8000608 0.6921554 0.4342704
-0.4511198 -0.661144 0.6993238 0.1756466 0.5264031
0.1091509 -0.6042792 1.027791 0.7977524 0.2991388
0.1730314 -0.5823149 1.39794 0.7196795 0.1804328
0.1511242 -1.327198 0.2817207 0.9804481 0.9579226
-0.1716881 -0.6391168 0.2454087 0.8864218 0.8665127
-0.1510141 -0.646889 0.3058113 0.8667437 0.7948046
-0.4079836 -0.433448 0.6071105 0.243774 0.4177046
-0.2456616 -0.6513109 0.4869602 0.5784927 0.6455917
-0.3158613 -0.6523648 0.3650016 0.5139637 0.7728965
-0.1910525 -0.4560413 1.331131 0.3902547 0.124262
0.4055864 -0.4138069 1.369913 0.9839961 0.08740199
-0.1510101 -0.6484084 0.3170103 0.8564472 0.7835789
0.09894884 -0.6529028 0.5691939 1.036013 0.541148
-0.0792985 -0.6478155 0.3510145 0.952668 0.7335088
-0.4118711 -0.4617993 0.618955 0.235911 0.4344185
-0.479484 -0.6457628 0.3963712 0.1713786 0.7739842
-0.4133866 -0.5805143 0.6121582 0.2462099 0.5296436
-0.2156643 -0.6444054 0.7923746 0.4974845 0.4406796
0.3879493 -0.4646894 1.316636 0.9770658 0.1297997
-0.3963642 -0.5424151 1.72054 0.1297968 0.09510374
-0.3415291 -0.6500728 0.377456 0.4583547 0.7644856
-0.1077278 -0.6448751 1.115729 0.5248579 0.3008707
0.3561405 -0.4112964 1.366338 0.9413972 0.08647746
-0.008280963 -0.5765362 1.288631 0.5846888 0.2073681
0.3606454 -0.6455126 1.144836 0.975919 0.2758501
0.1240389 -1.318603 0.3565803 0.9178209 0.9102771
-0.1995676 -0.6388006 0.2725633 0.8074872 0.8409759
-0.2337371 -0.6531821 0.3149774 0.7020829 0.8078808
-0.04297495 -0.6533467 0.5967309 0.824892 0.5402812
-0.4319245 -0.6249969 0.7410463 0.1952159 0.4764438
-0.3904602 -0.5709912 0.5762466 0.2961724 0.5468031
-0.4151443 -0.5565964 0.6252512 0.2379134 0.5038971
-0.4399211 -0.6527318 0.7361495 0.1867629 0.4973872
-0.2605408 -0.5334924 0.9321799 0.4011897 0.3071859
-0.567587 -0.7965183 1.202677 0.01000541 0.3713177
-0.4288714 -0.63903 0.4660729 0.2573833 0.6892303
-0.4060774 -0.6495765 0.4718352 0.2999276 0.6856333
-0.4919897 -0.6716573 0.569045 0.1258349 0.6305138
-0.1672659 -0.6599701 0.8391714 0.5425386 0.4230765
-0.09754375 -0.6598164 0.8664753 0.6189908 0.4055317
-0.3957365 -0.4359709 0.5932796 0.2732495 0.4287767
-0.407011 -0.6579776 0.4464144 0.3058983 0.7140375
-0.4120717 -0.5982084 0.6157469 0.2492525 0.5386762
-0.5108423 -0.6995088 0.7367018 0.08399704 0.5321416
0.09344429 -0.6148472 1.060481 0.764098 0.2946957
-0.3711601 -0.6508512 0.4234948 0.3819676 0.7248921
-0.2698067 -0.6703524 0.6210713 0.4786105 0.5611871
-0.2892901 -0.6458135 0.3114202 0.5981644 0.8223227
-0.4276518 -0.6515156 0.4015424 0.2781646 0.7595356
-0.2643128 -0.6500193 0.2820417 0.6665573 0.8524312
-0.2656508 -0.6552642 0.3936174 0.5922548 0.7345535
-0.4817986 -0.6605765 0.4655633 0.1572783 0.7121851
0.08233833 -0.6480278 0.967181 0.7847413 0.3470885
-0.1190065 -0.6736799 0.9006515 0.5780281 0.3997391
0.005828381 -0.6376939 1.257253 0.6000185 0.2496819
0.1216927 -1.405715 0.3141315 0.9084212 0.9547892
0.1268878 -1.141005 0.3288417 1.001485 0.8891606
-0.1604024 -0.6388206 0.2257819 0.9280689 0.8879312
-0.1082318 -0.6464313 0.3034378 0.9463229 0.7870452
0.06779736 -0.6502099 0.5477974 1.012109 0.5568293
-0.2501092 -0.4756351 0.9582083 0.4108084 0.2546762
-0.4259301 -0.6627706 0.6386448 0.2268074 0.5645049
-0.5189357 -0.6705332 0.5671369 0.07718068 0.6356543
-0.3963013 -0.6614614 0.5904224 0.2864121 0.5940984
-0.5195828 -0.6626182 0.5923972 0.07214269 0.6112175
-0.4952934 -0.6536703 0.4371781 0.1332587 0.7389916
-0.03612119 -0.587204 1.294549 0.5538202 0.212441
0.09281266 -0.6814457 0.968407 0.7865336 0.3643549
-0.3211227 -0.4017738 0.5313531 0.4571064 0.4361043
-0.4158905 -0.6620947 0.5925771 0.2529238 0.5956446
-0.4275633 -0.6486041 0.6461534 0.2212858 0.5510901
-0.1401657 -0.6451644 0.3060944 0.8872325 0.7910672
-0.07260838 -0.4743178 1.301353 0.5264246 0.1427542
0.04866433 -0.6475255 0.4495451 1.066689 0.6269311
-0.1227073 -0.5944253 0.9992558 0.5505131 0.3134608
-0.1313989 -0.6683217 0.6364276 0.6745065 0.534062
-0.3489598 -0.6456439 0.2808014 0.4920669 0.8759499
0.01274043 -0.6527283 0.5323301 0.9463459 0.5753213
-0.2861018 -0.6567539 0.5046349 0.5011396 0.6408797
-0.3915385 -0.6574551 0.4652275 0.3292638 0.6933183
0.0412792 -0.5878096 1.430977 0.5891573 0.1775419
-0.2874643 -0.6489977 0.3385743 0.584427 0.792883
-0.3137493 -0.6460011 0.2592146 0.5805576 0.8935779
0.08866537 -0.6722072 1.376041 0.6366658 0.2340487
-0.219959 -0.6521221 0.3446809 0.7075996 0.7722088
-0.09439236 -0.6435021 0.3311765 0.9471291 0.7538437
-0.2387862 -0.5280192 1.31152 0.3403699 0.1762837
-0.2057679 -0.651684 0.3854367 0.7059188 0.7282898
-0.09657484 -0.657563 0.6224482 0.7336664 0.5326766
-0.3043267 -0.6525959 0.4166141 0.5100108 0.7188982
-0.3483609 -0.540249 1.306478 0.2185315 0.1870914
-0.4724455 -0.6807593 0.8031872 0.1328856 0.4787511
-0.2797857 -0.6494859 0.2871378 0.6319531 0.8502617
0.0864737 -0.6663516 1.247968 0.6758553 0.2652409
-0.3271823 -0.4171751 0.5429764 0.4365803 0.4420453
-0.2359256 -0.5005679 0.9752259 0.4239554 0.2656175
-0.3855537 -0.4523197 0.5914032 0.2957554 0.4433774
-0.1080464 -0.636084 1.224552 0.4951434 0.2615056
-0.2451118 -0.4411829 1.236154 0.348413 0.1387011
-0.1738853 -0.6625848 0.8161012 0.5419825 0.4361855
-0.1346522 -0.5980026 1.18805 0.4797665 0.2516623
-0.4156388 -0.5537818 1.814387 0.1073364 0.08452547
-0.1229591 -0.4747894 1.29422 0.4737276 0.1453123
-0.3988988 -0.437687 0.5959827 0.2660378 0.4286696
-0.4454724 -0.6490024 0.4090107 0.2397564 0.7544128
-0.08989328 -0.562651 1.252449 0.513106 0.2107846
-0.3896711 -0.5603922 1.820967 0.1312937 0.08698827
-0.1470044 -0.4913248 1.585716 0.3830859 0.09131896
