-0.5844581 0.01823916 0.2041757 
0.99946 1
0.99946 0
0.0005400776 1
0.0005400777 0
428
-0.2298594 -0.4710628 0.9337891 0.6303657 0.3188133
0.3418922 -0.6471986 1.151475 1.075708 0.2932169
0.1650462 -0.5935561 1.168213 0.9195057 0.2737413
0.142572 -0.5797992 1.212972 0.8762579 0.2547891
0.1323004 -0.656102 1.00318 0.9697151 0.3662821
0.1455736 -0.6140886 1.217758 0.8685105 0.2724625
0.12802 -0.5377094 1.229414 0.863115 0.2266805
0.1155949 -0.5853735 1.023755 0.9614394 0.3201606
0.09013826 -0.5902721 1.056554 0.9124711 0.3142562
0.08183938 -0.5773022 1.076108 0.8954087 0.3007352
0.0596481 -0.532372 1.423562 0.7043003 0.1797518
-0.01082641 -0.6225135 1.177852 0.735108 0.3025834
-0.02991283 -0.5681631 1.29958 0.6675376 0.2374672
-0.05607557 -0.5569947 1.297032 0.6437347 0.2336175
-0.08390629 -0.6326294 1.129735 0.6812478 0.3310714
-0.1440297 -0.4757202 1.571334 0.4605553 0.1260561
-0.1434837 -0.4630954 1.292402 0.5618271 0.1824678
-0.2009764 -0.4923837 1.296473 0.4950008 0.2048151
-0.2496142 -0.4707667 1.334969 0.4268987 0.1837898
-0.228855 -0.5025744 0.9226791 0.6337407 0.3465871
-0.2393682 -0.5505854 0.915048 0.617407 0.3845642
-0.323191 -0.6000783 0.9872224 0.4691092 0.3949741
-0.237399 -0.6457859 0.3030337 1.121366 0.9206609
-0.2708852 -0.649326 0.3382921 1.010647 0.8919404
-0.3211506 -0.6536109 0.4845603 0.767884 0.7541857
-0.2822879 -0.6493315 0.3491331 0.9763919 0.8833871
0.1673107 -0.5710956 1.059321 0.9957924 0.2943975
0.123237 -0.6023741 1.005267 0.9761921 0.3360094
0.1272839 -0.6459092 1.00721 0.9652298 0.3597258
-0.04309154 -0.5718504 1.301501 0.6531695 0.2400814
-0.276307 -0.5295522 1.295871 0.4108828 0.234555
-0.06393102 -0.5914701 1.20443 0.672776 0.2813511
-0.1082291 -0.6606362 0.7943285 0.8381221 0.4921087
-0.2358289 -0.6493386 0.2941893 1.133868 0.9329224
-0.2105286 -0.6529197 0.2620395 1.225226 0.9660098
-0.05139634 -0.6396538 1.135109 0.7116609 0.3299431
-0.2380872 -0.6465114 0.3061973 1.115174 0.9171968
-0.294395 -0.6511075 0.3609476 0.9392266 0.8748662
-0.3456952 -0.6556924 0.5169579 0.6988438 0.7326086
-0.2769591 -0.6558985 0.4843028 0.8418549 0.7420636
-0.3061622 -0.6508837 0.3731006 0.9039913 0.8650657
-0.3557543 -0.6529245 0.5126811 0.6856326 0.7380825
-0.3074241 -0.6482614 0.3547356 0.9234809 0.8862685
-0.3194446 -0.6547354 0.3885617 0.8612179 0.8540857
-0.3333502 -0.654166 0.4004854 0.8237593 0.8455454
-0.2689562 -0.6499388 0.3388032 1.013205 0.8907984
-0.3356335 -0.6508829 0.3829551 0.8385836 0.8649958
-0.3447739 -0.5961248 0.5213698 0.7119 0.6949188
-0.2125809 -0.6472259 0.2823351 1.195878 0.9374149
-0.3421418 -0.655332 0.411384 0.7965146 0.8371868
-0.3345917 -0.4109641 0.5667213 0.7461239 0.5146977
-0.4036745 -0.5544817 1.617385 0.1984828 0.1765086
-0.291336 -0.6533483 0.3621535 0.9423009 0.8732415
-0.3586832 -0.6549997 0.4242082 0.754236 0.8289536
-0.2405077 -0.5113923 1.622436 0.3538324 0.1417171
-0.2429161 -0.5088245 1.61081 0.3543154 0.1427286
-0.3407868 -0.6589283 0.5212756 0.7029983 0.7289598
-0.3698272 -0.654064 0.4203634 0.7373673 0.8367986
-0.326938 -0.6543616 0.4826509 0.7593516 0.7582049
-0.0642986 -0.6169639 1.187649 0.6767719 0.3012522
-0.2893879 -0.6503058 0.3315014 0.9837552 0.9084442
-0.3157127 -0.6547787 0.3874303 0.869234 0.8539834
-0.4271802 -0.6582857 0.5671893 0.5240844 0.7128713
0.1447086 -0.597555 1.199017 0.8817071 0.2686964
-0.3286318 -0.6086035 0.9901197 0.4607884 0.3996515
-0.2517501 -0.6485308 0.3072579 1.086773 0.9225436
-0.1143807 -0.4741344 1.558079 0.4934294 0.1262645
-0.3468527 -0.4405437 0.5280032 0.749641 0.5795298
-0.4456636 -0.6606722 0.6497673 0.4467475 0.6513634
-0.4476351 -0.6558172 0.6446952 0.4461017 0.6530704
-0.3128641 -0.6494602 0.3550659 0.9122183 0.8886029
-0.3755483 -0.6222645 0.5451217 0.6330525 0.6976304
-0.3329509 -0.6512277 0.4007472 0.8254101 0.8437235
-0.3470005 -0.5960256 0.9567273 0.4506623 0.4095778
-0.263366 -0.5274705 1.177895 0.4677176 0.2687892
-0.3540561 -0.6572924 0.4251299 0.7611484 0.8273796
-0.4220956 -0.6622975 0.4890745 0.5842091 0.7865556
-0.4342934 -0.6570153 0.4989405 0.5557463 0.7780538
-0.1669647 -0.4526511 1.326937 0.5224635 0.1681083
-0.1648428 -0.4545134 1.330662 0.5232618 0.1682591
-0.4347964 -0.6563613 0.4832783 0.565761 0.7937105
-0.4491755 -0.6623253 0.5165105 0.5165985 0.7682931
-0.1181713 -0.6628765 0.5456765 1.025491 0.6515049
-0.09760249 -0.6042704 1.122561 0.6739185 0.3186181
-0.2726885 -0.5736482 0.9814417 0.5378562 0.3742689
-0.4612852 -0.656211 0.520393 0.4924394 0.7652544
-0.3869901 -0.6544124 0.4543718 0.6762903 0.806386
-0.4610475 -0.6605943 0.5108531 0.4986084 0.7767724
-0.3772641 -0.648041 0.4152281 0.729867 0.8424522
0.1763746 -0.4347249 1.432321 0.8249575 0.1127146
-0.4172501 -0.6606129 0.4882161 0.5938618 0.7849769
-0.41486 -0.6542538 0.4558229 0.6234995 0.8145137
0.1826479 -0.5622738 1.428236 0.8082494 0.1881026
-0.3573315 -0.4320427 0.5257556 0.7328141 0.5777476
-0.2428869 -0.6519524 0.8850014 0.6165252 0.4623027
-0.3709149 -0.6209051 0.5377948 0.6468728 0.7020867
-0.3322595 -0.6546616 0.5220529 0.7177765 0.72351
0.3504699 -0.5226555 1.293004 1.036717 0.1863576
0.3885558 -0.5810612 1.297062 1.049124 0.2158012
0.388286 -0.5865687 1.275547 1.059858 0.2240399
0.3680145 -0.5147396 1.291704 1.055439 0.180946
-0.3579279 -0.5644038 0.5234106 0.6945037 0.677518
-0.4596655 -0.6663533 0.506861 0.5033476 0.7831655
0.1088011 -0.6392696 1.038551 0.9287987 0.3467581
-0.1696343 -0.6473483 0.3008742 1.245925 0.8955615
-0.1649266 -0.6540052 0.3027326 1.245597 0.8942516
-0.3819129 -0.54518 1.181869 0.3232652 0.2904057
-0.376519 -0.5557344 1.24193 0.3130809 0.2762859
0.1839427 -0.5721844 1.068229 1.006293 0.2905713
0.3928781 -0.5601754 1.300801 1.057038 0.2031491
-0.009352267 -0.6025988 1.260287 0.7008607 0.2664984
0.3723653 -0.5794933 1.29989 1.034247 0.2153341
0.3728716 -0.40728 1.358601 1.05333 0.100346
-0.2461522 -0.5573152 0.919171 0.6053053 0.3880496
-0.2476659 -0.5571073 0.9184613 0.6036928 0.3884536
-0.3750834 -0.5372336 1.114008 0.3528996 0.3091586
-0.4627953 -0.6497728 0.5234812 0.4880313 0.7593928
-0.338402 -0.4388489 0.5126181 0.7842242 0.590487
-0.04935715 -0.6140645 1.210281 0.6820698 0.2911978
-0.3342331 -0.6509414 0.3114268 0.9207581 0.9545473
-0.3315319 -0.6555178 0.3122468 0.9226102 0.9539828
-0.2152212 -0.6593 0.9389499 0.6224272 0.4369994
-0.2239816 -0.5121604 1.612443 0.3723181 0.1433325
0.004301727 -0.5981301 1.215487 0.7360436 0.2759227
0.3888302 -0.5606708 1.222551 1.101506 0.2228828
0.1115071 -0.5873439 1.099218 0.9091171 0.2962513
-0.2509161 -0.5304476 1.303349 0.4367127 0.2309153
-0.384447 -0.6468608 0.4551973 0.6820891 0.8008865
-0.04490882 -0.5312035 1.318062 0.6488035 0.2117817
-0.4707659 -0.6499468 0.3753548 0.5772461 0.9298838
-0.4619907 -0.6549154 0.3623957 0.6056563 0.9451727
-0.4899181 -0.6620279 0.784537 0.3181293 0.567669
0.3959507 -0.503087 1.31028 1.072225 0.1681771
0.152564 -0.6631826 1.009512 0.9837015 0.3656538
-0.3459247 -0.6509033 0.2950087 0.9171265 0.9827936
0.4527469 -0.5734746 1.363672 1.066069 0.1923903
-0.05387923 -0.6382437 1.170631 0.6924399 0.3176581
0.3883647 -0.5892895 1.148382 1.139296 0.2588291
0.3810671 -0.5849212 1.139642 1.140346 0.2594019
-0.407644 -0.5340887 1.625704 0.1903771 0.1632563
-0.5033537 -0.6587912 0.5456726 0.4006275 0.7555195
0.3749669 -0.5462651 1.302467 1.045061 0.1961131
0.1223668 -0.6129041 1.207768 0.8521798 0.2765883
-0.2743087 -0.6519683 0.3204615 1.024856 0.9167302
0.3748148 -0.4297782 1.312905 1.076484 0.1239673
-0.4804239 -0.6563972 0.4962429 0.4717019 0.7958542
-0.3048698 -0.652575 0.2862605 1.009662 0.9762622
0.4096915 -0.5584992 1.209285 1.129088 0.2235699
0.3685793 -0.5800806 1.145636 1.126928 0.25597
-0.2231466 -0.6501352 0.3111126 1.133142 0.9062003
-0.2544523 -0.5441672 1.163294 0.4836368 0.2835521
-0.3828524 -0.5477207 1.548311 0.2319415 0.1871282
-0.382289 -0.5482332 1.548846 0.2324704 0.1872641
-0.2915133 -0.5705139 1.004358 0.5033624 0.3648463
-0.01440662 -0.6431805 1.166667 0.7335604 0.3179416
-0.4502346 -0.6585223 0.6129066 0.4584689 0.680614
-0.4637899 -0.6574825 0.4301071 0.5482867 0.8626958
-0.4626732 -0.6608666 0.4316774 0.5489753 0.8619932
-0.4402496 -0.6656674 1.074737 0.2931093 0.4111464
0.3690201 -0.5066813 1.30651 1.04988 0.1727496
0.4854868 -0.5655752 1.318808 1.121553 0.1961659
-0.4038361 -0.59865 0.582808 0.560246 0.6587557
-0.2628459 -0.5654647 0.9394134 0.5717775 0.3863773
-0.412051 -0.6540939 0.591578 0.5352544 0.6855882
-0.5101347 -0.6613984 0.5732159 0.3743716 0.7332853
-0.2541816 -0.6487061 0.3230697 1.061239 0.9035975
-0.1378696 -0.5733287 1.155496 0.6181653 0.293023
-0.038432 -0.6298944 1.135197 0.7265946 0.3231781
-0.3434004 -0.6577193 0.5058969 0.7109799 0.7431364
-0.2622163 -0.6490031 0.3299432 1.037346 0.8985157
0.3832155 -0.5067748 1.315444 1.056821 0.1699338
-0.7027878 -1.183456 1.273549 0.05522409 0.5848125
-0.2830065 -0.547538 1.132922 0.4612938 0.2991284
-0.4790173 -0.6746572 0.5552306 0.4398938 0.7472935
-0.499145 -0.6528115 0.5417609 0.4102574 0.754829
-0.2723972 -0.6545836 0.3189555 1.028651 0.9189181
-0.3635239 -0.5181815 0.5184082 0.7005689 0.6532952
-0.436139 -0.6551453 0.5016218 0.550741 0.7750416
-0.4197992 -0.6598926 0.4752817 0.5987138 0.7986006
0.07192904 -0.6663147 1.238804 0.7785628 0.3005301
-0.338536 -0.5303329 1.084218 0.4103268 0.3118849
-0.4617021 -0.6611015 0.705321 0.3942942 0.6143831
0.1098316 -0.6137338 1.046791 0.9321022 0.3293082
-0.523865 -0.6598669 0.589629 0.3416708 0.7217181
-0.3241603 -0.6580819 0.3716813 0.8686697 0.8769984
-0.3284866 -0.6638761 0.4818726 0.7544929 0.7643005
-0.1979184 -0.4536635 1.335683 0.4847197 0.1686371
0.3835502 -0.4069826 1.347293 1.070156 0.1018761
-0.4197995 -0.464265 0.6309163 0.5099208 0.528438
-0.4909731 -0.6563424 0.406652 0.5104751 0.9012145
-0.421393 -0.5839232 0.6213112 0.5058535 0.622209
-0.4227968 -0.5828108 0.6210507 0.5035936 0.6220813
-0.4037343 -0.5482602 1.749452 0.1753366 0.1455406
-0.4031454 -0.5496812 1.758933 0.174579 0.1444441
-0.3501075 -0.6595883 0.3860652 0.8047539 0.8709196
-0.01981467 -0.5711393 1.281865 0.6850489 0.243281
-0.2072694 -0.64539 0.2767531 1.215659 0.9417229
-0.2456887 -0.6493964 0.315347 1.086609 0.9100194
-0.4005569 -0.57459 0.583963 0.5680757 0.6419013
-0.4246626 -0.5572516 0.6315753 0.4951364 0.597414
-0.4500513 -0.6610694 0.751269 0.3922418 0.5804682
-0.2727305 -0.5130295 0.9103941 0.5785313 0.3656539
-0.579596 -0.8018876 1.21421 0.1182337 0.4425952
-0.4393655 -0.6520163 0.4788939 0.5608513 0.7976202
-0.4602023 -0.6548069 0.3769165 0.5972537 0.9252374
-0.4157944 -0.6604891 0.4817938 0.6011852 0.7909021
-0.5020069 -0.6640482 0.5677918 0.3918996 0.7372011
-0.2667837 -0.4799435 0.9440812 0.5719063 0.3256186
-0.4163102 -0.6659063 0.4553015 0.6191161 0.8211989
-0.4202785 -0.5998246 0.6227995 0.5060228 0.6306335
-0.4213904 -0.5978619 0.6212337 0.5051367 0.630978
0.09127825 -0.6209095 1.074009 0.8946822 0.3259277
-0.3816113 -0.6557528 0.4298432 0.7065483 0.83145
-0.3199633 -0.4220321 0.5888689 0.7499291 0.5017778
-0.4367681 -0.6586526 0.4082357 0.6183143 0.8783495
-0.4385069 -0.655764 0.4072183 0.6162377 0.8789651
-0.007502556 -0.6275402 1.246662 0.7053421 0.2841559
-0.2892639 -0.6531621 0.9570087 0.5234261 0.4355796
-0.2586957 -0.4737346 0.9616569 0.5743672 0.3123796
-0.4359552 -0.6590267 0.6410938 0.4671746 0.6547317
-0.5287519 -0.6642537 0.566618 0.3438825 0.7464542
-0.4053414 -0.6663688 0.5985849 0.5411695 0.6846993
-0.4076442 -0.6622165 0.5956391 0.5394871 0.6854781
-0.2667185 -0.5510502 0.9523183 0.5614009 0.3716224
-0.4263223 -0.6622493 0.5990161 0.5063384 0.687703
-0.4103012 -0.66794 0.4949241 0.6004735 0.779717
-0.4396201 -0.6725698 0.6742673 0.4442212 0.6380687
-0.1441846 -0.6602394 0.6328501 0.9120641 0.5940024
-0.4920471 -0.6424729 0.4071293 0.5088688 0.8950018
-0.2935652 -0.6609098 0.5108032 0.7893918 0.725592
-0.2963339 -0.6574336 0.508938 0.7875329 0.7262295
-0.2996365 -0.6501449 0.3402185 0.9540086 0.901752
-0.4833612 -0.6703005 0.795681 0.324767 0.5640314
0.08229154 -0.6698912 1.261585 0.776798 0.2949485
-0.2447992 -0.4991933 0.9795376 0.5813999 0.3215261
-0.3946672 -0.4477891 0.5920563 0.5908951 0.5409298
-0.4227127 -0.5446201 1.798254 0.1495626 0.1351396
-0.3985083 -0.5475342 1.7927 0.1733684 0.1366078
-0.02009523 -0.6144965 1.175078 0.7283637 0.2997872
0.08135551 -0.5755212 1.092453 0.8855024 0.2942981
0.4197291 -0.431423 1.352954 1.090353 0.1144532
-0.1651467 -0.6258747 0.9882728 0.6614877 0.3896385
-0.224805 -0.6526974 0.2990237 1.144852 0.9232612
-0.269036 -0.6282365 0.8867042 0.5845429 0.4515052
-0.5745761 -0.6770383 1.171258 0.1062883 0.3945745
-0.2733312 -0.6465193 0.9737786 0.5360814 0.4219896
-0.3842134 -0.5089158 1.586982 0.2183113 0.155594
-0.4039347 -0.5507706 0.5748127 0.5712195 0.6353214
-0.3952106 -0.5785275 0.5775658 0.5816761 0.6484314
-0.4286974 -0.6631826 0.6253413 0.4874916 0.6675345
-0.4281768 -0.6514406 0.6275481 0.4875518 0.6591501
-0.4222441 -0.631103 0.6154988 0.5052809 0.6556928
-0.3752779 -0.6545051 0.5483518 0.6256133 0.7125443
-0.4200328 -0.6129253 0.6139193 0.5110259 0.6457101
-0.3671844 -0.5828885 0.5380533 0.6611227 0.6782548
-0.4169262 -0.6750845 0.5551139 0.5477458 0.729376
0.1998934 -0.4181779 1.467381 0.8324718 0.09439009
-0.5762923 -1.07688 1.184075 0.1704692 0.5676713
-0.461211 -0.6541312 0.383057 0.5902443 0.9174894
-0.4681552 -0.66865 0.679367 0.3960646 0.6389108
-0.2545046 -0.6358835 0.8811589 0.6054931 0.4565856
-0.5067261 -0.6545886 0.5682251 0.3825923 0.7332272
-0.1621346 -0.6589183 0.9869419 0.6610937 0.4088194
-0.02111346 -0.6659887 1.135728 0.7381057 0.3411587
-0.2781473 -0.5161318 1.620539 0.318099 0.1468331
-0.5797883 -1.06081 1.157438 0.169117 0.5730859
-0.375399 -0.4350924 0.6125895 0.6152732 0.5078088
-0.3497412 -0.6550215 0.4172981 0.7770604 0.8332923
-0.5570711 -0.5558732 1.918302 0.01290586 0.1255253
0.3989913 -0.5553675 1.239683 1.101311 0.2148566
0.3713607 -0.4515673 1.333377 1.053196 0.1334902
-0.2754592 -0.5308636 0.967773 0.543628 0.3523952
-0.1243529 -0.4612031 1.377612 0.5482219 0.1584144
-0.4092946 -0.6063553 0.5986484 0.5395761 0.6515104
-0.3795044 -0.6205015 0.5648888 0.6122393 0.680364
-0.2755286 -0.528797 1.187357 0.4496844 0.2676592
-0.4553373 -0.6689699 0.4955563 0.5183497 0.7943417
-0.4695963 -0.6591583 0.5988349 0.4328719 0.6979469
-0.3651278 -0.516279 1.073105 0.3790677 0.3097056
-0.3211471 -0.4066141 0.5574957 0.7850628 0.5151893
-0.4092098 -0.4736051 0.590223 0.559319 0.5674121
-0.2642671 -0.5270658 0.9217272 0.5827408 0.3689939
-0.341914 -0.6567349 0.3867789 0.8205162 0.8656344
-0.3018239 -0.6580372 0.4396229 0.8405402 0.7943929
-0.4763322 -0.6608827 0.3839342 0.5572992 0.9256405
-0.2708379 -0.5169606 0.9306524 0.5699394 0.3587714
-0.4646068 -0.6575258 0.3722306 0.591508 0.9343644
-0.1675943 -0.6527688 0.3092923 1.232498 0.8868668
-0.323685 -0.4529094 0.516039 0.8052778 0.5941362
-0.3429858 -0.4982119 0.5295174 0.7364995 0.6220816
-0.4390105 -0.7625415 1.064338 0.306469 0.4669505
-0.4725276 -0.6616018 0.3825926 0.5661301 0.9260221
-0.3353726 -0.6594183 0.4551495 0.7670258 0.7905365
-0.4940424 -0.6573818 0.5553334 0.4125058 0.7428007
-0.4602957 -0.7649594 1.079491 0.2776466 0.4644676
-0.2847739 -0.6538453 0.3188384 1.005955 0.9240491
-0.7150361 -1.325047 1.289619 0.06702766 0.6234838
0.07105309 -0.6378472 1.263589 0.7709554 0.2784066
-0.008994758 -0.6333577 1.17143 0.7382959 0.3104941
0.209886 -0.4264626 1.455424 0.8458981 0.1013941
-0.1266276 -0.6744743 1.084192 0.6516566 0.374956
0.1629503 -0.5244195 1.439243 0.7925175 0.1656324
0.3814597 -0.5640958 1.306931 1.042521 0.2046081
-0.2552877 -0.651756 0.2783093 1.11763 0.9638807
-0.3315921 -0.6644208 0.3813738 0.842022 0.8713664
-0.1372185 -0.6598395 0.62598 0.9275833 0.5968997
-0.311937 -0.6563109 0.382899 0.8802245 0.8584313
-0.2685394 -0.5058082 0.9697766 0.5538228 0.3332934
-0.4150402 -0.4173166 0.6104715 0.5383636 0.5043351
-0.2253998 -0.4571603 1.641763 0.3610861 0.1050767
-0.3963259 -0.5328761 1.57453 0.2111659 0.1732546
-0.1580062 -0.4450641 1.576952 0.4452594 0.1069082
-0.4080857 -0.4219883 0.6116157 0.5515006 0.5056883
-0.3113098 -0.4165205 0.5667874 0.7914212 0.5132797
-0.1406634 -0.4375235 1.582326 0.4606799 0.1003639
-0.3603926 -0.444241 0.5970904 0.6561655 0.5245095
-0.1427298 -0.4755614 1.42089 0.512114 0.1584757
-0.5965838 -0.7978673 1.189618 0.1019021 0.4523953
-0.3522905 -0.5766235 0.5218713 0.7030309 0.6848983
-0.3925962 -0.6240352 0.569189 0.5860625 0.6823496
-0.4924068 -0.6584182 0.4806155 0.4583699 0.817424
0.03318483 -0.5966908 1.277945 0.7350397 0.2548253
-0.2743435 -0.6642818 0.4403096 0.8845325 0.7876787
-0.1233744 -0.6660255 0.5809654 0.9835975 0.6285129
-0.1697176 -0.4865916 1.25909 0.5449188 0.2091234
-0.4640042 -0.6602699 0.5420908 0.4742729 0.7475003
-0.2684423 -0.6661983 0.5195403 0.8208395 0.7135767
-0.1330002 -0.642184 0.6632578 0.9092433 0.5615295
-0.1698253 -0.435948 1.599743 0.4266797 0.09742004
-0.4394579 -0.6585726 0.745886 0.4106912 0.5803698
0.1783212 -0.5636433 1.177676 0.9348446 0.2526081
-0.2938998 -0.6590274 0.4584191 0.8360552 0.7735395
-0.4868232 -0.6682775 0.7587572 0.333209 0.5873241
-0.04106081 -0.481245 1.35993 0.6401284 0.1701976
-0.08236304 -0.4524736 1.352687 0.6033136 0.1560882
-0.4542324 -0.6571968 0.3905126 0.5979779 0.9064082
-0.3704986 -0.5358171 1.131248 0.352935 0.3012997
-0.3020535 -0.6639835 0.4792301 0.8015733 0.7586346
-0.3591107 -0.4788903 0.5352179 0.7050802 0.6070783
-0.1845908 -0.6641946 0.9684443 0.6435681 0.4225562
-0.3757267 -0.5143512 0.5581637 0.6435257 0.6170137
-0.2825094 -0.6513026 0.2917776 1.047001 0.9577966
-0.1294799 -0.4291292 1.56531 0.4772334 0.09783697
-0.2772996 -0.6463978 0.2913626 1.061131 0.9540824
-0.3160846 -0.5429749 1.2011 0.3968163 0.2760171
-0.5917564 -1.075775 1.19012 0.1542066 0.5668203
0.07607883 -0.4236253 1.460255 0.7188399 0.1050588
0.08611649 -0.6680182 0.640955 1.198652 0.5475136
-0.4436097 -0.6564446 0.5072606 0.5331775 0.772555
-0.3215449 -0.5689195 0.9761252 0.4765723 0.3800046
-0.30297 -0.6576368 0.492018 0.7909661 0.7437006
-0.3809231 -0.4796248 0.5599719 0.6391472 0.5911099
-0.2442392 -0.4711459 1.330572 0.4344693 0.1848265
-0.4824187 -0.6683872 0.7048924 0.3619028 0.6235028
-0.1577453 -0.4779296 1.45176 0.4857507 0.1537409
-0.4970449 -0.6677687 0.6854106 0.3464274 0.640833
-0.2663379 -0.6146969 0.9781569 0.5447775 0.4003288
-0.4254598 -0.5527403 1.728897 0.1584093 0.1531929
-0.3064687 -0.4191041 0.5596558 0.8076161 0.5204378
-0.2268647 -0.6284609 0.8224475 0.6753562 0.4779315
0.3882614 -0.5890511 1.248148 1.07551 0.2322206
-0.1674551 -0.6347675 1.000559 0.6513302 0.3900387
0.1247392 -0.6226081 1.245452 0.8328115 0.2709714
0.07604641 -0.5919027 1.087025 0.8789809 0.3063009
0.3320774 -0.6336806 1.07059 1.124506 0.3112023
0.3460418 -0.6629835 1.151676 1.073972 0.3010795
-0.3322346 -0.4518279 0.5226532 0.781206 0.5895114
-0.2140421 -0.6483737 0.325754 1.131038 0.8837443
-0.1557789 -0.608564 0.6542373 0.897359 0.5519661
-0.4075321 -0.4557692 0.5934476 0.5624835 0.549828
-0.4289315 -0.5312321 0.6749825 0.4625965 0.5468789
-0.1117169 -0.4473121 1.332503 0.5809329 0.1594857
-0.4866509 -0.6697741 0.7461081 0.3385309 0.5965734
-0.4178311 -0.6222321 0.6021939 0.5213255 0.66027
-0.461454 -0.6569332 0.7529775 0.3738024 0.5793605
-0.4074031 -0.636433 0.5858226 0.5482468 0.6793096
-0.5353888 -0.6702975 0.5708766 0.3304095 0.7476407
-0.1172637 -0.6438013 0.7145128 0.8893201 0.5281311
-0.3982339 -0.5354889 1.196941 0.2977359 0.2805463
-0.4912038 -0.6541854 0.7024993 0.3476282 0.6192579
-0.2711208 -0.5273916 0.9876993 0.5399332 0.3409088
-0.4505776 -0.7735825 1.07055 0.292224 0.4713027
-0.3710724 -0.5126365 1.593066 0.231042 0.1557294
-0.5843028 -0.7829227 1.173587 0.1156768 0.450074
-0.3354299 -0.5672019 0.9625391 0.4639229 0.3869055
-0.1831465 -0.4548444 1.335505 0.5011675 0.1684757
-0.02830446 -0.6199586 1.227871 0.6944219 0.2873154
-0.1129041 -0.6483674 1.095396 0.6644601 0.3549857
-0.3192342 -0.6507627 0.3289074 0.9295127 0.9246614
-0.4932736 -0.6667807 0.7601959 0.3225414 0.5868844
0.015405 -0.5580897 1.410819 0.6652346 0.2001867
-0.3541551 -0.6554806 0.4059892 0.779394 0.8477304
-0.3546137 -0.5428659 1.323061 0.3149247 0.2412728
-0.2444225 -0.5807032 0.916003 0.6065834 0.4044268
-0.2428131 -0.5308174 0.9668331 0.5874777 0.3485782
-0.06139764 -0.6347219 1.108829 0.7148532 0.3371782
-0.4283155 -0.6552055 0.4188934 0.6268955 0.8609904
-0.4484539 -0.6568975 0.5255605 0.5125261 0.7565654
-0.3631167 -0.6537663 0.3928729 0.7757066 0.8653961
0.3558014 -0.4912823 1.315929 1.0374 0.1622876
0.03230208 -0.5353137 1.418127 0.6807162 0.184377
-0.1350673 -0.4651694 1.282035 0.5753655 0.1860193
-0.306086 -0.6472537 0.3083144 0.9822868 0.9445566
-0.4027126 -0.6587495 0.4702147 0.6340227 0.7974554
-0.3609089 -0.6517732 0.5114352 0.6779694 0.7401909
-0.4055178 -0.6609904 0.5858479 0.5491272 0.6923573
-0.2313952 -0.6538171 0.9004815 0.6227506 0.4541354
-0.4114543 -0.6563979 0.4554676 0.62974 0.8147385
-0.2471934 -0.5246109 0.8967474 0.6203422 0.3766124
-0.445232 -0.6547689 0.4563051 0.5655966 0.825066
-0.3462928 -0.6542849 0.450898 0.7530237 0.7959861
-0.3484255 -0.4376962 0.6099544 0.6701584 0.5053234
-0.567768 -1.024548 1.154232 0.1766863 0.5594786
-0.4351801 -0.6573005 0.4185705 0.6133716 0.86497
-0.2658719 -0.5436075 0.9297459 0.5747067 0.3767782
-0.5129559 -0.6599311 0.6040369 0.3545275 0.7059806
-0.4932807 -0.6582742 0.4687057 0.4640769 0.8305687
-0.4281875 -0.6549359 0.4647918 0.5916219 0.8099921
-0.2554561 -0.5854934 0.9291373 0.5848127 0.4029052
-0.1585439 -0.4611201 1.286263 0.5477538 0.1838652
-0.1966796 -0.4876778 1.318591 0.4916098 0.1954261
-0.3937036 -0.6561334 0.4359879 0.6786564 0.8292868
-0.2738372 -0.4747399 1.348989 0.3950175 0.1844156
-0.4186157 -0.548395 1.222038 0.2670155 0.2822721
-0.4511017 -0.6563517 0.4273047 0.5755252 0.8605413
-0.1122421 -0.562821 1.22789 0.6148447 0.2614697
-0.2901326 -0.5864183 0.9937421 0.5091857 0.3792801
-0.4277505 -0.6631878 0.4289914 0.6184303 0.8528888
