-0.2150299 -0.006834798 0.1663361 
0.99946 1
0.99946 0
0.0005400776 1
0.0005400777 0
373
-0.003248483 -0.6370465 1.19442 0.4442675 0.3006146
-0.1455542 -0.4858707 1.582863 0.2249873 0.1032799
-0.2012132 -0.4992074 1.305796 0.1832821 0.1830288
-0.2518355 -0.4765351 1.342059 0.1138668 0.1576446
-0.3241342 -0.6081851 0.9940778 0.04557228 0.3815811
-0.2413985 -0.5155402 1.618751 0.1238312 0.1149043
-0.3292216 -0.6137189 0.992774 0.03938019 0.386162
-0.2512943 -0.5385265 1.312913 0.1259364 0.2086562
-0.4113218 -0.5333602 1.604858 -0.05845249 0.1307539
-0.3843911 -0.5495828 1.54952 -0.02744389 0.1535576
-0.4046172 -0.5669373 1.792513 -0.03376395 0.1108721
0.07432362 -0.6703904 1.252422 0.5153075 0.2969261
-0.3865243 -0.522542 1.612804 -0.03292656 0.1219429
-0.2743216 -0.5247887 1.63402 0.08983308 0.1175789
-0.2294372 -0.4576172 1.628574 0.1282642 0.07603186
-0.1587577 -0.4506178 1.57814 0.2076849 0.08147848
-0.1427931 -0.4414643 1.579971 0.2242557 0.07494915
-0.1601588 -0.5094224 1.302259 0.2359993 0.1901441
-0.1705896 -0.4422075 1.606984 0.1917689 0.07004893
-0.2753056 -0.4781415 1.350056 0.08406353 0.1569389
-0.1880328 -0.4417254 1.626609 0.171464 0.06587142
-0.2811217 -0.5239135 1.64616 0.08234888 0.1145039
-0.3094937 -0.4843651 1.361345 0.04168791 0.1587521
-0.2516548 -0.4992556 1.329715 0.1183829 0.1770875
-0.1652782 -0.4632847 1.336787 0.2216416 0.1482307
-0.4417571 -0.670817 1.080778 -0.1006377 0.3877727
-0.3481754 -0.5412132 1.112648 -0.004177272 0.2845438
-0.1991444 -0.4634186 1.3461 0.1783918 0.1463002
-0.2863042 -0.5510782 1.134825 0.0868167 0.2799101
-0.269529 -0.6522442 0.8602092 0.1410752 0.4765036
-0.2488025 -0.5341702 1.318816 0.1281129 0.2039037
-0.1408402 -0.473121 1.307204 0.2562929 0.1631314
-0.2211859 -0.6482832 0.8408654 0.2168306 0.4810266
-0.2207753 -0.6492174 0.842118 0.217447 0.4808304
-0.2458028 -0.6510684 0.8168581 0.1811471 0.4994467
-0.1517547 -0.4749483 1.309228 0.2425239 0.1640483
-0.260281 -0.5467365 1.158855 0.1212375 0.2667033
-0.008231103 -0.639416 1.205022 0.4362052 0.2985053
-0.3423628 -0.5417588 1.10537 0.004147649 0.2876312
-0.2602033 -0.6587445 0.8125879 0.1599621 0.5081733
0.1744826 -0.6011588 1.426208 0.5812276 0.2047848
0.01811859 -0.3748845 1.473294 0.4178725 0.0501132
0.01842466 -0.3748894 1.473123 0.4182594 0.05015218
0.06283513 -0.5439192 1.434601 0.469481 0.1713711
-0.2691565 -0.6419539 0.9156653 0.1367173 0.4392038
-0.2079874 -0.4451973 1.647416 0.1491899 0.06412709
-0.2398725 -0.5598459 0.9238305 0.1662659 0.3782167
-0.04332733 -0.6234797 1.216387 0.3936912 0.2865922
-0.01261222 -0.6470112 1.212451 0.4294513 0.3005067
-0.3113379 -0.6799178 0.9975994 0.08074561 0.4236056
-0.2353883 -0.6467181 0.783116 0.2004163 0.5169424
-0.2549948 -0.5402896 0.9337793 0.1379722 0.3601107
-0.2747687 -0.5419674 1.31409 0.09721139 0.211185
0.1460702 -0.6239077 1.223168 0.6053459 0.2776333
-0.08747239 -0.6391215 1.133289 0.356176 0.327877
-0.04681723 -0.5855096 1.296373 0.3751905 0.2378655
0.07813168 -0.6085577 1.437227 0.4815834 0.2082008
0.152385 -0.6128536 1.215535 0.616026 0.2734582
-0.2311179 -0.651123 0.8337942 0.202594 0.4878617
-0.2482972 -0.6499984 0.8290585 0.1759859 0.4916031
0.1448712 -0.5895282 1.221102 0.6091331 0.2580256
-0.2556161 -0.5558293 0.9253252 0.1405341 0.3756874
-0.02752498 -0.5768661 1.30802 0.3950395 0.228483
0.187964 -0.4486542 1.442199 0.6081226 0.1075178
0.08963224 -0.5974905 1.06106 0.594207 0.3222446
0.09146526 -0.5847989 1.10778 0.5830548 0.2963081
-0.3769849 -0.5405937 1.120186 -0.04607964 0.2823373
-0.06283039 -0.6060716 1.215503 0.3709212 0.2771672
-0.2373298 -0.5625252 0.9380736 0.1696086 0.3726344
0.07179523 -0.6755204 1.245128 0.5139799 0.3022277
-0.239908 -0.6706921 0.7590758 0.1992798 0.5476898
-0.2403246 -0.668793 0.7576935 0.1984525 0.5475335
0.01589954 -0.5414574 1.453767 0.4162364 0.1658648
-0.2000342 -0.4901077 1.315474 0.1829002 0.1738311
-0.2800269 -0.6481571 0.9675908 0.1195855 0.4170265
-0.2461974 -0.5530632 1.300234 0.135078 0.2219922
0.07007909 -0.6344194 1.334367 0.4941461 0.2516032
-0.1729864 -0.6716557 0.8597316 0.2891822 0.480053
0.1068759 -0.6190069 1.046838 0.6170053 0.3403134
-0.2645932 -0.5326506 0.9277179 0.1212335 0.3582489
0.0855681 -0.6727309 1.36986 0.4999229 0.2618032
0.137518 -0.6701384 1.014558 0.6568681 0.3820158
-0.1969123 -0.6568196 0.9687476 0.2387388 0.4159176
0.0893575 -0.6275764 1.075595 0.58522 0.3349093
-0.2492331 -0.5596767 0.9208634 0.1516674 0.3802916
-0.249312 -0.5617946 0.922429 0.151836 0.3809768
-0.2453231 -0.6491508 0.8428333 0.1793405 0.4825884
0.3927106 -0.5906981 1.305437 0.8389955 0.2262004
0.3935587 -0.5653014 1.304922 0.8464578 0.2115895
0.3796677 -0.5588918 1.311484 0.8314394 0.206327
0.3779815 -0.592218 1.30898 0.8226236 0.2264566
0.2050034 -0.6187223 1.180276 0.6844506 0.286687
0.3796756 -0.5123192 1.311338 0.8433861 0.1780313
-0.2549266 -0.6565299 0.8821836 0.1627921 0.4653594
-0.2617753 -0.4875311 0.9679275 0.1142894 0.3037115
0.1195409 -0.5966315 1.033194 0.6409544 0.3314156
0.192142 -0.5847646 1.081715 0.7128198 0.3017046
0.09299245 -0.5899003 1.085905 0.5912402 0.3076844
0.1915609 -0.5702647 1.425709 0.6017828 0.1868821
-0.2243451 -0.6431323 0.7968416 0.2161944 0.5048777
-0.1699952 -0.6568246 0.7788372 0.306538 0.5191854
-0.2454682 -0.6677316 0.8986526 0.1774996 0.462265
-0.2425032 -0.5430219 0.9207705 0.1593044 0.3679427
-0.2271597 -0.6664004 0.7507831 0.2203372 0.5493032
-0.2238907 -0.655969 0.7827755 0.220342 0.5216479
-0.1918104 -0.6637282 0.9674788 0.2466706 0.4203311
-0.3263966 -0.5805198 0.8340342 0.03119537 0.4502703
0.1253166 -0.6758596 1.012346 0.6421664 0.3868926
0.1537788 -0.6746404 1.015123 0.675105 0.3834057
0.1689835 -0.6073657 1.179952 0.6465657 0.2814475
0.456462 -0.5879494 1.373955 0.8738198 0.2047719
-0.06831443 -0.4785894 1.347837 0.3396686 0.1542821
-0.09030193 -0.4692565 1.340991 0.3139373 0.1500582
0.3864911 -0.5988963 1.281953 0.8402247 0.2377125
0.01484615 -0.3366097 1.46984 0.4154517 0.02207625
0.01356757 -0.3345466 1.46469 0.4150253 0.02148736
-0.007162571 -0.6540189 1.182078 0.4418381 0.3149617
-0.2809399 -0.6605949 0.852815 0.1253897 0.4869581
-0.3358007 -0.4136658 0.5709868 -0.08335954 0.5217809
0.1332555 -0.6613057 1.020028 0.6513565 0.37491
0.1278816 -0.6132318 1.016215 0.6546109 0.3482493
-0.02441409 -0.6787485 0.9130119 0.4848373 0.4440735
0.3813934 -0.4139118 1.345974 0.8568631 0.1045722
-0.2648565 -0.5604641 0.9257126 0.1267774 0.3794171
0.3996094 -0.508518 1.318919 0.8616855 0.1732809
0.3748123 -0.4162219 1.362926 0.8417798 0.1022686
-0.2011932 -0.6506299 0.7996846 0.2535434 0.5054501
-0.1687387 -0.6744401 0.7760352 0.3101196 0.5313214
-0.0664933 -0.6757435 0.8901283 0.4341564 0.4572265
-0.1370179 -0.6681323 0.6317632 0.3945013 0.626054
0.3609948 -0.5384338 1.311674 0.8174331 0.1944144
0.3933914 -0.5733019 1.231081 0.8755494 0.2375618
-0.0009028912 -0.6236842 1.294252 0.426728 0.2598128
0.4091056 -0.5711222 1.255873 0.8814 0.2285165
0.1826852 -0.5875856 1.080123 0.7016405 0.3044688
-0.3495295 -0.4413652 0.5321445 -0.1110075 0.5930695
-0.2479658 -0.6647979 0.7063206 0.1903702 0.5819383
-0.2028682 -0.659154 0.7939021 0.2526461 0.5144037
-0.2027382 -0.6608458 0.7956556 0.2527825 0.5143154
-0.3514968 -0.4432374 0.5321188 -0.1151997 0.5951791
-0.377627 -0.517442 1.55163 -0.02708149 0.1327273
-0.3779106 -0.5179878 1.55353 -0.02718699 0.1326291
-0.4324092 -0.6689394 0.6295843 -0.1505888 0.6721507
-0.423346 -0.6203445 0.6198978 -0.160054 0.6503792
0.1156137 -0.6095572 1.381445 0.5322104 0.2228662
-0.1095105 -0.674655 0.8026865 0.3942513 0.5091855
-0.09935406 -0.4689788 1.374766 0.2982822 0.1409658
-0.4394074 -0.6570204 0.6419762 -0.1682786 0.655345
0.09939048 -0.6652921 1.046007 0.6016285 0.3683119
0.370489 -0.4382954 1.30733 0.8555304 0.1308634
-0.1147253 -0.6726856 0.9165821 0.3618258 0.4454692
-0.06293052 -0.669041 0.7276598 0.4858662 0.5483231
-0.163743 -0.6178526 1.044376 0.271077 0.355022
-0.0716535 -0.6438856 1.158964 0.3708594 0.3202921
0.3541342 -0.5483884 1.195235 0.857042 0.2345055
0.4153863 -0.5700079 1.218376 0.9049867 0.2387894
0.01525 -0.6174223 1.23763 0.4567384 0.2737244
0.02930239 -0.6513438 1.223701 0.4740476 0.2975103
-0.35905 -0.5672021 0.5277439 -0.06195235 0.6974761
-0.3544458 -0.5791062 0.5256593 -0.04534626 0.7066078
-0.2274403 -0.6204366 0.6155836 0.2316065 0.6237909
-0.2281081 -0.6200795 0.614794 0.2304016 0.6243433
-0.2807328 -0.640927 0.9100685 0.1193135 0.4424856
-0.1183428 -0.6690887 0.7213328 0.4011369 0.5586875
0.3719865 -0.5159074 1.312144 0.8341787 0.180204
-0.2148237 -0.4609836 1.329769 0.1591735 0.1493607
0.518562 -0.5806841 1.277551 0.9774469 0.2250429
-0.04465508 -0.6680408 0.7103159 0.5200238 0.5572919
0.005645186 -0.6717064 0.7658604 0.5748254 0.5186508
0.1261617 -0.6250042 1.223299 0.5833982 0.2789324
-0.08568332 -0.6707899 0.718662 0.4532458 0.5578362
-0.06264266 -0.6684144 0.7400266 0.4824064 0.5398473
-0.05677004 -0.6724367 0.8435975 0.4601119 0.4795638
-0.02778837 -0.6717141 0.7952644 0.5161234 0.5042178
-0.1272837 -0.6680563 0.6361898 0.4098727 0.6212038
-0.06395541 -0.651394 1.155995 0.3806375 0.3254436
0.5292627 -0.4640646 1.389894 0.9725606 0.1260891
-0.01038635 -0.6407706 1.178114 0.4393944 0.3088456
0.3869478 -0.5987666 1.149383 0.8984248 0.2786331
0.4396742 -0.573734 1.214174 0.9308463 0.2415679
-0.2800013 -0.574339 0.9752457 0.1043034 0.3651623
-0.2729701 -0.5031839 0.9609293 0.09983913 0.3199084
-0.2726613 -0.5379608 0.9902043 0.1072832 0.3318681
-0.2740498 -0.5391634 0.9893127 0.1054226 0.3332396
-0.1696442 -0.6433653 1.037955 0.266084 0.3739387
-0.200209 -0.5277734 0.9605923 0.2197227 0.3342643
-0.3579345 -0.5375383 0.5273037 -0.07525891 0.6774323
-0.3235465 -0.6792871 0.9912266 0.06343779 0.4272047
0.2233349 -0.5514804 1.176022 0.7193451 0.2465956
-0.1299915 -0.6664747 0.5796269 0.4222313 0.6671306
-0.2406891 -0.5140619 1.327351 0.1346765 0.1876704
-0.2460679 -0.6599219 0.9077237 0.1746816 0.4526939
0.3442082 -0.6523411 1.145073 0.8399945 0.3123828
0.4937532 -0.5759573 1.257685 0.9640735 0.2285717
0.5249497 -0.5878804 1.337343 0.9538662 0.2127475
0.3770626 -0.5937501 1.157741 0.8855345 0.2732605
-0.3166022 -0.5880564 0.9800227 0.05167902 0.3745477
-0.3782375 -0.6642241 0.5541637 -0.05435252 0.7316535
0.3671475 -0.4343213 1.317202 0.8486363 0.1257182
0.3788719 -0.4163857 1.358059 0.8481648 0.1034774
-0.1438389 -0.6056314 1.202746 0.27527 0.2844134
-0.04500733 -0.6702541 0.6950424 0.5246576 0.5690188
-0.2891889 -0.6624908 0.9717354 0.1090656 0.4243644
0.4919058 -0.5803494 1.298501 0.9420007 0.2197142
-0.05839641 -0.6676107 0.745328 0.4872524 0.5355176
-0.07469967 -0.6684335 0.5751972 0.5211383 0.6635748
-0.3296282 -0.4201844 0.5888105 -0.06004173 0.5090336
-0.06906031 -0.6666687 0.6862119 0.4901217 0.5758976
-0.348852 -0.6631512 0.5219845 0.004190415 0.7586218
0.08303091 -0.5869339 1.083931 0.5800711 0.3070227
0.1532656 -0.6680442 0.7062936 0.8158695 0.5387509
0.08038676 -0.6691848 0.6391535 0.7444721 0.5929017
-0.3993473 -0.5601842 0.5777703 -0.151201 0.6473424
0.1373031 -0.5983946 1.11023 0.635034 0.3018909
-0.06959814 -0.6721701 0.7086691 0.4814053 0.5635994
-0.1214395 -0.6656622 0.5474463 0.4483515 0.6938285
0.02459621 -0.6728281 0.8532401 0.5699464 0.467781
-0.1801377 -0.6303385 0.9861462 0.2573594 0.3901921
-0.3771133 -0.6271079 0.5504362 -0.06978649 0.7141557
0.5120721 -0.5843392 1.367785 0.9295545 0.2031478
-0.2335093 -0.6749507 0.7673645 0.2093475 0.544018
0.3694917 -0.4286378 1.40375 0.8159126 0.1014269
0.06482932 -0.6673249 0.6183559 0.7320364 0.6090635
0.005651802 -0.6649893 0.5412447 0.6768811 0.6785219
0.2080475 -0.4341597 1.454662 0.6276506 0.09494865
0.1757992 -0.7037258 0.749153 0.8122393 0.5303347
-0.2259724 -0.4871715 0.9693125 0.1720978 0.3008208
0.1409194 -0.6711076 0.7173958 0.791241 0.5347837
0.1160662 -0.6584313 1.056485 0.6189092 0.3592452
-0.3455318 -0.6633741 0.5240576 0.01142228 0.7558975
-0.08781561 -0.6689138 0.6423255 0.4742262 0.6116995
-0.01203448 -0.6687889 0.741213 0.5583569 0.5340408
0.04752865 -0.666854 0.5980436 0.7155581 0.6265966
-0.1043752 -0.6666008 0.6327441 0.4498075 0.6199604
-0.3721446 -0.4312344 0.6187881 -0.1570617 0.4970976
0.08885929 -0.6748648 1.080039 0.5774562 0.3606288
0.1374387 -0.5606266 1.253462 0.5947699 0.2304054
0.4709148 -0.57884 1.281244 0.9297441 0.2241622
0.1648921 -0.5931831 1.236553 0.6259756 0.2546424
-0.09018922 -0.6683176 0.729524 0.443128 0.5496243
0.3728538 -0.6094491 1.200919 0.8574335 0.2686341
-0.1133134 -0.6671095 0.6201252 0.4386021 0.6314342
0.06879869 -0.6783461 0.9937999 0.5797128 0.3996658
0.03193292 -0.6665562 0.5753226 0.70243 0.6467047
0.16736 -0.5409381 1.122639 0.6762732 0.259824
0.1574448 -0.5725151 1.191858 0.6350082 0.2567329
0.07104799 -0.6430867 1.269398 0.5096675 0.2763513
0.3404981 -0.659935 1.163355 0.8265104 0.3105022
0.4632281 -0.5780276 1.242853 0.9399673 0.234893
0.01675257 -0.6427914 1.209418 0.4635837 0.2979608
-0.1720107 -0.6733547 0.767134 0.3065947 0.536715
-0.002803355 -0.6626512 0.4571358 0.7109284 0.7582685
0.0445503 -0.6641731 0.5307067 0.7498631 0.6811689
0.07320848 -0.6669493 0.5556553 0.7817541 0.6570802
0.1675733 -0.6703112 0.6941803 0.8423636 0.5462815
0.01120955 -0.6619883 0.487431 0.7182945 0.725278
-0.04349142 -0.6618088 0.413416 0.659707 0.8133653
0.09335548 -0.6666098 0.5949832 0.790632 0.6226627
0.02073088 -0.6636852 0.5007131 0.7267225 0.7119423
0.1735712 -0.6664789 0.7052713 0.8458411 0.5364149
-0.05153653 -0.6599362 0.4050093 0.6492265 0.8239119
-0.1775258 -0.4570884 1.611607 0.1855332 0.07892811
-0.2175025 -0.5237412 0.9401479 0.1942443 0.3423187
-0.3697254 -0.5739955 1.293296 -0.01627487 0.2415246
-0.2970868 -0.6677094 0.9868591 0.09846408 0.4205885
-0.2837915 -0.6739633 0.8464262 0.1239714 0.4990476
-0.3881938 -0.4527314 0.670669 -0.1692937 0.4728963
-0.4042228 -0.6284974 0.5926893 -0.1206778 0.6778148
-0.2326286 -0.6711017 0.774297 0.2094356 0.5371167
-0.05826417 -0.6480799 1.134688 0.3914683 0.3312688
0.08290875 -0.6124769 1.444078 0.4847608 0.2085088
0.2685896 -0.5672976 1.380756 0.6928782 0.1951815
0.1727267 -0.6711919 0.6834782 0.8556821 0.5531503
0.1140501 -0.6657757 0.6103571 0.8141253 0.6078444
0.476373 -0.5839003 1.315928 0.9181958 0.2173612
-0.2854842 -0.6505535 0.6239922 0.1267379 0.6435493
-0.3345106 -0.4199557 0.5740036 -0.07549006 0.5245946
0.4013402 -0.6578176 1.126442 0.9062752 0.3194934
0.09829608 -0.6721345 0.5800643 0.8055038 0.6366817
0.01675531 -0.6645853 0.5392815 0.6971774 0.6782708
-0.04982349 -0.671536 0.71035 0.5116426 0.5598747
0.13882 -0.6688615 0.6567801 0.8229032 0.573414
-0.03857099 -0.6606052 0.4306931 0.659439 0.7924194
0.06243178 -0.6689256 0.6279391 0.7226727 0.6031554
-0.04852563 -0.6698169 0.6093128 0.5518439 0.6325718
-0.07177065 -0.660747 0.3758315 0.6249066 0.864185
-0.01426396 -0.6729391 0.8350348 0.522396 0.4809881
0.002624422 -0.6622117 0.4517882 0.7245313 0.7624908
-0.06747212 -0.6578321 0.385983 0.628616 0.8492763
0.3429606 -0.6801099 1.205253 0.8073612 0.3074436
0.3525184 -0.502592 1.320308 0.8139703 0.1700565
-0.3148307 -0.5612966 0.9789616 0.0474985 0.356485
-0.2450818 -0.6726946 0.7767079 0.1894844 0.5378069
0.3470567 -0.6621649 1.209716 0.8139799 0.2961988
-0.1030189 -0.66851 0.7095586 0.4286904 0.5646589
-0.1197794 -0.667786 0.6302782 0.4243964 0.6246637
0.1807385 -0.5536448 1.211368 0.6578799 0.2379026
0.2423258 -0.670297 0.7762535 0.8971143 0.4901155
0.1322109 -0.5844889 1.241732 0.589502 0.2488195
-0.05755675 -0.6621343 0.3874744 0.6469364 0.8471162
-0.12619 -0.6655875 0.611192 0.4192101 0.6395947
0.437057 -0.5860369 1.149244 0.9556309 0.2693787
0.3887331 -0.5908459 1.173552 0.8914957 0.2659895
0.3885879 -0.6680238 0.9819083 0.9606619 0.3803335
0.1297597 -0.5995689 1.126763 0.6204538 0.2968898
0.06020257 -0.6598346 0.4680195 0.8197219 0.7341649
-0.002825707 -0.6622742 0.4744461 0.7004957 0.7406414
-0.1409499 -0.6712021 0.7211618 0.3651969 0.5625911
-0.03691417 -0.6680715 0.7206712 0.5282803 0.5495544
0.04468265 -0.6598948 0.4477386 0.8059081 0.7573457
0.1797827 -0.6712449 0.7699454 0.8170067 0.4997223
0.1042061 -0.6689909 0.5363338 0.8443101 0.6697479
-0.06251961 -0.6665438 0.6671575 0.5072249 0.5886642
0.05355242 -0.6607557 0.4592198 0.8135768 0.7445429
0.1570931 -0.672685 0.7326823 0.8052875 0.524654
-0.2600995 -0.4831285 0.9677398 0.1160581 0.3002283
0.03931567 -0.5699847 1.447567 0.4412924 0.1840937
-0.2646779 -0.6672508 0.8887879 0.1495686 0.4689986
-0.2829449 -0.6612952 0.8818321 0.1212096 0.4708441
-0.265013 -0.605684 0.6821411 0.1507705 0.5654218
-0.2924131 -0.6195823 0.6357587 0.1049344 0.6156628
0.09993348 -0.6493474 1.227596 0.550995 0.2923998
-0.102825 -0.6056984 1.126035 0.3374678 0.310995
-0.1237673 -0.6077064 1.188564 0.3018733 0.2899438
0.4350046 -0.6214224 1.06997 0.9817122 0.3175337
-0.05751055 -0.6592732 0.3981233 0.6414466 0.8330301
0.3647687 -0.661293 1.105063 0.8767115 0.3305128
0.2134297 -0.5546834 1.378315 0.6395404 0.1895057
0.1510848 -0.6740387 0.7313499 0.797182 0.5268269
-0.2742366 -0.6697437 0.8356956 0.1384888 0.502046
0.05540437 -0.6554441 1.34809 0.4747304 0.2596873
-0.2907715 -0.6551734 0.8395122 0.1093406 0.4924666
-0.2727114 -0.6354311 0.9648824 0.1278912 0.4099417
0.5616151 -0.616105 1.460621 0.9271861 0.1965623
-0.3323882 -0.419409 0.5510354 -0.07406157 0.5480922
-0.002206326 -0.6584101 0.3852352 0.7614892 0.8351711
-0.07737628 -0.6037681 1.285046 0.3423939 0.2533921
0.1593877 -0.5881541 1.426573 0.5673739 0.197626
-0.09561926 -0.6608096 0.3702814 0.5777199 0.8771497
-0.1203546 -0.6431102 1.110066 0.3194064 0.3409156
0.1405402 -0.6617758 0.5848281 0.8732297 0.6214562
-0.09732881 -0.6722458 0.7657204 0.4219199 0.5292741
-0.35354 -0.4287632 0.5334554 -0.1305869 0.5806994
-0.08581637 -0.6593296 0.3585789 0.6057017 0.8891088
-0.2850639 -0.6563761 0.6700121 0.1264268 0.6092145
-0.05169797 -0.6598884 0.4117703 0.6449049 0.8161157
-0.08094299 -0.6684947 0.5740001 0.5107121 0.6655754
-0.3558725 -0.6650025 0.5208315 -0.01004523 0.7622252
-0.07922676 -0.6570284 0.3854165 0.604705 0.8524119
0.387789 -0.5030592 1.323015 0.8492633 0.1690075
0.02541488 -0.6683622 0.7284348 0.6191477 0.5380651
0.09265912 -0.6397294 1.058022 0.5931795 0.3489392
-0.2234267 -0.5016404 0.9259405 0.1824769 0.333047
-0.1882083 -0.6702743 0.8221327 0.2722168 0.5023935
-0.1208121 -0.6677347 0.5522388 0.4477187 0.6905234
-0.3299466 -0.4313459 0.5440863 -0.06126738 0.566646
0.373767 -0.6568825 1.186795 0.851704 0.2997572
-0.2647566 -0.6793993 0.7071762 0.1643393 0.5919282
-0.07006437 -0.6655886 0.6026759 0.5187137 0.6385144
-0.3475636 -0.5556452 0.5282299 -0.04046172 0.6868913
0.0902507 -0.6799875 1.003691 0.6024045 0.3949867
0.07183409 -0.6690323 0.7036887 0.6987732 0.5495464
-0.1451085 -0.6606284 0.4296505 0.4459227 0.8166091
0.4131006 -0.6499062 1.14525 0.9121441 0.30821
-0.3260909 -0.4169774 0.5492887 -0.05848247 0.5465149
0.09380838 -0.6753684 1.042416 0.5948014 0.3758213
0.005054325 -0.6770157 0.819107 0.5542162 0.4905933
-0.3606117 -0.6633146 0.5199965 -0.0209341 0.7631689
0.0563488 -0.6782425 0.9949712 0.5640715 0.3998514
0.3090834 -0.674389 1.013428 0.8542451 0.3753711
-0.4201604 -0.6632856 0.484939 -0.1583911 0.815226
-0.2643796 -0.6710079 0.6431821 0.1687907 0.6363702
0.427432 -0.6336096 1.062553 0.9730731 0.3275889
