-0.02898124 0.01206114 0.00058675 
0.99946 1
0.99946 0
0.0005400776 1
0.0005400777 0
9
0.03538628 -0.5457968 1.137413 0.6156931 0.2498599
-0.08601834 -0.3916393 1.162629 0.4796134 0.1360201
0.1850423 -0.4859183 1.064056 0.8110437 0.2386367
-0.1865458 -0.5768697 0.7515259 0.2975449 0.4134479
0.009091709 -0.6175032 0.3651872 0.5772821 0.7236159
0.02296753 -0.5071471 1.197932 0.6040162 0.2081195
-0.1980905 -0.4907483 0.8330688 0.2882926 0.3153685
-0.1408027 -1.12788 0.3691717 0.340505 0.9091572
-0.2673418 -0.6264068 0.4824697 0.09457108 0.6110922
