-0.3362571 0.01392802 -0.06457843 
0.99946 1
0.99946 0
0.0005400776 1
0.0005400777 0
369
-0.1924422 -0.6544988 0.7820712 0.4644588 0.4105664
-0.2200062 -0.4841899 0.9501392 0.4097675 0.2374777
0.3456588 -0.6357463 1.071311 0.9729813 0.2846079
0.3244787 -0.6215082 1.102354 0.9448859 0.2683944
0.169351 -0.6531104 0.680546 0.9490855 0.4439331
0.172609 -0.5918605 1.1653 0.7842171 0.2363408
0.1453658 -0.5686581 0.9933456 0.8175079 0.2734982
0.1470442 -0.5772115 1.201899 0.7516655 0.2188765
0.1400994 -0.6560338 0.9989373 0.7891346 0.3206134
0.1428716 -0.6033184 1.185583 0.7471995 0.237358
0.1315085 -0.535138 1.21701 0.7402425 0.1914678
0.1226895 -0.5850141 1.017627 0.7809659 0.2755928
0.1338236 -0.5778149 1.212175 0.7358895 0.2166439
0.1217048 -1.18261 0.3672505 0.8571462 0.8362432
0.09482914 -0.5863282 1.043656 0.7429435 0.2685974
0.07805789 -0.653486 0.5454116 0.898629 0.5194465
0.07975936 -0.5634765 1.041395 0.7321771 0.256182
0.07478523 -0.6327921 1.248062 0.6617959 0.2371802
0.06539965 -0.5321188 1.415318 0.630306 0.1453779
0.03840226 -0.6567686 0.508908 0.8606168 0.5455433
-0.00080055 -0.6275247 1.179731 0.6043734 0.2529145
-0.01658398 -0.6022148 1.274111 0.5732349 0.2149668
-0.02097404 -0.5743228 1.301272 0.5667062 0.1933216
-0.03724945 -0.5554259 1.304944 0.5520081 0.1820197
-0.04983366 -0.5563827 1.280687 0.5438377 0.1882662
-0.05746228 -0.6265587 1.160526 0.5515088 0.2581798
-0.0705632 -0.5948072 1.269647 0.5222949 0.2122466
-0.06655774 -0.5992111 1.2872 0.5230476 0.2103063
-0.08001819 -0.6225367 1.0984 0.5399772 0.2742279
-0.1413975 -0.4741898 1.545767 0.4238994 0.0870806
-0.1380116 -0.4676053 1.28524 0.4590036 0.1344301
-0.1943201 -0.4958391 1.285177 0.3990266 0.1515659
-0.2428493 -0.4727516 1.316032 0.3449232 0.1301902
-0.2406255 -0.5501522 1.240081 0.3545583 0.1948408
-0.2296042 -0.5517759 0.9041314 0.4024171 0.2990019
-0.242903 -0.6202391 0.6906562 0.4133978 0.4356397
-0.1562914 -0.6484725 0.2370554 0.6791347 0.7775422
-0.3052617 -0.5835937 0.963371 0.302627 0.2985842
-0.3141429 -0.6085736 0.9865758 0.291706 0.3055799
-0.3038826 -0.5604172 0.9670205 0.3030078 0.2828677
-0.1675667 -0.6477604 0.2466807 0.6534538 0.7686105
-0.1792077 -0.6596113 0.2505601 0.6267149 0.7721796
-0.2248165 -0.6536041 0.3030924 0.5242025 0.7228839
-0.2587399 -0.6555193 0.3372814 0.4530495 0.6962079
-0.2718043 -0.6597282 0.3361204 0.4294598 0.7009042
-0.3100224 -0.6595812 0.4817879 0.3406372 0.5881406
-0.2704711 -0.6562582 0.3488218 0.4293534 0.6875936
-0.2871376 -0.6647146 0.9671088 0.3270962 0.3441995
0.2309916 -0.5598702 1.194856 0.8387567 0.2107641
0.1947483 -0.5653705 1.230635 0.7916399 0.2050102
0.1882855 -0.5866211 1.08925 0.8250306 0.2543777
0.1339522 -0.6050394 1.005737 0.792202 0.290602
0.132956 -0.6428035 0.997179 0.7852774 0.3142101
0.09039706 -0.6112587 1.050924 0.7311785 0.2804703
0.06739086 -0.6507919 0.4507025 0.935933 0.5779927
0.1001703 -0.684099 1.403662 0.6451294 0.2253849
0.06086588 -0.5207067 1.419109 0.6267447 0.138316
0.02097866 -0.6456806 0.3915425 0.9023554 0.6206877
-0.003938645 -0.6249658 1.193356 0.5987806 0.2478734
-0.03947318 -0.5680285 1.277265 0.5536257 0.1955892
-0.01241201 -0.6491222 0.4208551 0.8329766 0.6036333
-0.2700161 -0.5356152 1.294344 0.3194535 0.1730137
-0.2667949 -0.6614006 0.8451247 0.3622168 0.3894672
-0.2858806 -0.5408204 0.9365969 0.3271364 0.2808771
-0.170746 -0.6585851 0.2370941 0.648738 0.7845145
-0.1823018 -0.6511647 0.2656706 0.6167402 0.7529312
-0.2240283 -0.6649051 0.2891985 0.5283374 0.7420015
-0.05160582 -0.5965478 1.210777 0.550982 0.2281243
-0.09869818 -0.6607767 0.7852921 0.5804988 0.409708
-0.1876303 -0.6702687 0.7473863 0.4757692 0.4352338
-0.2132149 -0.6524764 0.8005769 0.4352041 0.4018729
0.049622 -0.6482037 0.3798066 0.9529801 0.6286473
-0.2243493 -0.6380013 0.7678383 0.4263221 0.4084538
-0.2246096 -0.6572294 0.293244 0.527105 0.734153
-0.1679923 -0.6563392 0.2333347 0.6562728 0.786979
-0.2827514 -0.6572108 0.4511914 0.389473 0.6068267
-0.1978132 -0.6605785 0.267755 0.5849202 0.7576301
-0.06739435 -0.6584497 0.5634205 0.6875358 0.5196127
-0.0520412 -0.6234235 1.090642 0.5707743 0.2767442
-0.1573163 -0.6629359 0.7831215 0.5079853 0.4137605
0.09025985 -0.6067066 1.064029 0.7281418 0.2739519
-0.2177455 -0.469022 1.29802 0.3730818 0.1319969
-0.01902407 -0.6483427 0.33413 0.8705813 0.6712441
-0.2047284 -0.6532437 0.3848199 0.5353173 0.6493391
-0.08568144 -0.6502939 0.342475 0.7539846 0.6716439
-0.2071641 -0.65384 0.3883228 0.5300878 0.6470665
-0.2257945 -0.6534979 0.3070577 0.5212188 0.7192128
0.2109258 -0.425003 1.44109 0.7746255 0.08055604
0.1000574 -0.6454747 0.4451269 0.9895361 0.5765142
-0.2825032 -0.6569242 0.3598103 0.4056363 0.6795939
-0.3337719 -0.6594509 0.5127183 0.2993233 0.5683381
-0.2668918 -0.6581174 0.4790397 0.4106635 0.5861155
-0.1659289 -0.6574824 0.4030646 0.5937558 0.6339159
-0.2942124 -0.6568928 0.371646 0.3827339 0.670583
-0.3444743 -0.6626493 0.5131283 0.2824009 0.5706393
-0.2944174 -0.6600292 0.3587717 0.3844919 0.6833869
-0.2207673 -0.6549644 0.3438324 0.5192126 0.6862509
0.1609728 -0.6543858 0.9899549 0.8139997 0.322343
-0.3075276 -0.6585872 0.3855467 0.3571112 0.6611165
-0.2677001 -0.6584725 0.4402776 0.4161918 0.614475
-0.3317264 -0.6592184 0.5280979 0.3013095 0.5577861
-0.3323064 -0.6554569 0.5227011 0.3005984 0.5592092
-0.3217506 -0.6635777 0.4012831 0.3303948 0.652297
-0.2568013 -0.6584126 0.3396813 0.4557742 0.6954535
-0.2464369 -0.665145 0.3069628 0.4821104 0.7278095
-0.3227572 -0.6707236 0.391324 0.3300911 0.6644864
-0.3338183 -0.6032614 0.5198612 0.2949308 0.5293466
-0.2004399 -0.6548241 0.2826286 0.5757498 0.7403194
-0.3133345 -0.441774 0.5381479 0.3191211 0.3975072
0.1080812 -0.6425217 0.5270482 0.9540812 0.5223726
-0.3341964 -0.5336276 0.5152561 0.2894746 0.4853677
0.09109521 -0.6763999 0.9587232 0.7461349 0.3458523
-0.3313839 -0.6554796 0.4063205 0.3126595 0.6445157
-0.1203796 -0.6676924 0.8902199 0.5309302 0.370949
-0.1172014 -0.6734443 0.9028122 0.531603 0.3691788
-0.3266817 -0.4229731 0.570779 0.2895522 0.3617218
0.08227283 -0.6561006 0.537742 0.9073072 0.525193
0.07964492 -0.6565176 0.5362678 0.9043059 0.5264435
-0.3962564 -0.5581098 1.601908 0.1894949 0.1211524
-0.2775469 -0.6586424 0.360315 0.4143136 0.6796221
-0.344899 -0.663314 0.4244083 0.2881571 0.6357411
-0.3180383 -0.4260779 0.5270773 0.3104314 0.3913364
0.1105337 -0.6642568 1.049833 0.7418328 0.3091193
-0.03312826 -0.6707314 0.711868 0.6807334 0.4465222
-0.3777181 -0.4554844 0.6605826 0.1986457 0.3403565
-0.2336994 -0.5170874 1.619198 0.3338292 0.09734237
-0.2339548 -0.51955 1.639395 0.3324355 0.09524423
-0.3273664 -0.6572784 0.5132924 0.3093807 0.5662546
-0.3575042 -0.666021 0.4230578 0.2667795 0.6394109
-0.3569561 -0.6616963 0.4335243 0.2666881 0.6287367
-0.3156808 -0.6645933 0.483379 0.3314568 0.5903054
-0.342441 -0.66392 0.405409 0.2939884 0.6510043
-0.0558475 -0.6157882 1.178002 0.5509288 0.247475
-0.1377826 -0.6482749 0.3057192 0.6816639 0.7080415
-0.3356413 -0.5702066 1.186236 0.2561148 0.2210926
-0.3292779 -0.5987858 0.5119342 0.3028944 0.5315597
-0.2785304 -0.6650674 0.3367314 0.4169632 0.7039494
-0.3024168 -0.6565657 0.3830695 0.3664378 0.6615684
-0.06522006 -0.6623956 0.6922066 0.6475172 0.4525949
-0.4151843 -0.6631855 0.5615684 0.1690277 0.5436314
-0.2913822 -0.6560329 0.4835452 0.3705449 0.5835087
0.1475413 -0.5869514 1.187004 0.7544661 0.2280697
-0.04515585 -0.6518949 0.5431987 0.7282569 0.5266565
-0.3203326 -0.6143108 0.9853389 0.2846854 0.3095011
-0.3760529 -0.6629517 0.4530639 0.2333569 0.6160835
-0.1801171 -0.6493814 0.270488 0.6192936 0.7469406
-0.2405907 -0.6544689 0.3049562 0.4945016 0.7233569
-0.1108774 -0.4756115 1.541784 0.4524848 0.08887923
-0.3372404 -0.4424919 0.5179164 0.2755119 0.4124308
-0.4359155 -0.6719377 0.6551084 0.1418277 0.4939368
-0.4380325 -0.676334 0.6568523 0.1395473 0.4956074
-0.3024566 -0.6748224 0.3669297 0.3689573 0.6852251
-0.2850354 -0.6704175 0.3499744 0.4026257 0.6957675
-0.1838413 -0.6330517 0.6622998 0.5003729 0.4555718
-0.2193375 -0.6503735 0.8281435 0.4235281 0.3889742
-0.3646159 -0.635514 0.5479351 0.2458175 0.5328102
-0.3197669 -0.6600778 0.4018169 0.3336397 0.6497231
-0.3361852 -0.5281923 1.068096 0.256499 0.2295775
-0.1527916 -0.6594086 0.5282626 0.5752194 0.5465066
0.1061732 -1.417219 0.3805947 0.7808522 0.8839507
-0.3332494 -0.4094521 0.5460784 0.2778375 0.365092
-0.3413889 -0.6605211 0.4211663 0.2942517 0.6364083
-0.4086016 -0.6652321 0.4842583 0.1786177 0.5969077
-0.4224967 -0.6660903 0.4985504 0.1559712 0.5882132
-0.3477956 -0.543747 0.5212829 0.2658984 0.489307
-0.1582288 -0.4585198 1.331175 0.4321924 0.118672
-0.1604701 -0.4545098 1.31062 0.432507 0.1205297
-0.09336674 -0.6479017 0.2569154 0.7862651 0.7491869
0.08374584 -1.144846 0.3918763 0.8167511 0.8133595
-0.2654288 -0.5022479 0.9475331 0.3514325 0.2511398
-0.3449994 -0.6709181 0.4023263 0.2903117 0.6576311
-0.4243481 -0.6737553 0.4912663 0.154057 0.5979242
-0.07834469 -0.6406514 0.4599136 0.7157685 0.5759674
-0.2656625 -0.6711771 0.4382013 0.4195033 0.6230264
-0.4349586 -0.6697721 0.5125381 0.1366648 0.581426
-0.2551671 -0.6567706 0.4116051 0.4428209 0.6344196
-0.261338 -0.6577405 0.4206066 0.4305528 0.6284914
-0.1119688 -0.6561418 0.5417859 0.6316198 0.5337831
-0.1312118 -0.651728 0.409942 0.6491815 0.6225244
-0.1445637 -0.6663411 0.5894926 0.5691389 0.5130773
-0.1247612 -0.6618727 0.5863015 0.5986239 0.5113266
-0.08871259 -0.6204153 1.134817 0.5245937 0.2624282
0.1390783 -1.399768 0.3798912 0.8163068 0.8781707
-0.2327274 -1.478007 0.4611003 0.4323848 0.8759818
-0.451703 -0.6766195 0.5308534 0.1118129 0.5739703
-0.3753417 -0.6708521 0.4607363 0.2352789 0.6147774
-0.4529358 -0.6877242 0.5250894 0.1117927 0.584258
-0.3703152 -0.6859954 0.4372953 0.2463147 0.6405011
-0.288867 -0.6433463 0.5495416 0.3655129 0.5319067
-0.2242829 -0.6563274 0.3186642 0.5201198 0.709842
0.1822348 -0.432462 1.425532 0.7508838 0.08745587
-0.4804401 -0.6905791 0.7393156 0.08654439 0.4619917
-0.1375171 -0.5981558 1.18168 0.4680873 0.2372962
-0.09722707 -0.6200897 1.099274 0.5218709 0.2727953
0.09470722 -0.6426284 1.256381 0.6771008 0.2400244
0.07884917 -1.215557 0.4036557 0.7901561 0.8254822
-0.4705235 -0.6713848 0.5477524 0.08152965 0.5609092
-0.4037954 -0.6684911 0.4878134 0.1871914 0.5958626
-0.4053549 -0.6843516 0.4719141 0.1869743 0.6164507
-0.003646851 -0.641059 0.3115944 0.913519 0.6849864
-0.2671399 -0.6608605 0.3613234 0.4324445 0.6789607
-0.04236022 -0.6462779 0.3795884 0.8081296 0.6354214
0.1722381 -0.5401123 1.368571 0.7374216 0.1597673
-0.3485547 -0.4350134 0.5186292 0.2526277 0.4060777
-0.2044936 -0.6567773 0.4044445 0.5296054 0.6357101
-0.1734557 -0.6531116 0.2968074 0.6201708 0.7227981
0.1506955 -0.5947226 1.153789 0.7655644 0.2411376
0.1409542 -1.418498 0.3361038 0.827695 0.9079908
-0.2439193 -0.6356642 0.8442684 0.3908807 0.3743676
-0.357875 -0.5692607 1.275948 0.2299406 0.1970757
-0.3580506 -0.5653281 1.258756 0.229738 0.1991402
-0.2500404 -0.606679 0.6724309 0.4063352 0.4369276
-0.2062156 -1.412608 0.4685914 0.4595038 0.8559724
-0.3620205 -0.6269191 0.5343157 0.2496537 0.5362989
-0.1732478 -1.426785 0.4874517 0.4883656 0.8461224
-0.1845132 -0.6649158 0.246089 0.6172979 0.7801203
-0.3205304 -0.6620413 0.5215781 0.3197063 0.5630101
-0.07633457 -0.6369972 0.2642296 0.8175063 0.7342097
-0.03241694 -0.5212845 1.365182 0.5491347 0.1493948
-0.367174 -0.5351536 1.115345 0.2190892 0.2200241
-0.1242535 -0.6533765 0.3057778 0.7040728 0.7093014
-0.1277108 -0.646921 0.3008619 0.7021934 0.7106776
-0.1888061 -0.5696972 0.9613013 0.4443182 0.2890444
-0.3421262 -0.5792028 0.515712 0.2793604 0.5170264
-0.512465 -0.6675966 0.5841614 0.0173448 0.5377787
-0.1864518 -0.6446422 0.351465 0.5787437 0.6705378
-0.233954 -0.6562678 0.4237266 0.4756903 0.6229995
-0.1421434 -0.663375 0.6896794 0.5476303 0.4575049
-0.2562434 -0.6471496 0.8995341 0.3694324 0.3590769
-0.1375998 -0.6617288 0.5486146 0.5912652 0.5342931
0.3469861 -0.5123758 1.266975 0.9359307 0.1668774
0.4007069 -0.5815534 1.304829 0.9516595 0.1958554
0.3727129 -0.5649047 1.228646 0.9588966 0.2048184
0.3697609 -0.5098623 1.276821 0.9540966 0.1633115
0.06883985 -0.653386 0.4608911 0.9310788 0.5725396
-0.3473191 -0.573973 0.5228188 0.2695414 0.5090546
-0.4488259 -0.6840782 0.5127788 0.1168851 0.5903879
-0.3570155 -0.6594707 0.2796685 0.2767658 0.7647173
-0.3196008 -0.6635023 0.4142463 0.3326088 0.6416776
-0.313816 -0.6724826 0.3657652 0.3490369 0.6860721
0.1164588 -0.6396528 1.036156 0.7567967 0.3002558
-0.1569375 -0.6572165 0.3029194 0.6463885 0.7174926
0.3590382 -0.5018397 1.297147 0.9390154 0.1543147
0.03746524 -0.6759856 1.196172 0.6321433 0.2732524
-0.4125037 -0.6520682 0.6157359 0.172498 0.5036593
-0.1912854 -0.652529 0.7971931 0.4634547 0.4027075
-0.3707252 -0.5362142 1.139768 0.2147657 0.213661
-0.3722569 -0.5733485 1.255334 0.2152985 0.20469
0.2089042 -0.5931497 1.106118 0.8384644 0.2530304
0.432079 -0.5817466 1.358527 0.9599028 0.1841519
0.007737339 -0.6198581 1.280891 0.5933454 0.2225636
0.3908216 -0.5875469 1.321737 0.9355571 0.1951804
0.4223161 -0.4898569 1.641367 0.884599 0.08521098
0.368506 -0.6646209 1.076746 0.9835561 0.2976229
-0.1041552 -0.4881854 1.413285 0.4746406 0.1200706
0.3743591 -0.4049031 1.350674 0.9611626 0.08664274
-0.1472598 -0.6729403 0.2501824 0.6825978 0.7752423
-0.1233404 -0.6699774 0.4447137 0.644809 0.606553
-0.2377405 -0.5604737 0.9169847 0.3903942 0.2999118
-0.2384244 -0.5720104 0.9323062 0.3876251 0.3015487
-0.3702098 -0.5532653 1.12737 0.2170929 0.2277596
-0.455803 -0.6814301 0.5451838 0.1072254 0.5674039
-0.330326 -0.6748078 0.2764102 0.3303322 0.772544
-0.3021437 -0.657749 0.2571905 0.3880479 0.7801537
-0.1660657 -0.679204 0.356685 0.6052477 0.6830328
-0.2410294 -0.6699857 0.330045 0.4853543 0.7086419
0.3964836 -0.568967 1.324857 0.9443441 0.1848413
-0.09709929 -0.603713 1.216481 0.5038191 0.2307984
-0.3296123 -0.4560403 0.5249651 0.2907584 0.4187591
-0.1071909 -0.6759734 0.5562249 0.6300954 0.5359827
0.2428212 -0.6136704 1.120112 0.8619411 0.259972
0.1696894 -0.5815219 1.203641 0.7722206 0.220705
-0.3209557 -0.6632469 0.3145409 0.3426649 0.7280317
-0.3231748 -0.673659 0.3191142 0.3382919 0.7294784
-0.1571635 -0.6437896 0.7436785 0.517934 0.4207193
-0.2984151 -0.6927835 1.009604 0.3122423 0.3445248
-0.2006644 -0.6739745 0.957049 0.4274672 0.3511363
-0.194814 -0.6842983 0.4027889 0.5423109 0.6512972
-0.2450883 -0.6542923 0.3700323 0.4696232 0.6658181
-0.2461324 -0.6649913 0.3762202 0.4654975 0.6666885
-0.3084049 -0.6668956 0.2726127 0.373031 0.7696443
-0.3106214 -0.6747068 0.5087047 0.3371279 0.5782133
-0.2157475 -0.5272365 1.638068 0.3487285 0.09971368
-0.3653269 -0.6768028 0.4837984 0.2516276 0.6005867
0.01815 -0.6030729 1.220864 0.6173423 0.2287065
0.3940871 -0.5557318 1.216915 0.985767 0.2026159
0.3637525 -0.4144185 1.381144 0.9372191 0.08666861
0.04257077 -1.428475 0.2968313 0.740433 0.9428265
0.120533 -1.42505 0.3863272 0.7912219 0.8811149
-0.1150628 -0.6493179 0.3022406 0.7232088 0.7093521
-0.04926971 -0.6485661 0.3892131 0.7912976 0.6298332
-0.1536514 -0.4449008 1.559594 0.4116243 0.06774914
-0.3886507 -0.5369579 1.565857 0.1946346 0.1164104
-0.2429691 -0.5332421 1.293772 0.3475539 0.1717906
-0.2799925 -0.5498792 1.155091 0.3182299 0.2173573
-0.2669737 -0.6396671 0.9470065 0.351855 0.3370392
-0.2215764 -1.434029 0.4573441 0.4450054 0.8681437
-0.3645687 -0.614949 0.5438349 0.2438271 0.5227747
-0.3711104 -0.6606115 0.4609812 0.2411807 0.6084239
-0.2644655 -0.6732931 0.3188741 0.4457619 0.7230296
-0.09075677 -0.4270885 1.264595 0.5149031 0.1134921
-0.09020509 -0.5776994 0.9244955 0.5685366 0.3054461
-0.03817421 -0.5382912 1.31633 0.5506002 0.1697677
-0.2612808 -0.6647969 0.8230165 0.3714718 0.4006236
-0.4583901 -0.6541569 0.3708518 0.08098495 0.6860256
-0.2609271 -0.5941892 0.8972105 0.3635151 0.3287736
-0.4485914 -0.6608021 0.3596669 0.1002966 0.6987929
-0.4794825 -0.6798361 0.7946007 0.08975083 0.4290795
0.4594662 -0.5425035 1.412777 0.9747968 0.1528074
0.1471419 -0.6454825 0.9740029 0.8070924 0.3231028
-0.181348 -0.6640191 0.5639428 0.5232286 0.5288134
-0.3338289 -0.6608321 0.2953625 0.3205379 0.7467905
-0.1473498 -0.6760103 0.8580825 0.5047578 0.3889544
-0.3423623 -0.5377504 0.5154311 0.2753088 0.4886858
-0.1463648 -1.434843 0.4382491 0.5213537 0.8735754
-0.2582887 -0.6634656 0.4365312 0.4322454 0.6193614
-0.06514993 -0.4686924 1.317592 0.5292972 0.1284661
-0.1401017 -0.4342068 1.542758 0.4263296 0.06443834
0.4332007 -0.5540729 1.319006 0.9827032 0.178286
-0.00851053 -0.5775086 1.282532 0.5819083 0.1995064
-0.0524053 -0.6237888 1.13403 0.5618753 0.2641639
0.3971805 -0.5913227 1.153248 1.002809 0.2378831
0.08492064 -1.209906 0.3999593 0.7991189 0.8258036
0.1316288 -1.417939 0.3160481 0.8252095 0.9209989
0.002251357 -0.6396713 0.455889 0.8408673 0.5725831
-0.1727822 -0.6475621 0.3506711 0.6022745 0.6715324
-0.2237823 -0.449784 1.591473 0.3434417 0.064493
-0.1732863 -0.4589337 1.614516 0.3882256 0.06660956
-0.2752404 -0.5475168 1.123491 0.3257059 0.2248571
-0.4008333 -0.5374638 1.594452 0.1834357 0.1113865
-0.4924703 -0.6676412 0.5447947 0.04459065 0.5621497
-0.3597461 -0.660695 0.2859045 0.2710485 0.7593362
-0.1570378 -0.4972955 1.267513 0.4402289 0.1566796
-0.270173 -0.4954057 1.101235 0.3317579 0.1983308
-0.2529865 -0.5221861 0.9356701 0.3689129 0.2685459
-0.3724005 -0.6586028 0.4114364 0.240555 0.6458045
-0.3600433 -0.6527331 0.2926787 0.2691363 0.748329
0.3459619 -0.5154856 1.228868 0.948271 0.1773635
-0.4672736 -0.67084 0.5797256 0.0893473 0.5397438
0.1081018 -0.5820441 1.14202 0.7290095 0.2376024
0.1870149 -0.5466189 1.015793 0.8600614 0.2530377
-0.2752554 -0.5244992 1.647926 0.2955069 0.09610063
-0.2609305 -0.6609741 0.3231122 0.4520085 0.7122165
-0.2634305 -1.394882 0.4742858 0.4024004 0.8530683
-0.4415259 -0.6656024 0.3581828 0.1147744 0.7020353
-0.09777097 -0.6392024 0.2548504 0.7828031 0.7471748
-0.3009245 -0.5646873 1.364293 0.2853552 0.1734144
-0.4087605 -0.6619878 0.4969671 0.1780122 0.585963
-0.1113592 -0.613293 1.027616 0.5198727 0.2915019
-0.3878444 -0.6141721 0.5724831 0.205302 0.5053538
0.342766 -0.4071182 1.240475 0.9737872 0.1095074
-0.2584882 -0.6506971 0.3872105 0.4426427 0.6507956
-0.04029459 -0.6487207 0.4602247 0.7714146 0.5777606
-0.2126537 -0.6495147 0.767472 0.4411812 0.4149581
-0.04462188 -0.4591891 1.284383 0.557198 0.1299428
-0.4675433 -0.6625125 0.4942598 0.07930627 0.5925251
-0.294227 -0.6400562 0.274942 0.4004886 0.7514112
-0.2740841 -1.236227 0.4694682 0.3934041 0.8182707
-0.3893593 -0.5002453 0.5755972 0.1852108 0.4244499
-0.1321365 -0.6387296 0.6596079 0.571656 0.4581426
-0.5600797 -0.8050559 1.166914 0.04523626 0.3534526
-0.4063286 -0.6109871 0.6040213 0.1754163 0.485037
0.08684367 -0.6381928 1.031689 0.727823 0.3012916
-0.06993377 -0.6368299 0.2863503 0.8161342 0.7123274
-0.3089082 -0.643657 0.2770124 0.3711584 0.7530563
-0.2795815 -0.6523227 0.3075145 0.4215131 0.7241631
-0.2572449 -0.5303503 0.912498 0.3660246 0.2823687
-0.3483472 -0.5432671 1.30437 0.2374569 0.1750315
-0.3682852 -0.5344607 1.306555 0.2156763 0.1692986
