-0.1447291 -0.02064256 0.02723807 
0.99946 1
0.99946 0
0.0005400776 1
0.0005400777 0
202
-0.01744667 -0.641958 1.210236 0.4757315 0.2574562
-0.2176532 -0.5064644 1.318141 0.2411616 0.1498548
-0.2691801 -0.4837646 1.353856 0.1806669 0.1272621
-0.2591068 -0.5161206 1.633912 0.2067218 0.09022033
-0.1836794 -0.4674588 1.34988 0.2752518 0.1162413
-0.280588 -0.6718823 0.8755715 0.172935 0.4072754
-0.2592273 -0.6655698 0.8276929 0.1983719 0.4254304
-0.02384831 -0.6386467 1.216877 0.4681138 0.2537662
-0.2838393 -0.6512465 0.9289261 0.168014 0.3711777
-0.2535423 -0.5730137 0.9375719 0.1945037 0.3164484
-0.2482038 -0.663233 0.7970158 0.212144 0.4389235
-0.1427929 -0.6869534 0.9165863 0.3558359 0.3921614
-0.1012751 -0.6471758 1.146873 0.3890896 0.2820069
0.1297414 -0.5903809 1.234476 0.6327922 0.2174737
-0.2697549 -0.569106 0.9384707 0.1712918 0.3140014
-0.04268867 -0.581028 1.324306 0.4371437 0.1914874
0.07743928 -0.6036502 1.076591 0.6045569 0.2745199
-0.07296273 -0.61223 1.239257 0.4124872 0.2331647
0.002057567 -0.5452899 1.476727 0.468223 0.1348045
0.05224529 -0.6290447 1.341497 0.5323076 0.2128414
-0.1880831 -0.688145 0.8725388 0.2989446 0.4143124
0.1239673 -0.674677 1.028951 0.6613607 0.3315265
-0.2116292 -0.674039 0.9809528 0.2662198 0.3604712
0.07539129 -0.6332582 1.089138 0.5972842 0.2881332
-0.2633536 -0.5768889 0.937866 0.1816912 0.3192679
0.3852642 -0.5895727 1.332938 0.8696482 0.1870424
0.3963495 -0.5729066 1.346325 0.8799602 0.1741655
0.3615347 -0.5857816 1.321174 0.8505865 0.1881224
0.1913061 -0.6208631 1.198023 0.7029637 0.2442653
0.1054591 -0.6020049 1.047507 0.6439404 0.2826089
0.1770077 -0.5866062 1.095943 0.7176174 0.2551788
-0.2051571 -0.6771629 0.9786587 0.2746647 0.3629756
0.1550007 -0.6063986 1.193683 0.6668274 0.2379014
0.4272799 -0.5711352 1.369623 0.9031301 0.167298
0.3740045 -0.596479 1.301409 0.8667542 0.1988926
0.4332104 -0.5629661 1.414577 0.8964829 0.1525832
-0.02412938 -0.6546338 1.187634 0.470944 0.271565
0.1177984 -0.6635354 1.031384 0.6550267 0.324493
-0.03935428 -0.6847197 0.9205649 0.4856861 0.3852003
0.4189785 -0.5274813 1.385543 0.8998404 0.1384391
0.3947912 -0.5671561 1.271592 0.9039618 0.1890073
-0.215355 -0.6758665 0.8079801 0.2608508 0.4393795
-0.1217094 -0.6872623 0.8128161 0.390598 0.4393124
0.3739731 -0.5716196 1.255433 0.8869502 0.1961411
0.4024748 -0.5674089 1.236461 0.9239827 0.1980504
0.006294385 -0.6296964 1.266345 0.4946407 0.2339696
0.3592943 -0.5130668 1.330256 0.8607858 0.1427872
-0.2314924 -0.4694872 1.350441 0.2212187 0.1180757
0.5006925 -0.5709314 1.288121 1.003804 0.1853048
0.5075157 -0.4536603 1.397771 1.002293 0.08947581
-0.2092835 -0.5834306 0.9501792 0.2571028 0.3167202
0.4836475 -0.5720746 1.277038 0.9906746 0.1890032
0.5058061 -0.5759376 1.345818 0.9858997 0.1743237
0.3753086 -0.5960172 1.192536 0.9038548 0.2274379
0.4770857 -0.5745915 1.316574 0.9688526 0.1809074
-0.08587319 -0.6848728 0.5891148 0.4693371 0.5655986
0.06640077 -0.5907655 1.093279 0.5894284 0.2613839
0.06808557 -0.6813188 0.6528821 0.6890935 0.5129444
-0.08379082 -0.6859739 0.7198812 0.4533941 0.4854338
0.01495449 -0.6858577 0.8756722 0.5612518 0.403177
0.4908123 -0.5707752 1.371975 0.9635566 0.1656218
0.1955324 -0.4338644 1.479433 0.6675885 0.06409532
0.3537274 -0.601583 1.20899 0.87439 0.2265462
0.05570483 -0.6427928 1.280615 0.5437045 0.2363833
0.3281874 -0.6606821 1.178561 0.8447286 0.2692667
0.4452098 -0.5690705 1.253511 0.9614058 0.1938516
-0.01257265 -0.6813098 0.4719323 0.6175948 0.6454735
0.06166658 -0.6799701 0.5691175 0.7075478 0.5662605
0.1554838 -0.6780003 0.7076086 0.7954466 0.4748347
0.01038851 -0.681224 0.5155702 0.6427785 0.6092468
-0.07235171 -0.6527156 1.141354 0.422254 0.2862114
0.3846727 -0.6531884 1.138868 0.9182266 0.275713
-0.07640173 -0.6823745 0.4007602 0.5226374 0.7145691
0.3367516 -0.4980145 1.333496 0.8397222 0.1329926
0.1680429 -0.5592133 1.226023 0.679336 0.2002474
0.3796792 -0.5899362 1.197016 0.9083917 0.2225167
0.3775592 -0.6694723 0.9998704 0.9586182 0.3312688
-0.1160154 -0.6225855 1.15278 0.3707901 0.266142
-0.286756 -0.6870316 0.84957 0.1658432 0.4287655
-0.302823 -0.6829705 0.8661224 0.1443918 0.4192038
-0.09135125 -0.6057603 1.302046 0.3880868 0.2125677
0.3015461 -0.6802022 1.035597 0.8580903 0.3268806
0.5038702 -0.5739827 1.194999 1.043702 0.2111201
0.4799973 -0.5796731 1.159333 1.031923 0.2249347
0.4983996 -0.5598733 1.193689 1.043137 0.20309
0.07625555 -0.6610208 1.294012 0.5617971 0.2423192
0.4857648 -0.5778113 1.359232 0.961351 0.1725952
0.4905869 -0.577263 1.184691 1.03313 0.2161656
-0.02846633 -0.6854224 0.4472505 0.5967757 0.6698501
0.1104307 -0.6856768 0.6288672 0.7587175 0.5275796
-0.2465749 -0.6718025 0.8219578 0.216929 0.431428
-0.05838285 -0.5686465 1.341946 0.4188911 0.1800297
-0.2366255 -0.6862156 0.9336413 0.2357346 0.3880416
0.4372742 -0.6540766 1.017778 1.022369 0.3143689
0.2109808 -0.6340558 1.11916 0.7421447 0.2752916
0.05312103 -0.6825169 0.4769389 0.7275984 0.6365898
0.09988919 -0.6769897 0.5636082 0.7700888 0.5656567
0.006815553 -0.6836852 0.4177686 0.6694929 0.6914858
0.02064133 -0.6399968 1.33339 0.5012369 0.2215447
-0.2511635 -0.6691574 0.8944535 0.2129114 0.3958117
-0.3062582 -0.6761187 0.9923542 0.1485177 0.3604416
-0.3068129 -0.6653889 0.8655549 0.1349814 0.409192
0.07539725 -0.706566 1.004799 0.6075937 0.3597655
-0.1724264 -0.6480386 0.6475497 0.3238173 0.5106069
-0.07799494 -0.6423812 1.193239 0.4114474 0.264204
-0.2304454 -0.5219876 0.9902843 0.2195515 0.2597476
0.08413006 -0.6815611 0.5475842 0.7505648 0.5805795
0.1480938 -0.6796527 1.030548 0.6878564 0.3330127
-0.04050961 -0.5628383 1.388357 0.4335766 0.1651841
0.08693919 -0.6785817 0.4703377 0.7884902 0.6368307
0.04933923 -0.6788123 0.5384978 0.6990379 0.5879846
0.1278002 -0.6768158 0.5220905 0.8324029 0.5929399
0.3805086 -0.6646342 1.007975 0.9600765 0.3255302
0.4369731 -0.621705 1.031093 1.026996 0.2909468
-0.2439336 -0.6849024 0.9195918 0.2257774 0.3936362
-0.2976652 -0.5568393 0.989874 0.1343206 0.2861475
-0.09582642 -0.654368 1.149683 0.3953155 0.2850856
-0.2452782 -0.6768689 0.6663768 0.2135786 0.5208596
-0.2543426 -0.6863165 0.518643 0.1926448 0.6308987
0.2264645 -0.6200813 1.127614 0.7591755 0.2641115
0.4364099 -0.5487591 1.41516 0.9024847 0.1442925
0.03446731 -0.6818317 0.4019606 0.7259915 0.7021662
0.4144583 -0.6269398 1.132415 0.9589843 0.2620885
-0.3038937 -0.5783535 0.9781924 0.1296446 0.3053327
-0.2348938 -0.6702905 0.6494232 0.2279738 0.5269568
0.3253043 -0.675071 0.8697317 0.950368 0.3873177
-0.2179373 -0.664717 0.643539 0.2537652 0.5262814
0.1716454 -0.6776724 0.583069 0.8717027 0.5481834
0.1266313 -0.6164538 1.219115 0.6300603 0.2370821
0.4268869 -0.5701557 1.231057 0.9505523 0.2006575
0.3448135 -0.6726212 1.05745 0.8997486 0.3138586
0.4421988 -1.095322 0.8281528 0.9721175 0.5908282
-0.2433252 -0.5321341 0.9728802 0.2028262 0.2738963
0.1644555 -0.6852255 1.023097 0.7074994 0.3383194
0.2053946 -0.689729 0.9550582 0.7727963 0.3651503
0.1650121 -0.67037 0.8142323 0.7719648 0.4159306
0.05335461 -0.6871565 0.4676666 0.7306037 0.646661
0.06922838 -0.6964245 0.5558575 0.7207102 0.5843663
0.1180676 -0.6844417 0.6981367 0.7452105 0.4858102
0.0892874 -0.6216059 1.196343 0.5938293 0.2474526
-0.03458321 -0.6908863 0.360473 0.6119348 0.7540175
-0.1918343 -0.6881644 0.5796162 0.2997965 0.5815291
-0.2165901 -0.5575395 0.9913332 0.2440528 0.2835695
-0.155023 -0.6840273 0.6496706 0.3544955 0.5299855
-0.1405496 -0.6081733 1.122847 0.3429261 0.267722
-0.1337596 -0.6855356 0.681711 0.3844005 0.509992
-0.2433743 -0.5469108 1.333028 0.2180965 0.1721482
-0.1399306 -0.4747935 1.372709 0.3244839 0.1154469
0.1202582 -0.6595163 1.342296 0.5980194 0.2279466
0.02030602 -0.6737707 0.331437 0.7328625 0.7689797
-0.2510144 -0.5626748 1.004539 0.199331 0.2830957
-0.2499497 -0.6870965 0.6040074 0.2052644 0.5680037
-0.2914026 -0.5597363 0.9626328 0.1411309 0.2985713
0.1640324 -0.4437383 1.466295 0.6371248 0.07312191
-0.240197 -0.680867 0.5412716 0.217183 0.6090335
-0.2602739 -0.4647591 1.003698 0.1674529 0.2134111
-0.1936022 -0.6923692 0.3803709 0.3028498 0.7520186
-0.1983996 -0.6881328 0.3790448 0.2928392 0.7516637
-0.2244669 -0.6839954 0.9750248 0.2514598 0.369072
-0.1642202 -0.6656219 0.6580483 0.3380822 0.5143242
-0.2566692 -0.6804757 0.9817371 0.2108931 0.3654798
-0.2925252 -0.6486687 0.9757674 0.1593587 0.3503841
-0.253384 -0.67109 0.6877888 0.2008876 0.5047525
-0.2488449 -0.6907257 0.3235703 0.1898138 0.8185583
-0.1419508 -0.6875947 0.3154173 0.4111084 0.8129604
-0.2783416 -0.5133662 0.9755692 0.1501507 0.2605106
-0.1700457 -0.6860071 0.3275041 0.3519823 0.8020438
-0.09629536 -0.6851958 0.374274 0.4909229 0.7438672
0.08472189 -0.6824274 0.5951461 0.7333221 0.5487345
-0.2670514 -0.6787537 0.8338579 0.1902967 0.4306373
-0.2846854 -0.6383583 0.7042995 0.1459168 0.4764317
-0.2486548 -0.6975226 0.3163326 0.1915736 0.8301226
-0.2800309 -0.6841885 0.5213169 0.1472799 0.6296649
-0.1523299 -0.6894923 0.3039644 0.3913544 0.8283398
-0.2534105 -0.6699514 0.6302412 0.1974298 0.5403968
-0.2690161 -0.6831856 0.971296 0.1954066 0.3717345
0.1871309 -0.6626194 0.7448665 0.8284448 0.4443797
0.05844223 -0.644618 1.199662 0.5586314 0.2603419
-0.06736404 -0.6869097 0.4043014 0.5382426 0.7127947
0.06781951 -1.255793 0.4565524 0.6596603 0.8651269
-0.281982 -0.6973168 0.5211346 0.1474946 0.637427
-0.05801374 -0.705672 0.6414062 0.5029874 0.5416435
-0.07640173 -0.7083256 0.703371 0.466298 0.507242
-0.1461582 -0.6847348 0.3072967 0.403409 0.8213887
0.05736063 -1.181027 0.4532356 0.6571306 0.8490139
0.03338289 -0.7244723 0.470441 0.6882141 0.6663932
-0.2244464 -0.6914272 0.3014659 0.2401866 0.8415486
-0.1587393 -0.6878602 0.3288156 0.3751236 0.8001369
0.02447921 -0.6759234 0.4745455 0.6812577 0.6371387
0.1064413 -1.150254 0.361667 0.7474856 0.9043648
0.1056723 -1.232426 0.3949122 0.7223274 0.8994383
-0.2356399 -0.6760809 0.8727468 0.2341127 0.4091685
-0.220711 -0.7034997 0.2910155 0.250667 0.8591325
-0.2669124 -0.7049975 0.3325671 0.1575654 0.8174999
0.004775479 -0.6908601 0.3578318 0.6873474 0.7523937
0.1297869 -1.155618 0.388341 0.7674015 0.8833015
-0.3079622 -0.6744705 0.6582116 0.1136063 0.5284644
-0.2473447 -0.666894 0.6244268 0.2062837 0.5420075
-0.1796197 -0.703941 0.3276941 0.3347454 0.8117683
-0.1041382 -0.6867386 0.3650232 0.4777196 0.7548466
-0.23251 -0.6891975 0.3504996 0.2247889 0.7858973
-0.1980318 -0.6920356 0.2758876 0.2969427 0.8694257
