-0.4721292 0.03728881 0.3463595 
0.99946 1
0.99946 0
0.0005400776 1
0.0005400777 0
337
-0.005796432 -0.6311907 1.189855 0.6364363 0.4174504
-0.1421054 -0.4786393 1.583705 0.3577975 0.2167089
-0.2003942 -0.4932033 1.304633 0.3770292 0.3086491
-0.2492764 -0.473138 1.34334 0.3039513 0.2856547
-0.3244092 -0.6050781 0.9930732 0.3188185 0.532067
-0.05226141 -0.5586991 1.284265 0.5533844 0.3457323
-0.4047333 -0.55036 1.605021 0.07357505 0.2646072
-0.2394265 -0.5110566 1.616285 0.2481053 0.2316545
-0.3292146 -0.6107168 0.9919202 0.3122304 0.5369051
-0.1119503 -0.474766 1.567179 0.3940878 0.2172613
-0.2493233 -0.5328097 1.311572 0.3146911 0.334975
-0.3833019 -0.5441184 1.544898 0.1053964 0.2764593
-0.3833922 -0.5434938 1.546539 0.1049656 0.2756296
-0.4028485 -0.5600684 1.788388 0.05558348 0.2250574
-0.4031999 -0.5557206 1.780453 0.05546555 0.2244755
-0.008850783 -0.5867882 1.309331 0.5862931 0.3503579
-0.2639937 -0.5336953 0.9413241 0.4339148 0.5070476
0.06957364 -0.6587756 1.242464 0.6860024 0.4062327
-0.3987595 -0.5476882 1.798325 0.05697623 0.2159491
-0.384378 -0.5186024 1.617923 0.0903036 0.2416286
-0.2858829 -0.4995686 1.581141 0.204416 0.2355126
-0.2694598 -0.5314307 1.20212 0.3228989 0.3772878
-0.270808 -0.5231879 0.9404733 0.4242891 0.5014127
-0.2301335 -0.4488289 1.618904 0.254348 0.193225
-0.3953539 -0.5473659 1.609212 0.08312023 0.2613063
-0.159254 -0.4430988 1.569402 0.343561 0.1989579
-0.1415052 -0.434961 1.57652 0.3607001 0.1916047
-0.1596197 -0.5022318 1.298802 0.428407 0.3136938
-0.1696348 -0.4356225 1.603912 0.3229783 0.1865749
-0.4208976 -0.5701719 1.783338 0.03906959 0.2323302
-0.3727299 -0.521663 1.616576 0.103965 0.2432939
-0.1299224 -0.4709987 1.29857 0.4661247 0.2915164
-0.2745391 -0.4701942 1.344572 0.271611 0.2848397
-0.186837 -0.4345901 1.623227 0.2995541 0.1820696
-0.278773 -0.523289 1.649269 0.2006528 0.2322546
-0.1112748 -0.4161802 1.572117 0.3947261 0.1798185
-0.308837 -0.4790867 1.359374 0.2246116 0.2880422
-0.2495795 -0.4964338 1.331443 0.3076834 0.3049519
-0.2906963 -0.5368669 1.142622 0.3138014 0.4083853
-0.2175833 -0.5296941 1.579758 0.280237 0.2507136
-0.2318418 -0.5526106 1.09742 0.4111165 0.4328731
-0.2821994 -0.4749404 1.339833 0.2633885 0.2900735
-0.1676936 -0.452365 1.326748 0.4105799 0.27221
-0.4341059 -0.5602708 1.339784 0.07620272 0.3561258
0.009635031 -0.3392054 1.477806 0.5661573 0.1465389
-0.302926 -0.6772838 1.000596 0.3477045 0.5664643
-0.577589 -0.6763904 1.176605 -0.07892162 0.5112508
-0.2070637 -0.484557 1.620035 0.2803269 0.2139171
-0.2900245 -0.5261217 1.336538 0.2571709 0.3249979
-0.4122338 -0.5678765 1.558483 0.07360959 0.2880296
-0.3616217 -0.5157973 1.535832 0.128336 0.2608908
-0.4411101 -0.6645381 1.079016 0.1290748 0.5366268
0.06635725 -0.532382 1.441066 0.6152962 0.27555
-0.2112369 -0.4466974 1.629675 0.2722077 0.1888537
-0.3432752 -0.5379767 1.11781 0.247056 0.4263338
-0.3967188 -0.5339373 1.554689 0.08708584 0.2683275
-0.1972155 -0.4587045 1.344986 0.3678869 0.2723803
-0.2820513 -0.5442981 1.138773 0.3271756 0.4140443
-0.1771057 -0.495535 1.597031 0.3177207 0.2248331
-0.1794008 -0.5244704 1.282732 0.4094181 0.3347741
-0.1215486 -0.4727239 1.584944 0.3789422 0.2121342
-0.1133195 -0.4697448 1.302182 0.4846958 0.2884684
-0.1752819 -0.493191 1.306794 0.4069791 0.3062236
-0.2146363 -0.4892171 1.315433 0.3559023 0.3033338
-0.09611741 -0.428139 1.569694 0.4112739 0.1874935
-0.1653394 -0.5289679 1.280232 0.4270618 0.3374318
-0.251604 -0.5230183 1.091691 0.3870519 0.4183841
-0.2675711 -0.6549222 0.8639967 0.4567092 0.6321867
-0.5712927 -1.063638 1.160969 0.0166606 0.6928823
-0.4283273 -0.5815432 1.755657 0.03582364 0.2451881
-0.06379762 -0.5786257 1.299231 0.5322919 0.353066
-0.08578855 -0.465441 1.277841 0.5282055 0.2919084
-0.3016933 -0.5377865 1.145182 0.2977137 0.4089941
-0.1480426 -0.5310777 1.209462 0.4753704 0.3634816
-0.007491916 -0.6158078 1.206702 0.6291896 0.4026902
-0.57478 -0.7806152 1.173075 -0.04739082 0.5678913
-0.1285759 -0.4584293 1.569484 0.3762656 0.2073922
-0.2055158 -0.4474216 1.61953 0.2807826 0.1914396
-0.2476966 -0.527625 1.315455 0.3154359 0.3302433
-0.3103712 -0.5500689 0.9928679 0.3392813 0.4950292
-0.3191536 -0.5459369 1.160761 0.268995 0.4091702
0.00823918 -0.6036284 1.223822 0.6402571 0.3882033
-0.1864758 -0.4504205 1.607653 0.3042292 0.1954293
-0.2621115 -0.6541011 0.8582857 0.467793 0.6345478
-0.1182273 -0.449409 1.375526 0.4519277 0.2526047
-0.1401845 -0.4663611 1.303353 0.4521601 0.2875099
-0.2216425 -0.6423514 0.8394932 0.5398197 0.6328715
-0.220908 -0.6441886 0.839791 0.5404808 0.6335698
-0.1525314 -0.4889585 1.294638 0.4391927 0.3060672
-0.000390023 -0.626294 1.25966 0.6112077 0.3885656
-0.2660099 -0.659751 0.8866568 0.4478773 0.6195434
-0.4120825 -0.6507971 1.078869 0.1690149 0.5247093
-0.1179366 -0.550811 1.220495 0.5055491 0.3690156
-0.2598121 -0.6456612 0.8317351 0.4856296 0.6477804
-0.245071 -0.6468779 0.8153478 0.5169923 0.6571748
-0.06401607 -0.6206014 1.192205 0.5723189 0.4160064
-0.1523997 -0.467465 1.304264 0.4368938 0.288705
-0.2588543 -0.5427681 1.158618 0.3518143 0.4018972
-0.2798362 -0.5400051 1.16163 0.32244 0.4009173
-0.007504106 -0.6342248 1.20406 0.6274545 0.413842
-0.3461261 -0.5622243 1.222421 0.2164858 0.3957391
-0.3371841 -0.5456347 1.11872 0.2561119 0.4302625
-0.3566687 -0.5286448 1.315211 0.1776409 0.3391095
-0.08264589 -0.530889 1.266945 0.5294405 0.3371945
-0.192722 -0.558163 1.266387 0.3979612 0.3625202
-0.2583563 -0.659886 0.8142793 0.4954853 0.6680072
-0.1787478 -0.4469039 1.602558 0.3137351 0.1941884
-0.2232588 -0.5522118 1.233836 0.3718106 0.3737229
-0.2749802 -0.5154331 1.675943 0.1990506 0.2212611
0.1767801 -0.5966074 1.424455 0.71734 0.3093858
-0.0890139 -0.4673973 1.276958 0.5245208 0.2937039
-0.148973 -0.4787506 1.290452 0.4456925 0.3005658
0.1324067 -0.6056228 1.351576 0.706986 0.3378268
0.1298044 -0.6032315 1.348557 0.7063119 0.3376307
-0.4150007 -0.5518519 1.082486 0.1506456 0.4618936
0.01832962 -0.3687835 1.468542 0.5758928 0.1688405
0.01778883 -0.3677512 1.466727 0.5762154 0.168578
0.06050867 -0.5349059 1.426976 0.6149998 0.2811397
0.0107705 -0.6201469 1.217526 0.6431877 0.3994904
-0.2691102 -0.6338281 0.9137394 0.4325727 0.5879204
-0.0604493 -0.635765 1.16564 0.5862 0.4346902
-0.2796235 -0.5323225 0.9681487 0.3972631 0.4927278
-0.2206887 -0.6475502 0.8311577 0.5451321 0.6413916
-0.5767636 -0.7708086 1.180879 -0.05306059 0.5593268
-0.3370205 -0.5801263 1.258335 0.2210246 0.3913348
-0.06044319 -0.6409713 1.185753 0.5764971 0.4294996
-0.08135808 -0.6441916 1.161158 0.5632999 0.4432402
-0.2080429 -0.4375592 1.640299 0.2727925 0.1807138
0.04257369 -0.3759556 1.456212 0.6064699 0.1758965
-0.03047124 -0.641182 1.145033 0.6288066 0.4431136
-0.3889931 -0.5279523 1.349482 0.1286179 0.3287587
-0.5782378 -0.6725162 1.188683 -0.08163381 0.5031038
-0.090765 -0.4860052 1.38715 0.476495 0.2712554
-0.2568251 -0.4438688 0.9654073 0.4398142 0.4266006
-0.2766778 -0.6635143 0.8760522 0.4367199 0.6306353
-0.2777759 -0.6659024 0.8765568 0.4346937 0.6318346
-0.3488858 -0.5409065 1.170398 0.2244162 0.4046984
-0.2224934 -0.6698854 0.9252628 0.4910634 0.5933564
-0.2704753 -0.6662436 0.8339249 0.4661233 0.6599134
0.1979334 -0.4186433 1.461713 0.7550246 0.1973469
0.06514299 -0.2197312 1.443741 0.6641012 0.06295204
-0.03478605 -0.6466085 1.187513 0.6033654 0.4294513
-0.3586006 -0.5533878 1.545438 0.1346532 0.2804639
-0.1222031 -0.4394595 1.385478 0.4441945 0.2433084
-0.3998183 -0.5515233 1.237006 0.1390198 0.3879906
-0.2389319 -0.5561518 0.9237132 0.4794354 0.5286738
-0.05839676 -0.5999224 1.1858 0.5843896 0.4062591
-0.2368639 -0.5516669 1.591469 0.2581916 0.2610954
-0.2349457 -0.5548683 1.597414 0.2590377 0.2612778
-0.0775122 -0.4580848 1.362174 0.5034082 0.2601383
-0.01111016 -0.6427799 1.212883 0.6181974 0.4154745
-0.3114001 -0.6729732 0.9960002 0.3375194 0.5679849
-0.06143641 -0.6458256 1.113637 0.6078276 0.4621273
-0.4207345 -0.5443516 1.803643 0.03341419 0.2136708
-0.2459477 -0.5497112 1.599542 0.246826 0.2583245
-0.4296904 -0.5386505 1.814667 0.02228045 0.2084071
-0.4515094 -0.6659847 1.090363 0.1120445 0.5328475
-0.4463606 -0.7669826 1.066447 0.1388236 0.5987641
-0.4464961 -0.7692513 1.068481 0.1385407 0.5987946
-0.4387231 -0.767534 1.075918 0.1473269 0.5927156
-0.3780986 -0.5512392 1.246963 0.1665627 0.3816864
-0.2250762 -0.5275526 1.299749 0.3480229 0.3340649
-0.06175804 -0.6524054 1.102139 0.6119455 0.4707934
-0.3180766 -0.579035 0.8262597 0.3992726 0.6238496
-0.236756 -0.6397536 0.7806492 0.5509404 0.6771177
-0.3238201 -0.5638201 0.9736532 0.3261299 0.5171852
-0.1351147 -0.6047342 1.049299 0.5554692 0.4764908
-0.2747064 -0.5326651 1.305044 0.285096 0.3390982
-0.2406944 -0.4723198 1.336664 0.3166721 0.2867687
0.1311661 -0.5466999 1.234726 0.7769408 0.3422787
-0.3935175 -0.5669853 0.7846537 0.2832302 0.6664705
-0.1357289 -0.6689822 0.8938971 0.6261727 0.5972382
0.1505041 -0.6201795 1.223953 0.7847954 0.3857489
-0.1001581 -0.6110442 1.110325 0.5687836 0.4480989
-0.3408358 -0.5585463 1.537511 0.1565926 0.2847701
-0.5995955 -0.7811459 1.171683 -0.0810371 0.5723277
-0.3667201 -0.5597791 1.273383 0.1769371 0.3754972
-0.05000171 -0.5756065 1.285277 0.553475 0.3550766
0.05580044 -0.5832466 1.394117 0.6172705 0.3177611
-0.3397417 -0.5510427 1.512489 0.1615215 0.2875185
0.1534636 -0.606391 1.212622 0.7972244 0.3819788
-0.4048885 -0.5821597 0.8048215 0.2550197 0.6620983
-0.1573212 -0.5522854 1.28225 0.4347014 0.3504355
-0.2322969 -0.6445922 0.8302102 0.5286078 0.6426926
-0.2817273 -0.6298447 0.9158992 0.4130641 0.5864208
-0.1465451 -0.5512907 1.274082 0.4504409 0.3519191
-0.2471829 -0.5262923 0.9715316 0.445806 0.4819661
-0.2484083 -0.643559 0.8268546 0.5060059 0.6477306
0.1322113 -0.6155111 1.172847 0.7951199 0.4030504
0.148241 -0.5878596 1.221927 0.7914402 0.3689024
0.1298525 -0.6229873 1.209908 0.7707701 0.3938606
0.1377672 -0.6179473 1.234145 0.7671998 0.3820151
-0.06890956 -0.535859 1.264959 0.5455196 0.3399225
-0.02715951 -0.5716847 1.30799 0.5692569 0.3435094
0.2299763 -0.4280618 1.485882 0.7717634 0.1965121
0.01622283 -0.3488507 1.471529 0.5748761 0.1545268
0.1821524 -0.437989 1.427945 0.7522627 0.2179989
0.0343821 -0.5374264 1.422827 0.5901943 0.2850927
0.1621605 -0.6023973 1.201313 0.8132756 0.3830692
-0.4226174 -0.5967131 0.7733041 0.2351817 0.7023374
0.09343898 -0.5946201 1.062013 0.8245133 0.4390634
0.1005293 -0.5835886 1.114799 0.8032153 0.4101892
0.1363717 -0.5865846 1.135801 0.8285996 0.4004494
0.02231783 -0.6422855 1.210705 0.6549551 0.4130734
-0.01454777 -0.6242429 1.214836 0.6164221 0.4049309
-0.2347188 -0.6518776 0.8791742 0.4981813 0.6142488
-0.2237123 -0.441852 1.651348 0.2536685 0.1813661
-0.3758975 -0.5351864 1.121578 0.1978873 0.4264035
-0.378518 -0.5609527 1.23305 0.1701781 0.3936119
0.05119836 -0.5080903 1.448 0.6006248 0.2604301
-0.07065994 -0.5892301 1.19578 0.5672624 0.3972978
-0.236633 -0.5531413 0.9365884 0.4766824 0.5185978
-0.2686163 -0.4589542 1.376551 0.2698101 0.2666634
-0.3781361 -0.5436969 1.18154 0.1805608 0.4046024
-0.1589996 -0.524712 1.294456 0.4296493 0.3293406
-0.2146506 -0.5604521 1.283661 0.3656981 0.3593341
-0.2443626 -0.4573199 0.9553056 0.4642037 0.4409865
0.08273524 -0.5797898 1.080078 0.8055098 0.4238673
-0.1608779 -0.6622298 0.9935615 0.5417498 0.5410565
-0.2350448 -0.6628119 0.7608181 0.5616534 0.7048398
0.06829506 -0.6636164 1.235018 0.6873296 0.4115108
-0.1780495 -0.6587762 0.7375039 0.6661412 0.7077398
-0.4094805 -0.6139994 0.8077856 0.2482782 0.6803938
-0.2395386 -0.6667117 0.7576564 0.5558316 0.710477
-0.2566394 -0.6646081 0.7667075 0.5238421 0.7061969
-0.2766676 -0.6148815 0.9852415 0.3915715 0.5352458
0.2299217 -0.4312802 1.46187 0.7829916 0.2040113
-0.0005880296 -0.5144889 1.414032 0.56069 0.276065
0.01062265 -0.5553528 1.401127 0.5726441 0.3028127
-0.2014827 -0.4797108 1.305018 0.375782 0.299731
-0.1821396 -0.5987588 0.9729697 0.5317571 0.5184311
-0.385334 -0.4534721 0.6725097 0.3535776 0.6912558
-0.2429711 -0.5552212 1.3097 0.3233907 0.3489856
-0.2195313 -0.4545346 1.333768 0.3438908 0.27446
-0.4403306 -0.601728 0.7553016 0.2083464 0.7262703
-0.4252716 -0.5989263 0.7533094 0.2379058 0.7222962
-0.4383707 -0.6170071 0.7474992 0.2168652 0.7419716
0.05156243 -0.6109232 1.304254 0.6476043 0.3610613
-0.2941085 -0.6626087 0.993651 0.3625919 0.5608602
-0.3742222 -0.5698087 0.8171294 0.3051981 0.6371874
-0.05774987 -0.6451519 1.135056 0.6020132 0.4522235
0.03180754 -0.6300172 1.229704 0.6581513 0.3986617
-0.1708335 -0.667659 0.8597759 0.5977724 0.6239301
-0.06818205 -0.6069168 1.245726 0.5463194 0.3884075
0.1074277 -0.6140109 1.043985 0.845734 0.4564505
-0.2639126 -0.5272235 0.9256361 0.4421741 0.5121034
-0.4483189 -0.6662735 0.8356131 0.1769111 0.6973722
0.09096944 -0.6649839 1.371855 0.6486765 0.3650969
-0.3869604 -0.4359232 0.6685358 0.3522786 0.6820889
-0.4118763 -0.5601634 1.344499 0.1043898 0.3525539
-0.429335 -0.6325765 0.7444775 0.2369466 0.7511848
-0.2764571 -0.5275331 0.9450455 0.4129632 0.502545
-0.2767143 -0.5284317 1.190329 0.3169976 0.3808714
-0.4943484 -0.6599553 0.7880006 0.105862 0.7448745
0.1352781 -0.6629702 1.009823 0.8829184 0.4953759
-0.2401002 -0.6544645 0.7386808 0.5687486 0.7192171
-0.2758285 -0.5422117 1.181795 0.3212319 0.3932943
-0.5820814 -0.7710041 1.200177 -0.06150079 0.5505363
-0.242969 -0.6507577 0.7403943 0.5637224 0.716485
0.09573734 -0.6272305 1.079414 0.8071108 0.4498712
-0.2506779 -0.5527137 0.9184437 0.4643952 0.5315458
-0.3525096 -0.5771327 0.8352187 0.3359725 0.623217
-0.245298 -0.6529879 0.9628533 0.4435827 0.5654479
-0.2461261 -0.6462622 0.8410589 0.5015736 0.6388283
0.3964418 -0.5915291 1.304959 0.9775177 0.327915
0.3892623 -0.5625941 1.295723 0.9859575 0.3156083
0.358879 -0.4273119 1.373256 0.955108 0.2183062
0.1941422 -0.5702565 1.195563 0.8578118 0.3645999
0.3655337 -0.5447427 1.292712 0.972195 0.3080788
0.3743709 -0.459164 1.334404 0.9829867 0.2468451
0.1477652 -0.6019406 1.138943 0.8344427 0.406915
0.3780297 -0.5873435 1.304721 0.9627504 0.3268842
0.3771971 -0.4235362 1.386019 0.9655462 0.2122103
0.1927938 -0.6102237 1.165052 0.8629627 0.3978635
0.3856549 -0.5709274 1.307664 0.9729288 0.3168627
0.3772104 -0.5046934 1.304293 0.9890229 0.2815515
0.2069099 -0.4251345 1.430477 0.7781724 0.208515
0.1688886 -0.59283 1.441021 0.7034488 0.3032992
-0.2568686 -0.6489115 0.8791947 0.4658442 0.6166258
0.1201112 -0.591456 1.031198 0.8754857 0.447776
-0.3934272 -0.4348279 0.6253514 0.3646083 0.734566
-0.4114246 -0.4200237 0.6136927 0.3254027 0.7444726
0.1927447 -0.5796897 1.078294 0.9273999 0.4138596
-0.1716234 -0.6146577 0.9962575 0.532385 0.5139155
-0.3787565 -0.4300478 0.6761943 0.3671032 0.6661446
-0.2867059 -0.5014883 0.9564459 0.3924913 0.4790717
0.1037897 -0.5949246 1.095173 0.8154615 0.424327
-0.1542206 -0.4527271 1.575423 0.3473238 0.2033502
-0.489221 -0.6720162 0.7525377 0.1270044 0.7820857
-0.4473131 -0.6632232 0.731665 0.2111416 0.7850099
-0.4535284 -0.6708558 0.7317115 0.2004238 0.7907786
-0.4020916 -0.5773235 0.8183242 0.2545976 0.6474118
-0.5790079 -1.067159 1.17913 0.006764382 0.6862245
0.1963232 -0.5627514 1.427473 0.7403814 0.2895004
-0.2200948 -0.6488028 0.8035499 0.5616953 0.6615846
-0.1731867 -0.6510296 0.7746239 0.6502879 0.6740636
-0.2457118 -0.4957931 1.302926 0.3211014 0.3140477
-0.2351038 -0.4947051 1.629127 0.2490629 0.2187847
-0.3072881 -0.5134597 0.9511819 0.3613185 0.4938295
-0.1414253 -0.6526693 1.023902 0.5532553 0.5173939
-0.4374507 -0.5338419 1.24386 0.08232468 0.3771731
-0.002466857 -0.3409066 1.483048 0.5503747 0.1468304
-0.2472055 -0.6507847 0.8925514 0.4734231 0.6072588
0.1878518 -0.5264325 1.478837 0.7160361 0.2567185
0.1769068 -0.5656567 1.423664 0.7235467 0.2931004
-0.2999462 -0.6728793 1.015778 0.3463903 0.555134
-0.08750063 -0.5284709 1.270686 0.522513 0.334759
-0.4125179 -0.4455068 0.656644 0.2974001 0.7120628
-0.2771167 -0.5801437 0.9930749 0.3887411 0.5095281
-0.1119497 -0.5852301 1.179011 0.5268128 0.4053358
-0.263929 -0.5001761 1.583567 0.2281169 0.2343534
-0.48966 -0.6640569 0.792527 0.1143118 0.7419285
0.1952274 -0.5070906 1.490761 0.7210521 0.2426843
-0.1546581 -0.4733169 1.391036 0.4029494 0.2654637
-0.2670435 -0.5703158 0.946375 0.4245673 0.5286907
-0.06118393 -0.6044384 1.271807 0.5435274 0.3770492
-0.2844605 -0.553301 1.029553 0.3637654 0.4734831
-0.370526 -0.5386095 1.202608 0.1856751 0.3913296
0.1245281 -0.5387236 1.224855 0.7773768 0.3413937
-0.4418557 -0.5212014 1.276539 0.06853569 0.3559012
-0.2241415 -0.6707267 0.7532237 0.5819036 0.712528
-0.2943311 -0.5405509 1.017257 0.3540487 0.4729493
-0.2662346 -0.6197436 0.9866453 0.4057433 0.5357922
-0.2230639 -0.6515235 0.7822634 0.5693408 0.6794745
-0.1690914 -0.554059 1.180881 0.4591728 0.3910288
-0.2193127 -0.5587628 0.9358424 0.5024754 0.5200166
-0.3764246 -0.4363104 0.6390893 0.3974651 0.7127933
-0.2311263 -0.4817525 0.9527136 0.4842135 0.4588739
-0.369236 -0.4493468 0.6136444 0.4326835 0.7515415
-0.2355087 -0.6304848 0.9347823 0.4719474 0.5674149
-0.133411 -0.6083586 1.059907 0.5520099 0.4733424
-0.184495 -0.6557279 0.972108 0.5219029 0.5524742
-0.3177274 -0.6050943 0.8558518 0.3849147 0.6184528
-0.2588629 -0.4491822 0.9802947 0.4286488 0.4227455
-0.1685071 -0.6755969 0.9917624 0.5310965 0.5504405
0.1296088 -0.6752397 1.01397 0.8701905 0.500634
0.1572611 -0.6691468 1.015833 0.9006255 0.4933885
