-0.5374293 0.01466687 0.1680741 
0.99946 1
0.99946 0
0.0005400776 1
0.0005400777 0
430
-0.2290694 -0.4688343 0.9304948 0.5371829 0.297685
0.340768 -0.6443921 1.148939 1.003488 0.2829647
0.1648782 -0.5913787 1.166036 0.8470357 0.260718
0.1424541 -0.5776786 1.21068 0.8058385 0.2412909
0.1320891 -0.6534842 1.001022 0.8885932 0.3527606
0.1482718 -0.6147002 1.220656 0.7982033 0.2588624
0.128823 -0.5365534 1.228792 0.7928542 0.2128841
0.1166185 -0.5842642 1.023448 0.8800091 0.3064749
0.09029877 -0.5882142 1.054654 0.8332743 0.3001018
0.08304858 -0.5763912 1.076019 0.8169209 0.2863808
0.05988741 -0.5306476 1.421333 0.6423487 0.1641935
-0.0105204 -0.6202344 1.175315 0.6625389 0.2864941
-0.0289456 -0.5669719 1.298641 0.5998625 0.2207564
-0.05338129 -0.5581505 1.301034 0.5752062 0.2163275
-0.08331129 -0.6303902 1.1273 0.6057829 0.3136979
-0.1441916 -0.4730742 1.565157 0.4020754 0.1063682
-0.1429712 -0.4613061 1.289163 0.491865 0.1633133
-0.1995274 -0.4918888 1.296487 0.4245739 0.1845945
-0.2477215 -0.471296 1.337525 0.3571283 0.1623634
-0.2296486 -0.49678 0.9138467 0.5416229 0.3257732
-0.2373219 -0.5507848 0.916029 0.5244444 0.3632076
-0.3215107 -0.5989866 0.9862328 0.3818509 0.3723277
-0.191343 -0.6447806 0.2467954 1.105762 0.9402696
-0.235495 -0.6442664 0.303244 0.952282 0.8855776
-0.2687451 -0.6483433 0.3385794 0.8494586 0.8575146
-0.3192405 -0.6516168 0.4839211 0.6331545 0.72436
-0.2804796 -0.6471272 0.3488993 0.8177648 0.8492299
-0.288174 -0.6614318 0.9861566 0.4239386 0.4058974
0.1676084 -0.5694051 1.058068 0.9166828 0.2816838
0.1253781 -0.6023811 1.00672 0.8936843 0.3223765
0.1271302 -0.6433828 1.005101 0.8841495 0.3461433
0.06567168 -0.6303084 1.297889 0.6833359 0.2508205
-0.04336879 -0.5689363 1.29693 0.5858091 0.2232118
-0.2753864 -0.527401 1.29206 0.3401929 0.2131397
-0.1800618 -0.6460384 0.2297223 1.149764 0.9590166
-0.2356447 -0.6502947 0.2860489 0.9682097 0.9096737
-0.06234476 -0.5910084 1.204918 0.6004607 0.2641834
-0.10623 -0.6603904 0.7949746 0.7402672 0.4731151
-0.2339317 -0.6477786 0.2944188 0.9632329 0.8974047
-0.05057397 -0.6378878 1.133531 0.6367399 0.3131449
-0.2362852 -0.6446999 0.3063013 0.9470269 0.8823172
-0.2924431 -0.6492909 0.3608208 0.7829795 0.8408335
-0.3436614 -0.6540263 0.5164023 0.5685949 0.7030043
-0.2755041 -0.6528377 0.4830862 0.708052 0.7137457
-0.3043084 -0.6485516 0.3726976 0.7501563 0.8312486
-0.3537734 -0.6507733 0.5118048 0.5545632 0.7080528
-0.3053173 -0.6468992 0.3547939 0.76534 0.8513217
-0.3174951 -0.6526132 0.3881879 0.7105504 0.8205358
-0.3312068 -0.6533462 0.4005219 0.6745816 0.8120977
-0.2665296 -0.6501604 0.3393659 0.8518874 0.8566
-0.2568319 -0.6478195 0.3017476 0.9115001 0.8973305
-0.333223 -0.6511369 0.3834489 0.6855279 0.8305208
-0.3424545 -0.5966108 0.5219787 0.5768957 0.6650947
-0.1719064 -0.6582741 0.5602273 0.8102444 0.6285704
-0.2101896 -0.6472832 0.2829255 1.021754 0.9021693
-0.3401408 -0.6543674 0.4108372 0.6494985 0.8044949
-0.3323682 -0.4115328 0.5674046 0.6008217 0.4854043
-0.4019355 -0.5575835 1.626709 0.1374553 0.1526859
-0.2889791 -0.6538539 0.3624293 0.7860161 0.8398833
-0.3563219 -0.6558001 0.4245424 0.6087413 0.795999
-0.2392782 -0.5116004 1.620782 0.2960049 0.1212177
-0.241766 -0.5088857 1.611586 0.2954461 0.1216022
-0.338495 -0.6597294 0.5217049 0.5730811 0.7000489
-0.3675304 -0.6545825 0.4205631 0.5909789 0.8032773
-0.3246554 -0.654986 0.4829761 0.6236765 0.728517
-0.06278023 -0.6169183 1.188101 0.6037979 0.2843946
-0.2873743 -0.6462509 0.3298095 0.8241634 0.8739997
-0.3132603 -0.6538423 0.3874842 0.7185965 0.8204456
-0.4247385 -0.6568803 0.5661272 0.3999847 0.6825309
0.1445675 -0.5935451 1.194619 0.8122505 0.2548419
-0.3266303 -0.6071969 0.9885495 0.3744524 0.3769751
-0.2496844 -0.6473746 0.3075674 0.9188147 0.887112
-0.1144398 -0.4718015 1.552956 0.4347648 0.1071123
-0.3449667 -0.4394875 0.5272391 0.6007538 0.5487438
-0.4435399 -0.6606305 0.648698 0.331535 0.6231571
-0.4453437 -0.657429 0.6461588 0.3293765 0.6236526
-0.3104966 -0.649487 0.3555045 0.7537996 0.8535652
-0.3733556 -0.6228911 0.545409 0.5031443 0.6680672
-0.3306878 -0.6515423 0.4009059 0.6757637 0.8106416
-0.3433158 -0.5286946 1.095731 0.3150173 0.2841475
-0.2606533 -0.5242776 1.177031 0.392619 0.2459121
-0.3399668 -0.41162 0.5666248 0.5855421 0.4879188
-0.3517351 -0.6554236 0.4242325 0.6175522 0.7946544
-0.4194859 -0.6623716 0.4897775 0.4491597 0.7531744
-0.431686 -0.6543987 0.4970057 0.4229948 0.7456819
-0.1637861 -0.4542604 1.327771 0.4550962 0.1494308
-0.1659624 -0.4518161 1.324576 0.4538522 0.1487051
-0.432426 -0.655398 0.4831254 0.4291748 0.759976
-0.4467297 -0.6637403 0.5178156 0.3844604 0.7351354
-0.1151315 -0.66434 0.5475001 0.9009177 0.6290119
-0.09705216 -0.6023067 1.120308 0.597354 0.3009892
-0.2694496 -0.5774462 0.9875839 0.4493904 0.3525048
-0.4589734 -0.6562946 0.5206313 0.3603978 0.7320852
-0.3845727 -0.6550243 0.4549871 0.5353511 0.7732437
-0.4586806 -0.6616549 0.5116737 0.3654176 0.7432734
-0.3749041 -0.6481286 0.4155925 0.5819128 0.8079371
-0.2857106 -0.6550848 0.4823637 0.6907622 0.7183577
0.1799202 -0.4357287 1.437629 0.7631188 0.09889269
-0.4858584 -0.6719763 0.7312456 0.2348416 0.5796596
-0.4149236 -0.6617767 0.4887094 0.4581585 0.7525567
-0.4126429 -0.6544862 0.4558404 0.4823654 0.7808979
0.1838815 -0.5619614 1.428869 0.7470471 0.1747364
-0.3552177 -0.4326353 0.5259864 0.5814802 0.5467749
-0.2403696 -0.6520885 0.8867886 0.5244465 0.440488
-0.3693025 -0.617655 0.5342629 0.5176487 0.6737155
-0.3307722 -0.6528906 0.5201381 0.5883873 0.6957258
0.3517078 -0.5218942 1.29371 0.9701539 0.1760468
0.388485 -0.5793393 1.295965 0.9834077 0.2059269
0.3873762 -0.5842514 1.273298 0.9932792 0.2142585
0.3698046 -0.5143245 1.293236 0.9887172 0.1709322
-0.3557966 -0.5636433 0.523244 0.5572084 0.6469972
-0.4572544 -0.6655782 0.5067717 0.3705507 0.7495577
-0.3665832 -0.6465964 0.2782624 0.7154812 0.9752475
0.1060951 -0.6338629 1.03204 0.849991 0.3329794
-0.1634734 -0.6530369 0.3020272 1.078525 0.8636606
-0.1681414 -0.6453226 0.3009999 1.077259 0.8631762
-0.3799092 -0.5467692 1.185679 0.2448627 0.2666414
-0.375221 -0.5531836 1.237445 0.2387675 0.2530219
0.1867806 -0.5728503 1.070772 0.9273772 0.2781122
0.3966854 -0.5611179 1.305067 0.9909477 0.1933592
-0.007989049 -0.6020448 1.260583 0.6316957 0.2503096
0.3737647 -0.5788841 1.300887 0.9684013 0.2052152
0.3763674 -0.4077526 1.362745 0.9889171 0.09032995
-0.2457989 -0.5571307 0.9189776 0.5110775 0.3670527
-0.2447876 -0.5565073 0.9163947 0.5136821 0.3677112
-0.3731558 -0.5383822 1.116491 0.2707489 0.2854389
-0.4605362 -0.6487658 0.5230365 0.3560691 0.7262689
-0.352711 -0.5371119 0.6219603 0.5030361 0.5459647
-0.3357798 -0.4404465 0.5141528 0.6310973 0.5594025
0.1553647 -0.5686337 1.184505 0.8338605 0.2427949
-0.04743955 -0.6145703 1.211721 0.610259 0.2745749
-0.3316591 -0.6516412 0.3120628 0.7526824 0.9159974
-0.3295632 -0.6548425 0.3114923 0.7561091 0.9171679
-0.3027819 -0.6482748 0.9686075 0.4122124 0.4077598
-0.2127109 -0.66075 0.9413642 0.5342848 0.4166362
-0.3175456 -0.6481939 0.2683911 0.8279474 0.9674411
-0.221772 -0.5137901 1.618676 0.3136215 0.122327
0.006125569 -0.5984378 1.216712 0.6647227 0.2602162
0.3901107 -0.5602425 1.22322 1.031761 0.2136033
0.1139982 -0.5881066 1.101222 0.8320758 0.2826152
-0.249479 -0.5306198 1.303923 0.3661683 0.2101831
-0.3954123 -0.505757 0.5882483 0.4461651 0.5600279
-0.04347229 -0.5311978 1.318729 0.5812345 0.1948899
-0.4684536 -0.6501983 0.3753309 0.4203936 0.8900894
-0.4596756 -0.6550568 0.3623531 0.4470512 0.9050616
-0.487971 -0.662527 0.7847102 0.214506 0.5399838
0.397397 -0.5027872 1.31128 1.006351 0.1587757
0.1543441 -0.6631591 1.010285 0.9027427 0.3526453
-0.3434786 -0.6515799 0.2952529 0.7451537 0.9431489
0.4483024 -0.5689223 1.355078 1.00472 0.1835632
-0.05225804 -0.6377448 1.171133 0.6190863 0.3007553
0.3885497 -0.58805 1.146563 1.066695 0.2500479
0.382229 -0.5838907 1.140163 1.066538 0.2499429
-0.178392 -0.6566526 0.3602094 0.9831678 0.8061194
-0.4071653 -0.5365926 1.630728 0.1287214 0.1398664
-0.5011963 -0.6585572 0.5454004 0.2712427 0.7221372
-0.3817051 -0.6544209 0.4164406 0.5671407 0.8123533
0.3758191 -0.5456206 1.302634 0.9791092 0.1863154
0.1248095 -0.6120204 1.210079 0.7816282 0.2619624
-0.2717451 -0.6501749 0.3206546 0.8614098 0.8808349
-0.3976038 -0.6183774 0.5861486 0.4381059 0.6371545
0.373736 -0.4276341 1.30959 1.01106 0.1142691
-0.4778327 -0.6545431 0.4951275 0.3368493 0.7614219
-0.3032063 -0.6500894 0.2855248 0.8374921 0.9383411
0.409128 -0.5565317 1.207713 1.058941 0.2145133
0.3692502 -0.5788597 1.145548 1.053376 0.2463962
-0.2211688 -0.6489137 0.3114243 0.9665679 0.87219
-0.2525636 -0.5444083 1.164665 0.4063976 0.2625048
-0.3811747 -0.545971 1.544116 0.1702807 0.1638929
-0.3814465 -0.5471326 1.543658 0.1702127 0.1646988
-0.0155524 -0.6387138 1.160638 0.6610014 0.3018926
-0.4480385 -0.6541488 0.6098323 0.3396536 0.6506546
-0.4603038 -0.6601219 0.4304369 0.4045709 0.8265306
-0.4613196 -0.6553639 0.429424 0.4031532 0.8257599
-0.4385455 -0.6605628 1.067784 0.2114654 0.3869907
0.3746729 -0.5086633 1.313438 0.983467 0.1626848
0.4855374 -0.5641224 1.31829 1.056727 0.1877163
-0.1837436 -0.6468542 0.2573981 1.103983 0.9238851
-0.387891 -0.4455177 0.6531255 0.4255993 0.4591444
-0.4014272 -0.6002387 0.5842215 0.4330535 0.6287059
-0.3723738 -0.4287002 0.6044545 0.4878429 0.4790789
-0.2597695 -0.5685707 0.9443468 0.4803186 0.3646383
-0.4100182 -0.6525564 0.59071 0.413422 0.6561149
-0.507935 -0.6646832 0.5755681 0.2481936 0.7001195
-0.2516768 -0.6491195 0.3237112 0.8964354 0.8690846
-0.1367077 -0.5723562 1.154685 0.5424221 0.2745356
-0.03548098 -0.6314511 1.138793 0.6511306 0.306569
-0.3409493 -0.6585866 0.5067511 0.5787236 0.7132798
0.4861493 -0.5661068 1.287665 1.073968 0.1959486
-0.2596431 -0.649632 0.3306471 0.8739717 0.8640572
0.38621 -0.5071392 1.318686 0.9910845 0.1600913
-0.1998572 -0.5385347 0.9486123 0.5600393 0.336373
-0.1595581 -0.6497796 0.2550324 1.149162 0.918165
-0.163458 -0.6510274 0.2968244 1.086507 0.8688713
-0.7013974 -1.186168 1.275947 -0.01545548 0.5605673
-0.2810206 -0.5487409 1.135073 0.3818903 0.2777603
-0.4969682 -0.6534691 0.5419105 0.279958 0.7214651
-0.2698942 -0.655382 0.3193244 0.8636099 0.8839755
-0.3619611 -0.5166703 0.5171477 0.557694 0.6225975
-0.4340407 -0.6546506 0.5012126 0.4163673 0.742458
-0.4171907 -0.663009 0.4767261 0.4607805 0.7655532
0.07411891 -0.6669698 1.240715 0.7094344 0.2859453
-0.3368462 -0.5308577 1.084995 0.3269156 0.289113
0.145445 -0.574922 1.02806 0.9102653 0.2969054
-0.459606 -0.662506 0.7062512 0.2838877 0.5861686
0.1090126 -0.6104712 1.042534 0.8534983 0.3157455
-0.1569988 -0.6486343 0.3098037 1.083531 0.8503718
-0.4148767 -0.4278628 0.6078865 0.397334 0.4850171
-0.5209658 -0.6592436 0.5899925 0.2185606 0.6880226
-0.3223408 -0.6573889 0.3714901 0.7142133 0.8430558
-0.3267812 -0.6612715 0.4803826 0.6204371 0.7347818
-0.195998 -0.4553772 1.340537 0.4147105 0.1484051
0.3865767 -0.4069918 1.351338 1.004967 0.09185106
-0.4184107 -0.4659857 0.6317239 0.3771258 0.4988973
-0.4885406 -0.6554193 0.4063299 0.360179 0.862236
-0.4193467 -0.5833004 0.6194461 0.3833709 0.5937471
-0.4207412 -0.5811199 0.6192675 0.380931 0.5928033
-0.4015777 -0.5522928 1.764289 0.1182463 0.1211996
-0.4020191 -0.5490968 1.756302 0.118427 0.1209916
-0.3479576 -0.6576651 0.3854836 0.6540281 0.8364347
-0.01797444 -0.5710713 1.283291 0.6164804 0.2267421
-0.2068069 -0.6404347 0.2760684 1.04159 0.9066579
-0.2433462 -0.6491089 0.3159484 0.9203914 0.8752306
-0.3986358 -0.5716877 0.5818433 0.4405395 0.6119803
-0.4225938 -0.5552649 0.6299582 0.3719442 0.5676656
-0.4479651 -0.6570328 0.7476413 0.2874813 0.5531433
-0.270155 -0.5147187 0.9136579 0.4831511 0.3432328
-0.5765705 -0.7936447 1.203233 0.04355437 0.4174662
-0.4371766 -0.6467726 0.4761958 0.4243115 0.7639138
-0.4577092 -0.6520783 0.3761607 0.4425157 0.885627
-0.4138693 -0.6543639 0.478628 0.4664178 0.7582798
-0.4996091 -0.6639701 0.5680557 0.2660555 0.7041447
-0.1023213 -0.6629616 0.8753942 0.6990178 0.434729
-0.4033943 -0.4305362 0.596306 0.4285293 0.494394
-0.4143159 -0.6602238 0.4526611 0.4806468 0.787552
-0.4192105 -0.5968747 0.6207123 0.3831627 0.6013303
-0.4183279 -0.5995253 0.621192 0.3845175 0.6024092
-0.454258 -0.6614389 0.3644064 0.4567446 0.9029342
0.09049547 -0.6176876 1.070409 0.8172274 0.3117667
-0.3795551 -0.6529024 0.4288757 0.5627317 0.7975827
-0.3128236 -0.4365982 0.6061714 0.6037084 0.4717621
-0.4531965 -0.6452168 0.7797652 0.2675784 0.5268129
-0.4345174 -0.6585879 0.4075106 0.4696625 0.8425545
-0.4362673 -0.6503671 0.4050645 0.4683623 0.8421812
-0.001589715 -0.6329434 1.257591 0.6351646 0.2679082
-0.2561602 -0.4753284 0.9648816 0.4820669 0.2905042
-0.4336543 -0.6604237 0.6423936 0.3504784 0.6256051
-0.526342 -0.6625366 0.5655613 0.2174995 0.7127967
-0.403188 -0.6664292 0.5976822 0.4212667 0.6565735
-0.4050748 -0.6650748 0.5979315 0.418028 0.6560773
-0.04058781 -0.5864705 1.306792 0.5829856 0.2304481
-0.4238725 -0.6646269 0.6009504 0.3850552 0.6578599
-0.4376858 -0.6694789 0.6719426 0.33236 0.6098201
-0.1458817 -0.6495879 0.3106242 1.101117 0.8458979
-0.1401148 -0.6639905 0.6363682 0.797574 0.5724199
-0.4896143 -0.638587 0.4055765 0.3576326 0.8558199
-0.2914686 -0.6614981 0.5105329 0.6589411 0.6984336
-0.2936485 -0.6589661 0.5102497 0.6561473 0.6978968
-0.2968326 -0.651657 0.3411866 0.7924123 0.8663263
-0.4812621 -0.6727297 0.7982591 0.2223721 0.5363527
0.08572924 -0.6717144 1.266174 0.7086329 0.280265
-0.241991 -0.5013257 0.9836577 0.4913361 0.3001405
-0.3922555 -0.4494626 0.5938261 0.4523087 0.5101334
-0.1372945 -0.5984801 1.203452 0.5208273 0.2743254
-0.421814 -0.5430453 1.794856 0.09386432 0.1108521
-0.4063723 -0.441486 0.6071006 0.4154196 0.495595
-0.3968448 -0.5508848 1.80425 0.1174457 0.1126574
-0.151631 -0.4872296 1.593685 0.3871244 0.1093751
0.0830071 -0.5755023 1.093137 0.8077844 0.2801579
0.4214276 -0.4312389 1.354382 1.026069 0.1053969
-0.1636964 -0.6254883 0.9879807 0.576492 0.3707063
-0.2138715 -0.6578224 0.2964351 0.9915651 0.8912923
-0.2218082 -0.6545203 0.2996775 0.9753619 0.8890162
-0.2666786 -0.6298541 0.8886058 0.4912633 0.4298807
-0.2756354 -0.6532862 0.9526224 0.4523056 0.4146896
-0.2619955 -0.5247798 0.9765293 0.4660743 0.3215158
-0.5731633 -0.67916 1.174028 0.026256 0.368288
-0.3832738 -0.508333 1.585563 0.1565907 0.1319733
-0.4020922 -0.5499883 0.5739762 0.4394749 0.6051292
-0.3930832 -0.5791252 0.5778137 0.4525626 0.6187906
-0.4264711 -0.6646319 0.6262047 0.3694257 0.638669
-0.4263142 -0.650116 0.6263911 0.3692695 0.6303264
-0.4201765 -0.6313865 0.6155143 0.3843043 0.6265723
-0.3730517 -0.6552249 0.5487074 0.4985416 0.68331
-0.4178868 -0.6137986 0.614372 0.3886554 0.6164592
-0.4090113 -0.655484 0.3097933 0.5935706 0.9534027
-0.3655454 -0.5813107 0.5368664 0.5273795 0.6485386
-0.2622231 -0.6568092 0.6342247 0.6249795 0.5934283
-0.4146404 -0.6763413 0.5557467 0.4222978 0.6992108
0.2013354 -0.4180424 1.468579 0.7723207 0.08099663
-0.4588544 -0.6550538 0.3832877 0.4354938 0.8785926
-0.4662211 -0.6673667 0.678111 0.2835543 0.6101667
-0.5045888 -0.6540106 0.567588 0.255822 0.7005057
-0.1602842 -0.6592336 0.9875893 0.5767151 0.3899839
-0.1116005 -0.5794578 1.175098 0.5612603 0.2702789
0.0686121 -0.6615993 0.6171326 1.087731 0.5459653
-0.5779258 -1.060298 1.156863 0.09470963 0.5494034
-0.3734474 -0.4354184 0.6125827 0.4796385 0.4786476
-0.3471018 -0.6569064 0.4180874 0.6303858 0.8003256
-0.5564498 -0.5578431 1.924705 -0.04230899 0.09918326
-0.1649255 -0.6122355 1.038974 0.5541759 0.3425534
0.4014803 -0.5562087 1.242392 1.031858 0.2058201
0.3734115 -0.4504611 1.335534 0.9881783 0.1229267
-0.2374184 -0.6414748 0.861307 0.5409091 0.44644
-0.2126148 -0.5210106 0.9409435 0.5488722 0.3290842
-0.4219325 -0.447619 0.6300315 0.3705074 0.4857427
-0.2744618 -0.5328072 0.9685259 0.4522507 0.3317467
-0.1200934 -0.4627664 1.387965 0.4815286 0.1381626
-0.4072244 -0.6068093 0.5991901 0.4148346 0.6218652
-0.3773668 -0.6207439 0.5653751 0.4846955 0.6508268
-0.2448976 -0.5851312 0.5529611 0.7259287 0.6076212
-0.2728645 -0.5298918 1.192318 0.3730399 0.2454313
-0.237136 -0.5921258 0.8126687 0.5711288 0.4412965
-0.4535422 -0.666149 0.4933568 0.3841324 0.7617366
-0.4673542 -0.6604639 0.6003067 0.3105498 0.6665416
-0.3639917 -0.5143883 1.068762 0.2948135 0.2865389
-0.3191873 -0.40667 0.5575916 0.6378469 0.4862723
-0.4076853 -0.4730581 0.5887128 0.4228308 0.5373934
-0.2624627 -0.5273777 0.9224784 0.4890172 0.347182
-0.1068532 -0.6726973 0.9234851 0.6668919 0.4189909
-0.2044488 -0.6480857 0.6559062 0.6980835 0.5626377
-0.2569993 -0.4834267 0.9636579 0.4809227 0.2970822
-0.1822504 -0.647197 0.5519887 0.8051035 0.6308813
-0.3396482 -0.6560447 0.3870163 0.6689691 0.8310705
-0.2997522 -0.6568862 0.4395582 0.6990966 0.7636299
-0.4350827 -0.6676058 0.6169853 0.3591426 0.6494321
-0.4738886 -0.662518 0.3852643 0.4027439 0.8852134
-0.26952 -0.5166824 0.929749 0.4766172 0.3371853
-0.46269 -0.6577093 0.3723233 0.4341888 0.8947883
-0.321238 -0.4569493 0.5195388 0.6520122 0.5641044
-0.3415257 -0.4999573 0.5300879 0.5917906 0.5930481
-0.4375626 -0.763276 1.06487 0.224849 0.4436237
-0.4703599 -0.6611781 0.3825452 0.411742 0.8866055
-0.2617623 -0.6523227 0.2653841 0.9411075 0.9484438
-0.4132604 -0.549651 0.6573831 0.3755571 0.5408632
-0.3333825 -0.6584519 0.4549511 0.6275834 0.7594332
-0.4919536 -0.6590301 0.5567913 0.28389 0.7094789
-0.4591447 -0.7739272 1.091078 0.1949342 0.440343
-0.2829138 -0.6520181 0.318706 0.8412409 0.8883172
-0.7142853 -1.326612 1.289965 -0.002613664 0.6002991
-0.2248855 -0.658363 0.9333277 0.5230221 0.4203394
-0.08511463 -0.6314785 1.149321 0.594562 0.3069963
-0.003258884 -0.6386079 1.181742 0.6642994 0.2941582
0.2160437 -0.428964 1.46608 0.7847453 0.08789319
-0.121424 -0.6809328 1.094752 0.5726271 0.356472
-0.1443352 -0.6299784 1.026829 0.5813732 0.3557493
0.160885 -0.5209331 1.4327 0.7321105 0.1517641
0.3861922 -0.5656367 1.312713 0.9765557 0.194517
-0.2534726 -0.6497249 0.2784309 0.9434788 0.9265785
-0.3257821 -0.6808938 0.3891745 0.6856008 0.8352857
-0.1348389 -0.6601495 0.6270344 0.8128506 0.5753924
-0.2115697 -0.6541744 0.6668546 0.6794634 0.5603268
-0.3095469 -0.6478293 0.2780019 0.8340124 0.9504061
-0.3100569 -0.6539855 0.3824672 0.7288138 0.8249273
-0.2676625 -0.503192 0.9659129 0.464009 0.3114938
-0.4127608 -0.4184134 0.6119416 0.3994572 0.4727678
-0.2210693 -0.4626059 1.66199 0.3023019 0.08332175
-0.3943484 -0.5370065 1.587166 0.1484728 0.1492361
-0.1542096 -0.4482749 1.589553 0.3855113 0.08650744
-0.4046484 -0.4311935 0.6229907 0.4097902 0.4734402
-0.1352489 -0.442683 1.601793 0.4008789 0.08012915
-0.4200194 -0.4266549 0.6359327 0.3706758 0.4625053
-0.3583557 -0.443837 0.5968831 0.5195776 0.4951541
-0.1356958 -0.4834838 1.444427 0.445941 0.1387213
-0.5975535 -0.8160557 1.214964 0.02281332 0.425925
-0.4017591 -0.560273 0.5737396 0.4397781 0.6121267
-0.3501136 -0.5760773 0.5218994 0.5666063 0.6545923
-0.476623 -0.6665566 0.7218981 0.2518168 0.5811098
-0.3909151 -0.6430829 0.2920746 0.6512528 0.9654232
-0.3905838 -0.6216327 0.5677787 0.4601111 0.652608
-0.4352574 -0.6440948 0.3346635 0.519782 0.9266101
-0.3775254 -0.6498619 0.2861425 0.6833189 0.9702113
-0.4899023 -0.657252 0.4802806 0.3205732 0.7816135
0.02831572 -0.5884804 1.263388 0.6682918 0.2395531
-0.2710154 -0.6675715 0.4426768 0.7428451 0.7574474
-0.1223763 -0.6635695 0.5799818 0.8646439 0.6068109
-0.1576219 -0.5036916 1.30095 0.4692368 0.1887108
-0.4616084 -0.6610849 0.5430168 0.3453436 0.714739
-0.2652319 -0.6691967 0.5220972 0.6914308 0.6860901
-0.2433878 -0.5547723 1.004394 0.4772461 0.3281358
-0.1336542 -0.6366761 0.6591704 0.7991382 0.541046
-0.1663318 -0.4388074 1.611576 0.3675849 0.07669103
-0.3434365 -0.4431062 0.5313131 0.5997503 0.547628
-0.04309231 -0.6501654 0.4100035 1.1485 0.714954
-0.437044 -0.6634797 0.7511299 0.3036679 0.5526463
-0.2087715 -0.6430772 0.7004579 0.665174 0.5322346
0.1760785 -0.5597742 1.172072 0.8629289 0.2399163
-0.2916005 -0.6587685 0.458879 0.6975838 0.7435943
-0.4847243 -0.6725884 0.7633731 0.2270782 0.5586855
-0.2058226 -0.6566087 0.6795139 0.6791848 0.5525849
-0.2997411 -0.6462696 0.291785 0.8396525 0.9270446
-0.02652147 -0.4957743 1.39959 0.5710929 0.1522314
-0.07318771 -0.4612786 1.378613 0.5343158 0.137458
-0.4517622 -0.6552083 0.3900443 0.4459584 0.8677789
-0.3673948 -0.5431036 1.145883 0.2705769 0.2772927
-0.3016123 -0.6562574 0.4753119 0.6686513 0.7298056
-0.1323965 -0.6237537 0.6430286 0.8169483 0.543484
-0.3569644 -0.4786241 0.5352803 0.5612164 0.5762049
-0.1816032 -0.6665035 0.9723755 0.5575992 0.4027923
-0.3727948 -0.5183155 0.5620648 0.5052301 0.5860352
-0.2803664 -0.6501211 0.2920852 0.875505 0.9201116
-0.1270142 -0.4301986 1.57103 0.417771 0.07796174
-0.3862737 -0.5582767 0.5759646 0.4674567 0.6050935
-0.2765475 -0.6405264 0.2902042 0.8904803 0.9170861
-0.3110394 -0.5548803 1.22604 0.3184311 0.2531806
-0.5879254 -1.060363 1.1751 0.08238038 0.543241
-0.4373347 -0.6554599 0.401364 0.4681686 0.8492033
0.08480406 -0.4289558 1.479677 0.6563705 0.08906442
0.1652694 -0.585801 1.223233 0.8195089 0.2409551
0.0183205 -0.656581 0.5358073 1.100421 0.6053088
0.08360571 -0.6621922 0.6372857 1.088301 0.5318294
-0.4413856 -0.6517004 0.5046652 0.4009543 0.7397451
-0.3198795 -0.5678828 0.9751232 0.3877757 0.3571832
-0.1591898 -0.6456876 0.3007828 1.093112 0.860291
-0.03156358 -0.5947046 1.285515 0.5992463 0.2405234
-0.08913863 -0.633206 1.197873 0.5707682 0.2924036
-0.2183465 -0.524497 1.605152 0.3204542 0.1312329
-0.3333859 -0.6490465 0.271379 0.7914914 0.9707186
-0.3013575 -0.6546972 0.4908127 0.6581373 0.7147992
-0.3785044 -0.4808281 0.5614113 0.4986735 0.5599999
-0.2393554 -0.478035 1.349679 0.3632029 0.1632141
-0.4802489 -0.6728871 0.7093391 0.2508103 0.5940374
-0.03860244 -0.6028494 1.264939 0.5993364 0.2514583
-0.1527778 -0.4830948 1.467955 0.4212307 0.1337758
-0.4949631 -0.6726529 0.6900494 0.2330162 0.6105478
-0.2647423 -0.6135749 0.9772817 0.4580321 0.3789433
-0.4293243 -0.6115521 0.7642046 0.3072152 0.5117899
-0.5115796 -0.6745924 0.5669754 0.2460558 0.7139208
-0.42373 -0.5584461 1.747134 0.09995583 0.1287274
-0.1920739 -0.6523397 0.9606594 0.5517076 0.4009607
