-0.7133241 0.05195239 0.4861174 
0.99946 1
0.99946 0
0.0005400776 1
0.0005400777 0
339
0.1408041 -0.5831351 1.221179 1.086042 0.4159997
0.1437439 -0.6142267 1.223604 1.075774 0.4316978
-0.01041096 -0.6315691 1.19489 0.9430596 0.4702875
-0.0263716 -0.5793681 1.324641 0.8546859 0.3969291
-0.1446512 -0.4768546 1.586876 0.615213 0.2742124
-0.2034985 -0.4926817 1.308612 0.6955225 0.3701376
-0.2542338 -0.4697491 1.34317 0.6209167 0.3489671
-0.3304622 -0.6035506 0.9968303 0.7220927 0.6034552
-0.05353862 -0.5699954 1.296797 0.8474813 0.4040018
-0.2782649 -0.5363246 1.31727 0.599226 0.4024805
-0.4093238 -0.5482961 1.605857 0.3366745 0.3302254
-0.2445191 -0.5105581 1.625288 0.4986351 0.2910773
-0.2463354 -0.5096593 1.620304 0.4988014 0.2919431
0.1464774 -0.6026965 1.213285 1.090286 0.4288158
-0.3360174 -0.6086699 0.9944391 0.715152 0.6091303
-0.1154718 -0.4736154 1.571851 0.6509154 0.273967
-0.4550281 -0.6596781 0.651557 0.8213397 0.9734844
-0.4571925 -0.6581668 0.6506404 0.8190132 0.9749367
-0.3429643 -0.628979 1.00452 0.6943185 0.6163313
-0.2716334 -0.5278287 1.17936 0.6882671 0.4517685
-0.3812382 -0.5565572 1.252655 0.5070848 0.4535252
-0.2527313 -0.5548857 0.9228971 0.9053277 0.6027926
-0.251767 -0.557282 0.9243295 0.9044172 0.6031742
-0.377032 -0.5370176 1.124636 0.5843374 0.4999784
-0.22607 -0.6545683 0.9358157 0.8937101 0.64768
-0.2253585 -0.5106922 1.620992 0.5191799 0.2908401
-0.253723 -0.5302969 1.313969 0.6298056 0.3971756
-0.4987348 -0.6646066 0.7920233 0.6108164 0.8409337
-0.4132764 -0.5244585 1.611016 0.3299161 0.3155999
-0.3876229 -0.5450133 1.551847 0.3772351 0.3418879
-0.3874846 -0.5459373 1.553691 0.3767757 0.3418638
-0.2701878 -0.5599355 0.9364098 0.8667351 0.6012164
-0.4278703 -0.4594059 0.6341449 1.009233 0.8701972
-0.4291398 -0.582701 0.6252465 0.9399792 0.9573611
-0.4309766 -0.5778182 0.6242225 0.940602 0.9571213
-0.4045609 -0.5618137 1.799446 0.2882012 0.2884216
-0.40692 -0.5577387 1.791466 0.2877148 0.2882719
-0.01313645 -0.582877 1.31264 0.8743733 0.4014608
-0.4326144 -0.5533499 0.6333275 0.9388646 0.932478
-0.4589379 -0.6731962 0.763841 0.6992124 0.8583463
-0.2690151 -0.5288838 0.9402691 0.8757899 0.5783294
-0.4930049 -0.665466 0.7947939 0.6181619 0.8367131
0.07013583 -0.6598446 1.249657 0.9743813 0.454787
-0.4250718 -0.5438399 1.811059 0.2644118 0.2776687
-0.401531 -0.5469786 1.802715 0.2894529 0.2796925
-0.3849042 -0.5168333 1.620906 0.3567212 0.3063034
-0.4094126 -0.5598986 0.5873111 1.05016 0.9881913
-0.4369051 -0.6645238 0.630785 0.8762437 0.9930421
-0.4287988 -0.6306525 0.6198912 0.9214236 0.9878287
-0.4274463 -0.6049496 0.6142536 0.94559 0.9824547
-0.4693239 -1.053254 1.077316 0.4618297 0.7892576
-0.5892023 -1.079414 1.189382 0.2946745 0.7613378
-0.2833627 -0.5214136 1.633097 0.4567835 0.2980456
-0.5909369 -1.076158 1.178114 0.2958505 0.7664498
-0.5601261 -0.5574845 1.939733 0.1094006 0.2651861
-0.2810509 -0.529616 1.194734 0.6666375 0.4475417
-0.2583746 -0.4838404 0.9775609 0.8724601 0.5223917
-0.2750843 -0.5203311 0.9415397 0.8690227 0.5731296
-0.4441087 -0.7707328 1.080977 0.5007588 0.6667949
-0.4683638 -0.7682521 1.088584 0.4666333 0.6661825
-0.01117712 -0.6339862 1.177212 0.9542025 0.478675
-0.2763793 -0.5015699 0.9680546 0.8493638 0.5441271
-0.4222898 -0.4154933 0.6157041 1.090548 0.8619128
-0.4207031 -0.4175656 0.616709 1.09041 0.8611013
-0.2330011 -0.4497617 1.626194 0.5126255 0.2548168
-0.4008211 -0.5395545 1.60276 0.3463355 0.3254499
-0.1635854 -0.4425925 1.575553 0.605097 0.2579634
-0.1456484 -0.4339115 1.579695 0.6220276 0.2505354
-0.1646135 -0.499491 1.299647 0.7433745 0.3733068
-0.1743219 -0.4342723 1.607203 0.5807675 0.246171
-0.1309342 -0.4313658 1.578383 0.6375862 0.2483461
-0.2235177 -0.5304146 1.607283 0.525364 0.3051486
-0.4250343 -0.5700105 1.788037 0.2717855 0.2967108
-0.1094092 -0.4524597 1.354751 0.7789847 0.3199491
-0.3787707 -0.5125948 1.60946 0.3668076 0.3064266
-0.5962487 -0.7766895 1.175194 0.2687361 0.6471521
-0.3628436 -0.5383521 1.323076 0.4967644 0.4116449
-0.1311232 -0.4735084 1.305978 0.7817907 0.351199
-0.2775372 -0.4702629 1.350221 0.5898584 0.3493294
-0.427322 -0.4927826 0.633575 0.9876448 0.8930987
-0.1906334 -0.432074 1.627531 0.5557804 0.2412062
-0.2880683 -0.5174698 1.645619 0.4476608 0.2930478
-0.385573 -0.5615364 1.221598 0.5169154 0.4707133
-0.3085299 -0.537546 1.337642 0.5538422 0.3992909
0.1303901 -0.6152318 1.177715 1.098304 0.4503649
0.1251189 -0.611746 1.172996 1.098362 0.4508843
-0.4109359 -0.5158807 1.660655 0.3171085 0.2973869
-0.2138177 -0.4628122 1.353432 0.6625559 0.3369788
0.02744752 -0.6260084 1.231452 0.9563447 0.4487479
-0.4135984 -0.5979745 0.7845 0.7774706 0.7818754
-0.2103658 -0.4362502 1.645416 0.5283087 0.2408824
-0.4262696 -0.4224717 0.6220841 1.063262 0.8598927
-0.4433543 -0.6185935 0.7634069 0.7408538 0.8243035
-0.4093892 -0.5702664 0.5857508 1.045131 0.9957324
-0.4221654 -0.5526267 0.6086106 0.9963831 0.9606696
-0.4237374 -0.6568296 0.7262002 0.7981972 0.8747861
-0.4022384 -0.5241698 1.558769 0.3585586 0.329147
-0.2151935 -0.5375866 1.298824 0.680765 0.4026432
0.01979679 -0.6386217 1.213559 0.9576688 0.4630527
-0.2697232 -0.5644567 0.9451839 0.8580022 0.5983812
-0.1140658 -0.4142092 1.57694 0.6571119 0.2371229
-0.315815 -0.4733438 1.35405 0.5422959 0.3540384
-0.1650317 -0.4719314 1.623489 0.5796458 0.2640101
0.02573609 -0.369104 1.461413 0.8700593 0.2265726
-0.2657844 -0.5077173 1.684018 0.4561482 0.27678
-0.3264721 -0.5519714 0.9803162 0.7526048 0.5807916
-0.5616962 -0.5785722 1.506299 0.1963915 0.3924335
-0.2542822 -0.4930532 1.327155 0.6267045 0.3694131
-0.411508 -0.4757402 0.5958827 1.098308 0.9281574
-0.2964309 -0.5341372 1.143777 0.6789412 0.4756717
-0.4460244 -0.6068804 0.7577479 0.7452186 0.8243657
-0.2537491 -0.4978476 1.513768 0.535609 0.3138474
-0.4409477 -0.541654 1.258146 0.4288644 0.4503266
-0.2370602 -0.5524344 1.098911 0.7810261 0.4992145
-0.3418656 -0.5653032 1.554294 0.4249638 0.3485164
-0.5948147 -0.5632007 1.31116 0.2051956 0.4626766
-0.5565026 -0.580839 1.493515 0.2060444 0.3975314
-0.2929032 -0.4690343 1.332644 0.5810909 0.3562104
-0.5978611 -0.5695537 1.296024 0.2063336 0.4737866
-0.3990973 -0.5470868 1.251032 0.485882 0.45088
-0.5752475 -0.5980872 1.902315 0.1060977 0.2949317
-0.1658009 -0.4531371 1.341495 0.7252051 0.3298789
-0.6227548 -0.5730377 1.201422 0.2002423 0.5260658
-0.4378008 -0.5576998 1.338248 0.3986634 0.4268459
0.006100774 -0.3374221 1.480925 0.8455119 0.2021298
0.01826298 -0.336492 1.468779 0.8659029 0.2035304
-0.3001975 -0.6847123 1.009854 0.734732 0.635033
-0.4336675 -0.5640925 0.6292228 0.9362656 0.9444391
-0.4239618 -0.6260302 0.6092806 0.9470097 0.9973593
-0.4249014 -0.4766604 0.6222721 1.02259 0.8972141
-0.7091099 -0.6205086 1.28713 0.06164193 0.5261889
-0.582455 -0.6739227 1.177075 0.2774576 0.5907599
-0.599596 -0.6708752 1.172536 0.2550789 0.594795
-0.202799 -0.492538 1.634977 0.5366669 0.2756118
-0.4855618 -0.6684119 0.7275178 0.6872151 0.9033819
-0.4565658 -1.057477 1.064092 0.4808649 0.7955422
-0.4353911 -0.6804181 0.760048 0.7393895 0.8571613
-0.3007593 -0.5144815 1.323151 0.5722509 0.3895171
-0.3926089 -0.5571896 1.205499 0.5164811 0.4763499
-0.6063354 -0.7726967 1.192665 0.2497815 0.6376981
-0.685041 -0.5728418 1.343224 0.07400981 0.4676046
-0.4214222 -0.5711496 1.561296 0.3384979 0.356877
-0.4225678 -0.5407258 0.6304755 0.9707237 0.9240927
-0.6048164 -0.5605016 1.306781 0.1923758 0.4643986
0.005509675 -0.3435718 1.464101 0.8542622 0.2101504
-0.02767801 -0.6448628 1.156289 0.949296 0.4952714
-0.3653455 -0.5161042 1.543333 0.4039853 0.3256776
-0.4456982 -0.5592638 1.34238 0.3873187 0.4271712
-0.4911634 -0.566516 1.395473 0.3124396 0.4168233
-0.458517 -0.5685726 1.383 0.356502 0.4187797
-0.4491872 -0.559505 1.207681 0.4410451 0.4854938
-0.443319 -0.6717206 1.088968 0.5034408 0.6114319
-0.606243 -0.5638226 1.201406 0.2234077 0.5173459
0.124979 -0.5421122 1.234982 1.075331 0.3898444
0.05895865 -0.4126941 1.435157 0.9086249 0.2587765
0.06275314 -0.5322298 1.448171 0.8745039 0.3255795
-0.4846115 -0.5600519 1.226982 0.3848457 0.4823208
-0.5369871 -0.5632459 1.360231 0.266535 0.4342
-0.2523575 -0.4655817 0.9598833 0.9047194 0.5185528
0.06007248 -0.536962 1.434455 0.8791673 0.3321614
-0.5254773 -0.5635718 1.2262 0.3295867 0.4913157
0.03161168 -0.3371438 1.468005 0.8797045 0.2033779
0.02613199 -0.3340042 1.459253 0.8807951 0.2035351
0.2287725 -0.598282 1.381021 1.044575 0.3653749
-0.4318163 -0.4169405 0.6405315 1.021928 0.831833
-0.4271349 -0.4383693 0.6355227 1.024422 0.8527638
-0.4246011 -0.5947037 0.7768005 0.767437 0.7910112
-0.2162197 -0.4443229 1.631124 0.5278341 0.2493376
-0.7186767 -0.7339787 1.302644 0.06988767 0.5821626
-0.3403154 -0.5397393 1.123447 0.6339946 0.4961501
-0.4041664 -0.5331556 1.557987 0.3569705 0.3347563
-0.3679863 -0.5392481 1.215648 0.544131 0.4569331
-0.2847269 -0.5686321 1.582794 0.4727235 0.3374074
-0.3980053 -0.663923 0.8744023 0.7056277 0.7381227
-0.4922068 -0.6759405 0.7556177 0.6494051 0.8802533
-0.884493 -1.275426 1.404399 -0.02508325 0.7713184
-0.175638 -0.4667539 1.342579 0.7111419 0.3392736
-0.5446518 -0.964872 1.118375 0.3618653 0.7493913
-0.3480534 -0.5466375 1.232086 0.5598214 0.4515548
-0.3642008 -0.5915666 1.274101 0.5153541 0.4630513
-0.115835 -0.4580094 1.341511 0.7791922 0.3282253
-0.4261759 -0.4759054 0.6304921 1.006862 0.8857235
-0.3830605 -0.5736368 1.516733 0.3946665 0.3681667
-0.1918648 -0.4624565 1.361609 0.6826593 0.3319671
-0.5354896 -0.5748255 1.512992 0.2250465 0.3852761
-0.5573642 -0.5706015 1.428418 0.2212334 0.4148899
0.1596441 -0.6661879 1.26626 1.041929 0.442096
-0.127685 -0.5316374 1.213213 0.8339213 0.42077
-0.2858236 -0.5437698 1.141449 0.6922049 0.4812145
0.007534921 -0.6189486 1.294339 0.8970363 0.4249689
-0.2698143 -0.601398 0.9913515 0.8079284 0.5928251
-0.4198107 -0.5840262 0.8012095 0.7553737 0.760311
-0.4494749 -0.6623664 0.645794 0.8368664 0.9792341
-0.3885115 -0.4429542 0.6748904 1.03795 0.7857298
-0.178273 -0.4423386 1.582669 0.5870786 0.2570832
-0.2387432 -0.4739266 1.343457 0.6381236 0.3499616
-0.7760291 -0.778161 1.362818 -0.004448891 0.5847336
-0.4695272 -0.6658133 0.7653352 0.6819736 0.8570046
-0.2320717 -0.4718536 0.9758233 0.9157004 0.5096823
-0.1814325 -0.4916229 1.590052 0.576441 0.2845346
-0.4255311 -0.5558258 0.6166815 0.9754833 0.9528973
-0.5728836 -0.5727137 1.890296 0.1068541 0.2845297
-0.4039599 -0.6675459 0.8579959 0.7088807 0.7545907
-0.4943556 -0.5549185 1.197516 0.384303 0.4947169
-0.2467608 -0.5529467 1.093887 0.7723964 0.5035996
-0.519195 -0.5602977 1.307178 0.3073393 0.4518675
-0.332517 -0.5506432 0.9792411 0.7451874 0.581901
-0.1880414 -0.5185615 1.280638 0.7252427 0.3945551
-0.1297846 -0.4675595 1.577955 0.6348169 0.2699397
-0.1168723 -0.4684894 1.305128 0.7991273 0.3468174
0.133468 -0.6716595 1.175076 1.082571 0.4805077
-0.161341 -0.5063072 1.334889 0.7244412 0.3651181
-0.2165484 -0.4932666 1.327479 0.669671 0.3653616
-0.1003574 -0.4246411 1.570458 0.6725354 0.244149
-0.1702725 -0.5247933 1.281626 0.7433004 0.3959609
-0.2699353 -0.5545381 1.076481 0.755153 0.5173045
-0.2594193 -0.4420215 0.969886 0.893823 0.4964936
-0.2592638 -0.5204437 1.092428 0.7653698 0.4856131
-0.2599688 -0.6477464 0.8823477 0.8986079 0.6871151
-0.3466001 -0.5979943 0.762196 0.9105658 0.7798851
-0.4274391 -0.6038308 0.6051875 0.9587659 0.9943001
-0.4072909 -0.5952754 0.5900655 1.025152 1.00068
-0.2704458 -0.6403011 0.8547223 0.9126301 0.7053739
-0.3406231 -0.6901882 0.9754791 0.7054635 0.6674874
-0.3916524 -0.5815762 1.753901 0.3134587 0.3085052
-0.4760234 -0.6625384 1.088284 0.4602145 0.613317
-0.5786065 -1.052345 1.15428 0.3151152 0.7684989
-0.4525715 -0.606799 1.685898 0.2725536 0.3435702
-0.453076 -0.5535796 1.694497 0.2661582 0.3129284
-0.2590238 -0.5142016 1.646299 0.4762535 0.2889746
-0.4270985 -0.592333 0.6191616 0.9467806 0.9694183
-0.6769391 -0.5824882 1.248788 0.1085679 0.5169879
-0.4156777 -0.5902449 0.8060971 0.7557777 0.7582767
-0.6325691 -0.581314 1.403256 0.1335418 0.4402608
-0.3173222 -0.5894178 0.8345631 0.8841294 0.7039564
-0.4430118 -0.620073 0.7500768 0.7538379 0.8383216
-0.3857422 -0.5495586 0.8035722 0.8219584 0.725652
0.1498576 -0.5371351 1.517822 0.9091815 0.3037258
-0.08873564 -0.5567412 1.272368 0.8301577 0.4089423
-0.7200567 -0.5712621 1.312152 0.02935314 0.4861363
-0.4392561 -0.5657206 1.233526 0.4419439 0.4759051
-0.4938012 -0.561185 1.291976 0.3462057 0.4553421
-0.4158952 -0.5471231 0.6070633 1.01514 0.9565234
-0.07341135 -0.4792303 1.304651 0.8438529 0.3493847
-0.2272556 -0.5277444 1.3064 0.6643842 0.3953235
-0.2291619 -0.666544 0.924091 0.8957188 0.6623175
-0.3525047 -0.5722291 0.7797916 0.8930308 0.7503991
-0.1942832 -0.4837224 1.308221 0.7077508 0.3635936
-0.3053602 -0.54541 1.156595 0.6574683 0.4781985
-0.006201088 -0.5999448 1.247714 0.9195948 0.4326807
-0.2561718 -0.4909542 0.9887884 0.8628203 0.5204241
-0.1983753 -0.5935839 1.124951 0.799185 0.5054732
-0.381438 -0.4232916 0.679396 1.059843 0.761825
-0.4115952 -0.5994548 0.5959748 1.005309 0.9966749
-0.3931388 -0.4457018 0.6711031 1.032532 0.7945455
-0.1401244 -0.439896 1.391859 0.7257587 0.3034332
-0.4271839 -0.4295172 0.6339666 1.033973 0.8484055
-0.2863868 -0.4591673 1.378665 0.5658714 0.3335505
-0.3252423 -0.5032557 1.538332 0.4492798 0.3161188
-0.03317702 -0.657572 1.127445 0.9609069 0.5150346
-0.3241872 -0.60326 0.7901029 0.9135822 0.7508482
-0.5599725 -0.5637258 1.161259 0.3063583 0.5302028
-0.5939413 -0.5578558 1.344078 0.1961792 0.44511
-0.4728218 -0.5598882 1.191061 0.4169043 0.4974735
0.0930745 -0.5942663 1.184354 1.065164 0.4409665
-0.4716303 -0.6663876 0.7045909 0.7338337 0.9217957
-0.5616433 -0.5594484 1.358765 0.234773 0.4357014
-0.4517097 -0.5553117 1.314261 0.3910606 0.4367371
-0.4435389 -0.6654356 0.8034083 0.6924895 0.8118812
-0.2628131 -0.5534798 0.9434311 0.8728839 0.5910047
-0.1446842 -0.5389872 1.221544 0.8074509 0.4241367
0.1632923 -0.5890818 1.452397 0.946627 0.3465784
0.03121978 -0.3220822 1.465631 0.8847989 0.1936339
-0.449352 -0.6307213 0.7617866 0.7285666 0.834737
-0.3076583 -0.5533483 1.190777 0.6325384 0.4679324
-0.1401328 -0.5621141 1.154569 0.8534652 0.4649116
0.1105053 -0.6153319 1.174077 1.082257 0.4542217
0.06196612 -0.6058636 1.353116 0.9140581 0.3931094
-0.01118439 -0.6145091 1.209556 0.9369412 0.455467
-0.3966162 -0.5746124 0.7992812 0.7991524 0.748722
-0.397824 -0.5743785 0.5739166 1.084058 1.008712
-0.4311777 -0.549529 0.6412845 0.9328184 0.9190366
-0.4172605 -0.6080219 0.6051167 0.975964 0.9911172
-0.5962329 -0.67503 1.202125 0.2502789 0.5805823
-0.6471747 -0.5631317 1.37665 0.1170578 0.442023
-0.5796473 -0.7750278 1.170195 0.2916738 0.6458776
-0.7173549 -1.192999 1.297719 0.1457464 0.7677506
-0.7367638 -1.314324 1.311463 0.1389297 0.800607
-0.1430843 -0.4467964 1.551201 0.6367434 0.2650326
-0.2465584 -0.5079807 1.323107 0.6358832 0.3793572
-0.2076563 -0.4461848 1.62477 0.5389444 0.2513745
-0.4290756 -0.5525413 1.709223 0.2868126 0.3068089
-0.3448487 -0.4834098 1.665598 0.3833098 0.2727237
-0.2063968 -0.6362063 1.110958 0.7893448 0.537694
0.06721681 -0.6405228 1.241311 0.9831306 0.4481301
-0.6245511 -0.5624599 1.230449 0.1870597 0.5048046
-0.3895667 -0.5560489 1.109067 0.574452 0.5223557
-0.6327877 -0.5642604 1.402179 0.1306348 0.4304783
-0.4295157 -0.4200076 0.635954 1.032805 0.8395373
-0.6643757 -0.5674316 1.320855 0.1068005 0.4712115
-0.2780367 -0.5573207 0.9509839 0.8437233 0.5920303
-0.2273898 -0.4086956 1.652683 0.5096672 0.2235588
-0.2517399 -0.5239896 1.317661 0.6308644 0.3917627
-0.2332981 -0.6827264 0.9865186 0.8352153 0.6338439
-0.6361334 -0.5677419 1.297582 0.1523783 0.4777358
-0.2671499 -0.4926368 0.9141752 0.9177566 0.5699841
-0.5828799 -0.5617605 1.350071 0.2097169 0.4435061
-0.3136479 -0.5518895 0.9968177 0.7575657 0.5680197
-0.2800608 -0.6381406 0.8337879 0.9201174 0.7224364
-0.4662274 -0.6566299 0.6703281 0.781572 0.9543996
-0.4675721 -0.5510917 1.330412 0.3645788 0.4297298
-0.1655377 -0.5880138 1.137567 0.8297787 0.4914224
-0.2166881 -0.5089828 1.310045 0.677098 0.3812894
0.04078919 -0.623499 1.315511 0.9137425 0.4166368
0.1478487 -0.652791 1.232074 1.060007 0.4483994
-0.01290351 -0.3127821 1.473083 0.8369448 0.1879503
-0.1000262 -0.4112146 1.573578 0.6730956 0.2351775
0.07326168 -0.6402278 1.274263 0.9663438 0.4357289
0.01374584 -0.6123862 1.23228 0.9463914 0.4427462
-0.2491339 -0.5752119 1.035755 0.8072437 0.5478861
-0.2246428 -0.4538401 1.000105 0.9098531 0.4815462
-0.2807768 -0.6381261 0.9141187 0.8458639 0.6651063
-0.4126952 -0.6705786 0.8643535 0.6901098 0.7536855
-0.3659777 -0.5848522 1.014475 0.6641966 0.5889609
-0.4503533 -0.669224 0.7357876 0.7400455 0.8813025
-0.4281297 -0.5441467 0.6307687 0.9570065 0.9284652
-0.4692603 -0.7718344 1.092798 0.4634125 0.6656782
-0.5798053 -0.763238 1.19122 0.2835044 0.6288863
-0.7632543 -1.289165 1.560362 0.07398945 0.6922423
-0.3061513 -0.6311705 0.9820658 0.7593378 0.6233902
-0.2761438 -0.4758282 0.9797958 0.8477727 0.518906
-0.4051561 -0.5790175 0.7890961 0.7934729 0.7634902
-0.2183666 -0.6535097 0.8480903 0.984362 0.7039416
-0.1963096 -0.5837079 1.135638 0.7965349 0.4944216
-0.4108549 -0.5505679 0.5916623 1.047138 0.9777516
0.1658342 -0.6035606 1.273604 1.062653 0.4067218
-0.426014 -0.6056888 0.7589512 0.7790452 0.8151643
-0.4320926 -0.6341825 0.7460471 0.7720124 0.8459511
-0.2561457 -0.6408162 0.9940282 0.8125982 0.6112504
