-0.146343 -0.01881285 0.02918241 
0.99946 1
0.99946 0
0.0005400776 1
0.0005400777 0
202
-0.01720604 -0.6418287 1.209141 0.4884542 0.2578533
-0.2170974 -0.506156 1.317402 0.2542574 0.1504215
-0.2685624 -0.4834241 1.353177 0.1939064 0.1279124
-0.2586007 -0.5167365 1.633465 0.2194787 0.09107006
-0.1830319 -0.4672739 1.34918 0.288382 0.1167795
-0.280555 -0.6705477 0.8745279 0.1860851 0.4077889
-0.2592021 -0.6641734 0.826645 0.2115581 0.4259527
-0.02398337 -0.638172 1.21617 0.4803778 0.2538662
-0.2839243 -0.6498809 0.9281902 0.1809356 0.3715082
-0.2541674 -0.57165 0.9370959 0.206659 0.3167077
-0.2483634 -0.6616743 0.7962453 0.2250963 0.4392472
-0.1427717 -0.6859687 0.9154428 0.3687164 0.3926859
-0.101073 -0.646754 1.145809 0.4018332 0.2824617
-0.05896455 -0.5988891 1.317589 0.4331542 0.2040756
0.1300893 -0.5905793 1.233395 0.6458635 0.2177174
-0.2694903 -0.5679173 0.9376253 0.1847371 0.3145326
-0.04278591 -0.5807296 1.323688 0.4493248 0.1915892
0.07730596 -0.6031249 1.075928 0.6172301 0.2745479
-0.07320713 -0.6119548 1.238478 0.4246089 0.233477
0.002334043 -0.5459694 1.476103 0.4806329 0.1352196
0.05175892 -0.6297102 1.340588 0.54413 0.2133526
-0.1881574 -0.6864049 0.8722189 0.3117166 0.4141434
0.1235364 -0.6741966 1.028294 0.6738153 0.3316104
-0.212147 -0.6727658 0.9803551 0.2783458 0.3606422
0.07436393 -0.6325409 1.088796 0.608825 0.2879668
-0.2638237 -0.5756965 0.937286 0.1941117 0.3196936
0.3854242 -0.5903153 1.332007 0.8831002 0.186884
0.3965436 -0.5736955 1.345415 0.8934832 0.1739646
0.3617517 -0.5865124 1.320394 0.8639828 0.1879815
0.1913624 -0.6209485 1.197108 0.7159046 0.2443446
0.1055015 -0.6016231 1.046677 0.6569834 0.2827654
0.177092 -0.586458 1.095103 0.7308391 0.2552501
-0.2052742 -0.6760395 0.9778218 0.2873004 0.3633059
0.1552961 -0.6065589 1.192551 0.6799853 0.2381521
0.427702 -0.5721792 1.368403 0.9170068 0.1672093
0.3743408 -0.5972684 1.300145 0.8804888 0.198916
0.4329748 -0.5643864 1.413522 0.9095228 0.1525998
-0.02392478 -0.6544403 1.186508 0.4836516 0.2719758
0.1179073 -0.6632831 1.030146 0.6682015 0.3249016
-0.03932786 -0.6839481 0.919381 0.4986336 0.3857245
0.4194899 -0.5285397 1.384405 0.9137992 0.1382744
-0.1487182 -0.684597 0.644318 0.3780943 0.5341876
0.3739551 -0.563596 1.235684 0.9088776 0.1957715
0.3947473 -0.5677539 1.270836 0.9174433 0.1887556
-0.2158371 -0.6739689 0.8074524 0.2732099 0.4393369
-0.1210796 -0.6844511 0.8131837 0.4042974 0.4381431
0.373394 -0.5719908 1.254996 0.899751 0.1957579
0.4023807 -0.5681766 1.235741 0.9374946 0.1979245
0.00633058 -0.629626 1.26569 0.5070376 0.2341683
0.3596394 -0.513694 1.329716 0.874385 0.1424233
-0.2317637 -0.4691823 1.350097 0.2333878 0.1185991
0.4998035 -0.5714357 1.287795 1.016839 0.1846573
0.507897 -0.4547391 1.396927 1.016673 0.08888328
-0.2090411 -0.5823712 0.9492548 0.2703568 0.3172266
0.4837977 -0.5728849 1.276073 1.004839 0.1887285
0.5059792 -0.5769346 1.344843 0.9999333 0.1740206
0.3753765 -0.5964292 1.191546 0.9176306 0.227337
0.4771889 -0.5754169 1.315485 0.9828377 0.1806353
-0.08615743 -0.6832101 0.5882344 0.4825278 0.5661995
0.06668024 -0.5905344 1.092198 0.6026003 0.2617115
0.0679938 -0.6801965 0.6516437 0.7029939 0.5138262
-0.08385582 -0.6847013 0.7187122 0.4666109 0.4861078
0.01494589 -0.6850508 0.8743975 0.5743729 0.4037359
0.4913032 -0.57201 1.370876 0.9777305 0.1654677
0.1962879 -0.4346851 1.478602 0.6808729 0.06408614
0.3539854 -0.6021102 1.207664 0.8882744 0.2266288
0.05532052 -0.6424685 1.279916 0.5557066 0.236352
0.3278376 -0.6609449 1.177643 0.8577287 0.2692618
0.4447541 -0.5694895 1.25299 0.9747493 0.1933576
-0.01385951 -0.679176 0.4717729 0.6295613 0.6456969
0.06063594 -0.6780399 0.5689827 0.7200482 0.5662788
0.1541556 -0.676912 0.707128 0.80764 0.4751386
0.009532347 -0.6788372 0.5157593 0.6554036 0.6088978
-0.07195619 -0.6511366 1.141065 0.4351262 0.2857012
0.3842838 -0.653173 1.138169 0.9315872 0.2754401
-0.05978014 -0.5500851 1.351996 0.4283889 0.1666297
-0.07772287 -0.6798155 0.4008601 0.534381 0.7144928
0.336726 -0.4985658 1.332928 0.8528838 0.1326241
0.1677628 -0.5590259 1.225529 0.6918073 0.2000163
0.3789473 -0.5901095 1.196574 0.9212156 0.2221144
0.3765454 -0.6695939 0.9991062 0.971604 0.3313977
-0.1155321 -0.623269 1.151578 0.3839352 0.2673169
0.4194003 -0.6182674 1.081529 1.001034 0.2722521
-0.2873904 -0.6852942 0.848982 0.1780936 0.428874
-0.3033343 -0.6812935 0.865525 0.1568434 0.4193527
0.07214989 -0.6260183 1.097061 0.6052305 0.2814302
-0.09173115 -0.6055634 1.301422 0.3999884 0.2128587
0.3005928 -0.6803711 1.034729 0.8706123 0.3271333
0.5039717 -0.5746581 1.194009 1.058292 0.2108592
0.4799868 -0.5801497 1.158183 1.046482 0.2247253
0.4984817 -0.5604973 1.192643 1.057767 0.2027992
0.076276 -0.6610694 1.293056 0.5742327 0.2425042
0.4858522 -0.5787176 1.358075 0.9752324 0.1723137
0.4906633 -0.5778773 1.183671 1.047663 0.215929
-0.02882235 -0.6835041 0.4462968 0.6105695 0.6708629
0.1101175 -0.6843831 0.6278202 0.7725856 0.5283125
-0.2467367 -0.6702622 0.8211269 0.2298155 0.4317526
-0.05815909 -0.5684988 1.341148 0.4314096 0.1802772
-0.2367761 -0.6849355 0.9327944 0.2484318 0.3883718
0.2146977 -0.5668905 1.221326 0.7427371 0.2049637
0.4373425 -0.6543814 1.016345 1.037189 0.3146468
0.2100049 -0.6334668 1.117626 0.7544422 0.2752942
0.05294265 -0.6809836 0.4756953 0.7421221 0.6379499
0.09974088 -0.6756832 0.5623147 0.7845559 0.5667874
0.02093761 -0.6401831 1.33226 0.5138628 0.2219037
-0.2511148 -0.6679065 0.8933851 0.2259864 0.396329
-0.3061906 -0.6750081 0.9913666 0.1615866 0.3609617
-0.3067313 -0.6638191 0.864325 0.1482379 0.409701
0.07534626 -0.7059753 1.00321 0.6205575 0.3602455
-0.1724471 -0.6464369 0.6464918 0.3372586 0.5112645
-0.07776908 -0.6420428 1.192068 0.4241583 0.2646406
-0.2300644 -0.5209782 0.9895082 0.2330247 0.2602668
0.1482076 -0.6795427 1.029391 0.7010722 0.3334305
-0.258022 -0.4887527 1.694902 0.2183456 0.06429529
-0.0400435 -0.5629786 1.387314 0.4463134 0.1655657
0.127631 -0.6754816 0.5207917 0.8472886 0.5942426
0.3794141 -0.6641313 1.007495 0.9730501 0.3251769
0.435868 -0.6215997 1.030577 1.040295 0.2906218
0.3647582 -0.5568167 1.323649 0.872214 0.16984
-0.2441597 -0.6829908 0.9191121 0.2383298 0.3934689
-0.2964654 -0.5561242 0.9892286 0.1491362 0.286899
-0.09597366 -0.6535145 1.14893 0.4076176 0.2851877
-0.2460678 -0.6745449 0.6658678 0.2256997 0.520759
-0.2548952 -0.6833554 0.5186331 0.2053581 0.6302173
0.2259275 -0.6198335 1.126821 0.7717693 0.2640082
-0.1281766 -0.6840048 0.8847075 0.3892922 0.4045089
0.4367543 -0.5495302 1.414315 0.916202 0.1438543
0.03307205 -0.6794095 0.402135 0.7381907 0.7022382
0.4144821 -0.6269422 1.131507 0.9731264 0.2617934
-0.3037397 -0.5763624 0.9774165 0.142766 0.3053164
-0.2357206 -0.6678478 0.6487435 0.2400229 0.5269191
0.3244193 -0.6739923 0.8693889 0.9637449 0.3869483
-0.2186522 -0.6623825 0.6431098 0.2660103 0.5261467
0.1699209 -0.6769726 0.5820363 0.8839153 0.5494884
0.1260456 -0.616514 1.218087 0.6421239 0.2372912
0.426737 -0.5707645 1.230175 0.9642524 0.2004386
0.3444861 -0.6729995 1.056023 0.9132989 0.3142814
0.4335052 -1.083256 0.8186294 0.9838225 0.5913927
-0.2436194 -0.5309622 0.9722551 0.215402 0.2743082
0.1622424 -0.684247 1.021254 0.7184353 0.338568
0.2033844 -0.6888053 0.9535454 0.784184 0.3653902
0.16438 -0.6691526 0.8132642 0.7850741 0.4160802
0.05170703 -0.6848466 0.4672692 0.7425029 0.6470607
0.06851077 -0.6945174 0.5553477 0.7338819 0.584682
0.1166567 -0.6833109 0.6971484 0.7572666 0.4864368
0.08827232 -0.621523 1.195161 0.6054053 0.2477431
-0.1928445 -0.6853981 0.5793599 0.3115877 0.5811254
-0.2164283 -0.5561267 0.9902097 0.2570925 0.2838934
-0.1559041 -0.6819187 0.6490256 0.3664826 0.5300925
-0.140957 -0.6071827 1.122194 0.3549808 0.2678381
-0.1348986 -0.683394 0.6810455 0.3959665 0.5100375
-0.2437136 -0.546841 1.332025 0.2302269 0.1729584
-0.1404085 -0.4745325 1.371839 0.3362672 0.1158392
0.1203534 -0.6598814 1.341595 0.610472 0.2280962
0.01975138 -0.6710625 0.3302037 0.7476081 0.7705982
-0.2508729 -0.5614051 1.003748 0.2124047 0.2834427
-0.2502081 -0.685001 0.603066 0.2183909 0.5683728
-0.291218 -0.5581383 0.9615874 0.1543765 0.2989298
0.1641974 -0.4438522 1.464152 0.6500618 0.07302427
-0.2404646 -0.6786333 0.5403277 0.2304243 0.6094527
-0.2599549 -0.4635637 1.003263 0.1809401 0.213781
0.06020556 -0.6825876 0.5563927 0.7229413 0.5776978
-0.1939702 -0.6899486 0.3794555 0.3163338 0.752782
-0.1987401 -0.6854506 0.3780095 0.3063463 0.7524125
-0.224602 -0.6828598 0.9742293 0.2641045 0.3694044
-0.1644333 -0.6637294 0.6570271 0.3511379 0.514751
-0.1833736 -0.6763123 0.6592934 0.3230738 0.5220487
-0.2566918 -0.678657 0.9800487 0.2235963 0.3658154
-0.2923409 -0.6472499 0.9743773 0.1725069 0.3509079
-0.2534171 -0.6693292 0.686637 0.2142357 0.5053155
-0.2779153 -0.5121038 0.9745857 0.163798 0.2610663
-0.1977307 -0.542555 1.315872 0.2801759 0.1735085
0.3329663 -0.6630954 1.204439 0.8543358 0.262448
-0.008827999 -0.6810347 0.4925659 0.6315415 0.629573
0.08282222 -0.6796134 0.5937392 0.7452087 0.5490513
-0.2673327 -0.6760031 0.8329325 0.2028009 0.4302984
-0.2852224 -0.6353903 0.703194 0.1582471 0.4762634
-0.2807335 -0.6797297 0.5205189 0.1592904 0.6287429
-0.254072 -0.6670756 0.62934 0.2096968 0.5402697
-0.2691943 -0.6816018 0.9708618 0.2080419 0.3717264
0.1846812 -0.6614953 0.7427833 0.839884 0.4454046
0.05813327 -0.642662 1.1968 0.5712529 0.2601175
-0.06873798 -0.6832949 0.4034554 0.5502315 0.7130409
0.06529756 -1.248396 0.4536427 0.6712267 0.8657667
0.05759631 -1.215275 0.4118653 0.6761143 0.8873515
-0.282562 -0.691914 0.5188683 0.1593101 0.6371413
-0.1276097 -0.6792675 0.3226385 0.4535397 0.8002272
-0.06006137 -0.7002839 0.637131 0.5141492 0.5422195
-0.07670508 -0.705767 0.7025394 0.47915 0.5070261
-0.1477277 -0.678119 0.305254 0.414669 0.8219951
0.08114964 -0.6622453 0.4078185 0.8279238 0.6828612
0.05635895 -1.180394 0.4513286 0.6694657 0.8506438
0.03268951 -0.7212111 0.4680757 0.7023649 0.6677799
0.1033856 -1.142066 0.3588237 0.7593479 0.9054774
0.1006409 -1.219026 0.3907704 0.7327467 0.9001772
-0.2358339 -0.673443 0.8713439 0.2466481 0.4090354
-0.2674326 -0.6991842 0.331466 0.1698708 0.8168376
0.002351686 -0.6849231 0.3557684 0.6991979 0.7531433
0.125292 -1.144899 0.3845568 0.7784333 0.8844252
-0.3076077 -0.6695039 0.6565192 0.1268442 0.5274941
-0.2472011 -0.6622244 0.6229296 0.21946 0.5411483
-0.1803533 -0.6971011 0.3263011 0.347131 0.8111911
