-0.4234272 0.02538225 0.2871303 
0.99946 1
0.99946 0
0.0005400776 1
0.0005400777 0
383
-0.005296379 -0.6327395 1.190631 0.569222 0.3585892
-0.1429588 -0.4820024 1.584435 0.2999969 0.1583425
-0.1993989 -0.4969749 1.307256 0.3083747 0.2477586
-0.2515613 -0.472702 1.340407 0.2327719 0.2233523
-0.3237551 -0.606654 0.9936345 0.2361249 0.4639437
-0.05160791 -0.5622514 1.287652 0.4871835 0.286799
-0.4055247 -0.5525081 1.605664 0.01566854 0.2051091
-0.2407179 -0.511468 1.615568 0.1906417 0.1719793
-0.3293874 -0.6102525 0.9917523 0.2286305 0.4679497
-0.1136986 -0.4787574 1.567537 0.3351986 0.1594675
-0.2506084 -0.5337536 1.311261 0.2454662 0.2736258
-0.412677 -0.5190039 1.591163 0.002420545 0.1886669
-0.3835849 -0.5467197 1.548096 0.0458453 0.2161646
-0.4034024 -0.5608161 1.787473 0.003340483 0.1661911
-0.01186714 -0.5857365 1.306936 0.5215107 0.2919105
-0.2646324 -0.5347193 0.9409475 0.3401709 0.4377685
0.07015774 -0.6619191 1.245203 0.6224006 0.3492572
-0.3996261 -0.5508373 1.801555 0.004356444 0.157365
-0.3834848 -0.5227118 1.622115 0.03362787 0.1819944
-0.2789847 -0.5111537 1.605245 0.1508336 0.175543
-0.2694779 -0.534248 1.202724 0.2490052 0.3149735
-0.2295681 -0.4528581 1.622598 0.1964103 0.1334237
-0.3966928 -0.5461863 1.603555 0.02473912 0.2015127
-0.1599235 -0.4452424 1.570287 0.2838498 0.1387869
-0.1429824 -0.4359777 1.575015 0.3009787 0.1312249
-0.1600664 -0.5053283 1.299925 0.3589799 0.253454
-0.1693649 -0.4403331 1.607784 0.264574 0.1272581
-0.4241665 -0.5673746 1.773145 -0.01596385 0.1737008
-0.3735324 -0.5239085 1.617506 0.04559258 0.1835381
-0.1303581 -0.4731945 1.299719 0.3957736 0.2303635
-0.2746815 -0.4733157 1.347175 0.2017132 0.2228096
-0.1875974 -0.4365897 1.624053 0.2409309 0.1216222
-0.2807142 -0.5216997 1.645808 0.1435885 0.1721822
-0.112485 -0.4173376 1.571445 0.3349149 0.1190447
-0.3087233 -0.4802562 1.359277 0.1561539 0.225497
-0.2504004 -0.4975641 1.330486 0.2385041 0.2434079
-0.1672374 -0.4565519 1.32919 0.341049 0.2114936
0.009645671 -0.3418034 1.480714 0.5026171 0.08433282
-0.4412788 -0.6655624 1.078396 0.05528554 0.470045
0.06538597 -0.5339887 1.441695 0.5569441 0.2181218
-0.2127533 -0.4487335 1.630031 0.2130764 0.1287011
-0.3457776 -0.538654 1.115471 0.1647673 0.3615239
-0.1980101 -0.459411 1.344412 0.298402 0.2102518
-0.2840003 -0.5434232 1.135847 0.2480651 0.3498359
-0.1811363 -0.5233483 1.279892 0.339457 0.2732485
-0.1149284 -0.4693944 1.299834 0.4146626 0.2269291
-0.1780173 -0.4896959 1.300822 0.3366494 0.2437803
-0.2166938 -0.4874831 1.311268 0.2853074 0.2410214
-0.2683396 -0.6527807 0.8625131 0.3649977 0.5601418
-0.5704114 -1.066716 1.162126 -0.03294021 0.6285979
-0.06097177 -0.5867686 1.306584 0.4681645 0.2957045
-0.3023897 -0.5386696 1.144172 0.2198067 0.344746
-0.2488982 -0.5274631 1.314607 0.2463488 0.2683181
-0.1861172 -0.4520122 1.609017 0.2466904 0.134903
-0.3527897 -0.5654711 1.265852 0.1280558 0.3173879
-0.1415416 -0.4666809 1.301682 0.3815453 0.2258621
-0.2216438 -0.644159 0.8401324 0.4448011 0.5615388
-0.2216813 -0.6418902 0.8395822 0.4451633 0.5605801
0.003284782 -0.6354198 1.266837 0.54769 0.3323115
-0.2463502 -0.6451371 0.8146262 0.4188099 0.5831727
-0.06455061 -0.6216986 1.192427 0.5033154 0.3564295
-0.1511768 -0.4717177 1.307637 0.3676496 0.2279183
-0.259536 -0.543951 1.158089 0.2753044 0.3385872
-0.007306606 -0.6369709 1.206122 0.5601221 0.3554021
-0.3380449 -0.5454059 1.11631 0.1767005 0.3649568
-0.2767569 -0.670101 0.9056648 0.3364137 0.5448443
-0.08392581 -0.5317767 1.266149 0.4603605 0.2772005
-0.1934058 -0.5597344 1.266478 0.3288763 0.3019077
-0.2589891 -0.6596447 0.8136191 0.399142 0.5944382
-0.2266262 -0.5517098 1.229594 0.2981513 0.312736
0.1755523 -0.5971602 1.424626 0.6618112 0.2533408
0.01776668 -0.3695903 1.468611 0.5137118 0.1068982
0.01773682 -0.3699704 1.468705 0.5136057 0.1071463
0.06147301 -0.5381434 1.429621 0.5570316 0.2239709
0.009996682 -0.6212826 1.21764 0.5762681 0.3411127
-0.269119 -0.6343297 0.9133906 0.3444935 0.5183727
-0.0594826 -0.6381391 1.167149 0.5173696 0.3750569
-0.3390102 -0.5700758 1.249836 0.1498236 0.3253676
-0.06310597 -0.6411506 1.183313 0.5066544 0.3708113
-0.08391866 -0.6331633 1.16615 0.4901396 0.3747372
-0.08795762 -0.6425431 1.154841 0.4889895 0.3848963
-0.2065854 -0.4417764 1.647448 0.2158135 0.1202558
0.04046744 -0.3785911 1.455267 0.5430611 0.1158568
-0.1058721 -0.4708718 1.358481 0.4054101 0.2095109
-0.1674889 -0.5569745 1.223357 0.3739377 0.3139862
-0.3481492 -0.5454425 1.174952 0.1492636 0.3402774
-0.3487129 -0.5450538 1.17372 0.1486758 0.3405876
-0.2658862 -0.5655161 0.941034 0.3384975 0.458764
-0.2222678 -0.6725373 0.9265432 0.4057941 0.525871
0.1977935 -0.4198462 1.463699 0.6977913 0.1378907
-0.03599146 -0.649649 1.188074 0.5343044 0.3714641
-0.03470835 -0.6504049 1.19009 0.5348472 0.3710135
-0.2389103 -0.5569789 0.9239461 0.3865829 0.4590651
-0.01000479 -0.6459973 1.215012 0.5525274 0.3573692
-0.3107767 -0.6741431 0.9961402 0.2591645 0.5009236
-0.06393054 -0.6448673 1.111169 0.5342238 0.4018277
-0.4219822 -0.5423597 1.79677 -0.02004004 0.1541429
-0.448119 -0.7677231 1.065662 0.06779948 0.5327755
-0.4468402 -0.7678438 1.066444 0.06943181 0.5322598
-0.4401002 -0.7647663 1.072201 0.07706732 0.5268382
-0.06096566 -0.6548086 1.103468 0.5397464 0.4103444
-0.2360827 -0.6407567 0.7812759 0.4506027 0.6017118
-0.3236882 -0.5632995 0.9726235 0.2386098 0.4474363
-0.1229202 -0.6290388 1.068968 0.4820004 0.416876
-0.2761435 -0.5318914 1.30158 0.215621 0.2773839
-0.3934643 -0.5677952 0.7841102 0.1780384 0.5860692
-0.1365874 -0.6659192 0.8925409 0.5384884 0.5288997
0.1442679 -0.6172873 1.218544 0.7181773 0.3288326
-0.087556 -0.6341465 1.131021 0.4994964 0.3897381
-0.05408177 -0.5706517 1.277748 0.4873834 0.295307
0.06861189 -0.5954694 1.416075 0.562714 0.2600157
0.1490763 -0.604353 1.208951 0.7305504 0.3245308
-0.4059876 -0.5771329 0.8017281 0.1513069 0.5812572
-0.233489 -0.6429805 0.8288354 0.4321952 0.5702046
-0.2486725 -0.6427366 0.8263744 0.4101587 0.5743523
0.1273412 -0.613354 1.169076 0.7255993 0.3452128
0.1436909 -0.5854593 1.217806 0.7247576 0.3111176
-0.2555447 -0.5509271 0.9233534 0.3613006 0.4576538
0.1255032 -0.6210986 1.206143 0.7039846 0.3365523
0.1308181 -0.6157267 1.227946 0.7002639 0.3257095
-0.07013866 -0.5368322 1.264346 0.476737 0.2801263
-0.02565023 -0.5763268 1.31312 0.5052106 0.2852747
0.2297402 -0.4302519 1.48813 0.7160885 0.1381485
0.01367432 -0.3494732 1.468828 0.5109916 0.09249306
0.1835973 -0.4414004 1.432667 0.6935264 0.1594647
0.03814396 -0.5442283 1.432818 0.5315779 0.2276965
-0.4209048 -0.5596623 0.7445523 0.135352 0.6189893
0.159365 -0.6019235 1.199596 0.7463614 0.3256466
0.09121326 -0.5944188 1.060914 0.7473414 0.379047
0.1338191 -0.5862844 1.13439 0.7568049 0.3418542
0.01510698 -0.6350996 1.200672 0.5870177 0.3545966
-0.2250372 -0.4427372 1.649625 0.1953924 0.120791
-0.2250958 -0.4430682 1.649995 0.1952871 0.1209248
-0.3759398 -0.5383906 1.12347 0.1186555 0.3606718
-0.06730321 -0.5968434 1.204087 0.4979308 0.3378223
0.1709676 -0.5259409 1.469819 0.6504897 0.2019696
-0.2456947 -0.457067 0.9532124 0.3655345 0.3712463
-0.1607821 -0.6646714 0.9948148 0.4612072 0.4768213
0.06835964 -0.6661023 1.23693 0.6233837 0.3544667
-0.1759378 -0.665162 0.7406657 0.561715 0.6326356
-0.2412359 -0.6647218 0.7569389 0.4523255 0.6337236
-0.2403619 -0.6659122 0.7569445 0.453594 0.6341977
-0.4286164 -0.6043969 0.7797231 0.1206712 0.6205613
-0.2567931 -0.6656549 0.7669467 0.4230533 0.6300891
0.2280303 -0.4308324 1.461186 0.7266284 0.1447076
0.007497013 -0.5265691 1.431024 0.5023162 0.2190802
-0.02949107 -0.5385631 1.286612 0.5145203 0.2713214
-0.2013236 -0.4819779 1.306954 0.3056323 0.2378381
-0.1778858 -0.6112404 0.9817171 0.4477653 0.4543685
-0.3856016 -0.4545613 0.6720361 0.2163478 0.5992797
-0.2779078 -0.6450009 0.9701639 0.3120846 0.4937249
-0.2429223 -0.5542244 1.308301 0.2569522 0.2871578
-0.2163032 -0.4613388 1.342989 0.2759836 0.2129096
-0.3547843 -0.674401 0.945446 0.2100134 0.5357856
0.05938086 -0.620632 1.31685 0.5881712 0.304036
-0.05777627 -0.6458074 1.135774 0.5311117 0.3916759
0.03310665 -0.6336898 1.234453 0.5924271 0.3403912
-0.1725039 -0.6686807 0.8590268 0.504782 0.555621
0.1072308 -0.6154112 1.04463 0.7691554 0.3965878
-0.2638066 -0.5289991 0.9256473 0.3474596 0.4423649
0.08898243 -0.667881 1.370858 0.5906209 0.310716
-0.3858725 -0.4401976 0.6704643 0.2140786 0.5890113
-0.493495 -0.6617039 0.7884798 0.01405048 0.6618718
0.1349329 -0.6642364 1.010717 0.8058313 0.4356143
-0.2381229 -0.6577604 0.7398214 0.4663691 0.6419151
-0.1919716 -0.6582795 0.9766322 0.4279279 0.4864678
-0.2354094 -0.6291823 0.7822981 0.4521303 0.5941157
0.09153488 -0.6261325 1.076677 0.7313441 0.3909143
-0.2492255 -0.5569239 0.9209902 0.3719663 0.4621661
-0.2435014 -0.656852 0.9653696 0.3621445 0.4985005
-0.2466871 -0.6445482 0.8403578 0.4070267 0.565897
0.3888744 -0.5859418 1.298955 0.9201363 0.2715874
0.3852114 -0.5586896 1.293186 0.9283272 0.2583716
0.3538379 -0.4255918 1.368932 0.8975472 0.1597356
0.3703391 -0.5228765 1.29511 0.9246792 0.2380472
0.3697608 -0.5496967 1.297952 0.9142047 0.2527189
0.3678398 -0.4560033 1.329141 0.9241682 0.1885357
0.3734001 -0.5853454 1.301521 0.9049087 0.2713413
0.1982115 -0.61051 1.1702 0.7993549 0.3379134
0.3742729 -0.5049497 1.302813 0.9297001 0.2251536
-0.2555713 -0.6481575 0.8790718 0.3775875 0.5450418
-0.2599569 -0.4898174 0.9726189 0.3347369 0.3875968
0.1167891 -0.5898556 1.028683 0.7963983 0.3874489
-0.4118932 -0.4192583 0.6124835 0.1695567 0.6415394
0.1878805 -0.5771974 1.074986 0.8520064 0.3547356
-0.1644067 -0.627695 1.006814 0.4542942 0.449961
0.09695885 -0.5885578 1.088575 0.7401422 0.3638493
0.07975653 -0.579371 1.102437 0.715431 0.3543531
-0.4891123 -0.6683706 0.7498435 0.0304015 0.6964815
-0.4470208 -0.6634651 0.7318718 0.1110933 0.69885
-0.4466997 -0.6619461 0.7305241 0.1116806 0.6990992
-0.4534642 -0.6700228 0.7305872 0.1009577 0.7050996
-0.5778786 -1.056444 1.171258 -0.04412991 0.6215425
0.19515 -0.5636193 1.426978 0.684886 0.2333833
-0.2757003 -0.5261437 0.9275312 0.3277229 0.4409054
-0.2202886 -0.6468477 0.8023765 0.4643113 0.5876886
-0.173089 -0.6486175 0.7736915 0.5503652 0.5995573
-0.2447486 -0.6565655 0.8956908 0.3866539 0.5381168
0.1797023 -0.5284979 1.470769 0.6580058 0.2028756
0.1738025 -0.5618069 1.420084 0.667825 0.2351503
-0.1167898 -0.5769157 1.16937 0.4541775 0.3429781
-0.4890926 -0.6620318 0.7905765 0.0218496 0.6593881
-0.268975 -0.5663477 0.9418508 0.3334814 0.4592767
-0.286997 -0.5495343 1.023528 0.2775195 0.4066926
-0.2276334 -0.6637771 0.7496504 0.4773565 0.635777
-0.2251073 -0.6489246 0.7799491 0.4676415 0.6052231
-0.2201343 -0.5588708 0.9338002 0.4107639 0.4521971
-0.3777742 -0.4337436 0.6371649 0.2478677 0.6156898
-0.231061 -0.4798299 0.9512305 0.3894701 0.3880854
-0.1249264 -0.6219584 1.072544 0.4786513 0.4113327
-0.1864109 -0.6610786 0.9719653 0.4370409 0.4897693
-0.3216922 -0.592418 0.8468268 0.2855699 0.5429755
0.124467 -0.6717005 1.010367 0.7924277 0.4408795
0.1537235 -0.6683522 1.013615 0.8234748 0.4346423
0.1611468 -0.569706 1.154729 0.7795364 0.322598
0.1650875 -0.6021017 1.17275 0.7659524 0.3347028
0.4118096 -0.552863 1.318037 0.9405348 0.2468482
-0.06568047 -0.4774706 1.351426 0.4541729 0.214125
-0.09178987 -0.4618431 1.332339 0.4313465 0.2105904
0.382027 -0.5921968 1.274747 0.9252609 0.2823915
0.01357242 -0.3309752 1.462614 0.5151151 0.08027345
-0.04425627 -0.6436312 1.189874 0.5250437 0.3681295
-0.2843484 -0.639715 0.8387765 0.3498914 0.5706803
-0.1460701 -0.6533164 1.050069 0.4587004 0.4419776
-0.1590972 -0.6413983 1.003674 0.4615378 0.4589058
-0.3359786 -0.4096995 0.5699553 0.3924874 0.658812
0.1322778 -0.655969 1.017333 0.8014554 0.428517
0.1284557 -0.6133921 1.015823 0.810428 0.4056278
-0.2872732 -0.5422313 1.126112 0.2461144 0.3535751
-0.2623374 -0.5221217 1.171613 0.2664129 0.3186665
-0.2322849 -0.5518069 1.246892 0.286147 0.3067786
-0.3757824 -0.5388043 1.34968 0.0800049 0.2716405
-0.236485 -0.4482394 1.657495 0.1819452 0.1228523
-0.4270565 -0.5555537 0.6311347 0.1567547 0.7263772
-0.4078048 -0.4755042 0.5939745 0.2001674 0.7072964
-0.3906898 -0.4383535 0.6267138 0.2216103 0.6348192
-0.4169747 -0.4250575 0.6118963 0.1577607 0.6489007
-0.4636012 -0.6619384 0.7620387 0.07352379 0.6766272
-0.1094728 -0.672107 0.8791746 0.5806088 0.5359501
-0.024459 -0.6742085 0.9116029 0.6726438 0.5073209
0.3861491 -0.4129571 1.349278 0.9441352 0.1554267
-0.2829265 -0.5189744 1.715455 0.1304061 0.1546396
-0.4813737 -0.6647089 0.7248096 0.04848969 0.7143145
-0.3331277 -0.4130497 0.548169 0.4158935 0.6881306
-0.2252757 -0.4822102 0.9578308 0.3956538 0.3856473
0.01977053 -0.583069 1.381419 0.5275717 0.2655849
-0.2633015 -0.5623486 0.9296783 0.3467804 0.4627659
0.3708401 -0.411242 1.355255 0.9263914 0.1533047
-0.1211198 -0.6532511 0.9128861 0.5511314 0.5081636
-0.1921614 -0.6540312 0.8119296 0.501115 0.58038
-0.2484882 -0.468549 0.9570957 0.3592495 0.378423
-0.2044773 -0.6394169 0.7924289 0.4941392 0.5872682
-0.1722153 -0.6601605 0.7689085 0.5524321 0.6091729
-0.1326618 -0.6655276 0.8812109 0.5494088 0.5345858
-0.07014692 -0.6662213 0.8834867 0.6313345 0.5245066
-0.1387098 -0.6619562 0.629342 0.6917737 0.709825
-0.1466472 -0.6668845 0.8719703 0.5346739 0.5428437
-0.09952787 -0.6653442 0.8462222 0.6126426 0.5499166
-0.1698198 -0.6622777 0.8513972 0.5130016 0.556254
0.3601524 -0.5335226 1.308082 0.904587 0.2410802
0.3921571 -0.5688325 1.227329 0.9693202 0.2831297
0.400002 -0.5607832 1.242542 0.9703704 0.2735515
0.3915859 -0.5913795 1.276893 0.9330221 0.2807891
0.1789785 -0.5787601 1.073451 0.84271 0.3570098
0.3368708 -0.4164655 1.367125 0.8848953 0.1548073
-0.3389485 -0.442029 0.5167739 0.4219408 0.7556883
-0.3588546 -0.4137356 0.5296471 0.359787 0.7235022
-0.3264385 -0.4480056 0.5168962 0.4539731 0.7549349
-0.1391912 -0.6552272 1.056534 0.464611 0.4393124
-0.3523419 -0.4317025 0.5282384 0.3781988 0.7373279
-0.2619245 -0.4960892 0.9599473 0.3366315 0.3992714
-0.3772757 -0.5161839 1.555865 0.04701081 0.1948663
-0.4310384 -0.60819 0.633881 0.158224 0.7561957
-0.4063932 -0.600559 0.5879154 0.2262214 0.7937641
-0.3948638 -0.429854 0.6078792 0.2184318 0.6504271
-0.4325718 -0.6654042 0.6293137 0.1675344 0.7918411
-0.3917609 -0.4399095 0.6130307 0.225591 0.6518455
-0.4230092 -0.60769 0.6147078 0.1815604 0.7736832
0.1319089 -0.6237805 1.415081 0.6205326 0.2724033
-0.11193 -0.6649848 0.7973047 0.6230127 0.5820205
-0.09914896 -0.4649949 1.370804 0.4093732 0.2016743
-0.4377195 -0.6575183 0.6454633 0.1508594 0.7730857
-0.118885 -0.4459425 1.60681 0.3192348 0.1299144
-0.1106057 -0.4213468 1.577477 0.3353881 0.120311
-0.4263855 -0.5842826 0.6254908 0.1661253 0.749772
-0.3314337 -0.6711918 0.982381 0.2336439 0.5095714
-0.4451372 -0.6635769 0.6448503 0.1375547 0.7790086
-0.4518543 -0.7699448 1.070572 0.06246337 0.5318568
-0.45139 -0.6589845 0.6499684 0.1226855 0.7733943
0.09971884 -0.6607668 1.043665 0.7496294 0.4231237
0.387082 -0.4447148 1.327172 0.9474627 0.1812636
-0.4072708 -0.4385433 0.6145468 0.1851292 0.6539742
-0.3996045 -0.5124353 0.5804536 0.2325358 0.7466456
-0.1285471 -0.5892913 1.099271 0.4659764 0.3803491
-0.1200127 -0.6545393 0.9061821 0.5557148 0.5124396
-0.377014 -0.4607596 0.6037115 0.2696289 0.6744277
-0.1935356 -0.6643372 0.7619866 0.5234301 0.6204143
-0.161589 -0.6659527 0.8526961 0.5235032 0.5561945
-0.06589422 -0.6605919 0.7248198 0.7352107 0.6198002
-0.3959374 -0.4819094 0.6150551 0.2210606 0.6837263
-0.4671246 -0.6608614 0.708334 0.07806408 0.7233024
-0.07599235 -0.6634132 0.889774 0.6208698 0.5202821
-0.1319261 -0.6657926 0.8030492 0.5913245 0.5822276
-0.1524606 -0.64149 0.6879224 0.6351947 0.6542654
-0.07094699 -0.6653682 0.8084244 0.6731995 0.5683018
0.1271475 -0.584701 1.143616 0.74506 0.3380268
-0.07268444 -0.6388757 1.154794 0.5070184 0.3814852
0.02803913 -0.3368486 1.453545 0.5345764 0.0864352
0.3600605 -0.5480655 1.196241 0.9647539 0.2827833
0.4153664 -0.566951 1.216808 0.9979277 0.2839511
-0.03048411 -0.6334521 1.181926 0.5447307 0.3642992
-0.0007593334 -0.5931597 1.203178 0.5742422 0.3309335
0.03342143 -0.652755 1.231938 0.5911593 0.3516765
-0.1633158 -0.6295221 0.6340729 0.6577 0.6943385
-0.3591883 -0.5606593 0.5261313 0.359646 0.8284711
-0.3549425 -0.5723609 0.5238078 0.3705579 0.8362444
-0.3383057 -0.4411572 0.5187742 0.4221799 0.7519986
-0.2263365 -0.6208606 0.6162516 0.5634435 0.7217834
-0.3299203 -0.4227814 0.6006774 0.3858389 0.6319566
-0.2106213 -0.642062 0.6788566 0.5468106 0.6749648
-0.3052072 -0.5406491 1.333839 0.1728686 0.2738013
-0.2494969 -0.5267165 1.081671 0.3121555 0.3592757
-0.278887 -0.6427543 0.9145089 0.3297595 0.5241765
-0.3439391 -0.5692977 0.7830296 0.2693314 0.5776716
-0.2710036 -0.5237463 0.9396577 0.3304886 0.4316521
-0.2681098 -0.6527212 0.9396123 0.3366518 0.5138555
-0.09598842 -0.4846912 1.292985 0.4391998 0.2384391
-0.121346 -0.6092425 1.198277 0.4362379 0.3515965
0.2394533 -0.5503758 1.349289 0.7645831 0.2450092
0.07950833 -0.680107 1.190542 0.6525027 0.3774853
-0.1264579 -0.650131 0.7089335 0.6594858 0.6375493
-0.2156611 -0.6001071 1.050313 0.3703879 0.4180936
-0.3816211 -0.4322711 0.6020627 0.2557371 0.654911
-0.3253928 -0.5977306 0.8140531 0.2917505 0.5696175
-0.3543468 -0.564261 0.6236532 0.3175685 0.7175549
-0.3580523 -0.5668088 0.5987142 0.3223072 0.7465515
-0.4226654 -0.4754358 0.6390743 0.1456645 0.6606632
-0.2603613 -0.5253776 0.9322373 0.350274 0.4355797
-0.2288312 -0.5756312 1.018652 0.3639567 0.4195675
-0.2615873 -0.6527185 0.9067506 0.358013 0.5319296
0.3621533 -0.5057262 1.297596 0.9209689 0.2276061
-0.1043629 -0.6561341 0.9124254 0.5731629 0.5077184
0.4866582 -0.5704135 1.320602 0.9995501 0.2522515
-0.4228891 -0.62911 0.6099701 0.1872479 0.7903546
0.2418236 -0.6077898 1.386474 0.7375571 0.2662659
-0.2549599 -0.5312503 1.725179 0.1590036 0.1588842
-0.360241 -0.5384387 1.174793 0.1311958 0.3367094
-0.2156805 -0.4538748 1.320133 0.2826726 0.2148316
-0.2943388 -0.5461113 1.678176 0.1270351 0.179344
-0.4319038 -0.6693593 0.6248186 0.1710004 0.7982035
0.2033367 -0.5914768 1.075809 0.8637079 0.3615168
0.04413944 -0.5989926 1.346359 0.5638619 0.2837549
-0.4025503 -0.5729016 0.5851059 0.2320847 0.7799867
-0.2168476 -0.6314957 0.7139509 0.5177664 0.6423461
-0.135367 -0.6448703 0.6671077 0.6753454 0.6687801
-0.07142517 -0.6662261 0.7245083 0.7257739 0.6241488
-0.194152 -0.6174595 0.6764408 0.5804028 0.6591658
-0.04158661 -0.6699344 0.713254 0.7748401 0.62826
0.006423324 -0.6683868 0.76537 0.8044866 0.5839614
-0.3286749 -0.5644498 0.8049572 0.2877527 0.5552154
0.3548959 -0.5881457 1.145486 0.9767783 0.3227366
-0.0367555 -0.6662104 0.7204974 0.7777596 0.6202829
-0.2168854 -0.6229369 0.6912168 0.5322218 0.6554899
-0.06841141 -0.6672013 0.8757336 0.6376219 0.5291473
0.04776171 -0.6542225 1.23736 0.6037091 0.3495004
0.1251568 -0.6194935 1.21811 0.6982996 0.3315521
-0.08694908 -0.6654852 0.7162097 0.7091714 0.632663
-0.130396 -0.664204 0.7052293 0.6523412 0.6488249
-0.4503613 -0.6547366 0.6528966 0.1229833 0.7679695
-0.2177695 -0.5986986 0.628135 0.5754511 0.6958865
-0.4113981 -0.6608044 0.5974067 0.2202057 0.8162535
-0.02100512 -0.6648188 0.8746916 0.7000685 0.5215904
0.1388128 -0.6679108 0.8094904 0.9404393 0.5365561
-0.06770062 -0.6556302 0.7328163 0.7286809 0.6118576
-0.06097478 -0.6610358 0.8362155 0.6712313 0.547454
-0.2394721 -0.626221 0.6930251 0.4926531 0.661083
-0.005842477 -0.6658002 0.7487801 0.8005351 0.595364
-0.02875808 -0.6667709 0.7927806 0.73962 0.571802
-0.2004202 -0.6574622 0.648433 0.5795572 0.7063468
-0.1303517 -0.6594785 0.6328506 0.7033169 0.7035346
-0.05361101 -0.666486 0.8848046 0.6520476 0.5215565
-0.2209092 -0.6182019 0.6187094 0.5720258 0.7165596
-0.1224791 -0.6697111 0.8078986 0.6012356 0.5796655
