-0.03227768 0.009903153 9.457162E-05 
0.99946 1
0.99946 0
0.0005400776 1
0.0005400777 0
13
0.03513417 -0.5349042 1.115014 0.6336944 0.246278
-0.08422673 -0.3851135 1.143092 0.4985183 0.1318523
0.3182793 -0.3893997 1.178173 1.001814 0.1383759
0.1825911 -0.4784282 1.047658 0.8302076 0.2352765
-0.2430703 -0.4832206 0.8653316 0.2468425 0.2901709
-0.1826587 -0.5662462 0.7373662 0.3148147 0.4094876
-0.1195267 -0.6055701 0.5804462 0.3846366 0.5298962
0.009293634 -0.6087402 0.3599027 0.59363 0.7202537
0.02299469 -0.4984784 1.177676 0.6221827 0.2043967
-0.1932592 -0.4797396 0.8139432 0.3065241 0.311334
-0.1404772 -1.130973 0.3708501 0.3522342 0.9042359
-0.2615875 -0.6143866 0.4729263 0.1120503 0.6062838
0.1469612 -0.5912896 0.6343676 0.8164834 0.4987229
