-0.7265973 0.04350443 0.3658278 
0.99946 1
0.99946 0
0.0005400776 1
0.0005400777 0
430
0.1417677 -0.5853695 1.221805 0.9515707 0.3371385
0.1318299 -0.6637529 1.012948 1.072039 0.4490553
0.1434162 -0.6159799 1.222535 0.9441968 0.3530838
0.1130641 -0.5885316 1.028752 1.069739 0.4050196
0.08796638 -0.5934356 1.061944 1.017483 0.3993428
-0.007905424 -0.6355094 1.198191 0.8202258 0.3885611
-0.0280624 -0.5784133 1.320242 0.7394058 0.3232309
-0.07172567 -0.5436313 1.269018 0.7336203 0.3230948
-0.1462499 -0.4771033 1.583648 0.5098953 0.2120239
-0.2039517 -0.4939275 1.306085 0.5841206 0.29661
-0.2537593 -0.4709846 1.34115 0.5137787 0.2771834
-0.2295495 -0.5185519 0.9427329 0.7926879 0.4539307
-0.2437201 -0.5511629 0.9191831 0.7856006 0.4897046
-0.3285421 -0.6071169 0.9979793 0.610965 0.5017638
-0.05020505 -0.5727653 1.301367 0.7304671 0.327821
-0.27721 -0.5379185 1.31792 0.4965914 0.327947
-0.2400241 -0.5481092 1.299637 0.5448128 0.3353865
-0.4099173 -0.5500351 1.605683 0.2471655 0.2690032
-0.2459672 -0.5120517 1.620334 0.4011106 0.2312105
-0.2453428 -0.5128251 1.626207 0.3995561 0.2303144
0.1488196 -0.6061109 1.215395 0.9563143 0.3493685
-0.336016 -0.6098793 0.9912338 0.6056988 0.5081614
-0.1156394 -0.4769238 1.572913 0.5429054 0.2120162
-0.351769 -0.4350771 0.5290085 1.144636 0.7354873
-0.4554874 -0.6602768 0.6487242 0.6941884 0.80002
-0.4537205 -0.6617151 0.6503151 0.6951829 0.7986329
-0.3804095 -0.6229125 0.5469335 0.9411418 0.8483824
-0.3455359 -0.6267985 0.9955057 0.5891057 0.5178115
-0.26655 -0.5364542 1.19288 0.5739176 0.3673614
-0.3457588 -0.4093729 0.5721627 1.101404 0.6646716
-0.4299949 -0.6597545 0.488816 0.9135377 0.9555836
-0.4413854 -0.6584195 0.5008918 0.8789066 0.9464989
-0.4438068 -0.6579273 0.4837763 0.8968237 0.9683448
-0.456306 -0.6620259 0.5165733 0.8320266 0.9372954
-0.4693474 -0.65875 0.5218877 0.8041214 0.93628
-0.4691807 -0.6604612 0.5111508 0.816476 0.9496599
-0.3623505 -0.4319679 0.5278163 1.129215 0.7396678
-0.3768101 -0.6222911 0.5407358 0.955315 0.8529418
-0.3647545 -0.5640166 0.5254154 1.030497 0.8320903
-0.381691 -0.5576323 1.24994 0.4110711 0.3755118
0.372951 -0.5857711 1.30729 1.080982 0.292429
-0.2523489 -0.5576352 0.9216391 0.7710559 0.4943292
-0.2515648 -0.5598032 0.9235321 0.7699796 0.4945746
-0.3782243 -0.5376422 1.120024 0.4811301 0.4127747
-0.4704927 -0.6566498 0.5274869 0.7963562 0.9293871
-0.1539108 -0.5071141 1.058816 0.7949265 0.3829528
-0.2223237 -0.6615603 0.9394172 0.7688661 0.5404495
-0.227514 -0.5125933 1.618527 0.4191969 0.2305273
-0.003950655 -0.5997894 1.205578 0.8269424 0.3664769
-0.2533515 -0.53297 1.31284 0.5249519 0.3238348
-0.4961245 -0.6659005 0.7904367 0.5155756 0.7012617
-0.05868059 -0.6416124 1.174443 0.7859361 0.4061938
-0.414992 -0.5234355 1.601475 0.2408428 0.2554514
-0.5109884 -0.6606196 0.548521 0.699337 0.9272933
-0.4882645 -0.657018 0.4975724 0.7997449 0.9750621
-0.2607099 -0.541476 1.161082 0.5984528 0.381236
-0.3875233 -0.5471732 1.552415 0.2865406 0.2786939
-0.38846 -0.5480401 1.552475 0.2856194 0.2792526
-0.01688838 -0.6498833 1.175696 0.8229789 0.4046785
-0.4099144 -0.6023093 0.5859951 0.8538445 0.8102856
-0.2689226 -0.5631191 0.9363252 0.7371916 0.4936893
-0.5177658 -0.6629363 0.5751341 0.6592861 0.9017239
-0.7126566 -1.192618 1.284163 0.1056134 0.6948488
-0.4873848 -0.665167 0.5512089 0.7371396 0.9146227
-0.4677806 -0.6647604 0.7097096 0.6203359 0.7541636
0.1014631 -0.6123297 1.04366 1.038067 0.4145499
-0.5319516 -0.6603217 0.5910947 0.6190271 0.8898162
-0.4248472 -0.4641059 0.6349714 0.8265954 0.6784554
-0.4287761 -0.5819268 0.6234943 0.7870114 0.7697415
-0.4284317 -0.5860671 0.6243808 0.7851633 0.7711844
-0.4083304 -0.5589216 1.788444 0.1991822 0.2327081
-0.404585 -0.5677065 1.810623 0.1980004 0.2324796
0.3550267 -0.4252256 1.377192 1.06935 0.1901806
-0.00982374 -0.5876921 1.317792 0.7559544 0.3270771
-0.4084339 -0.5834048 0.5886238 0.8613014 0.7963115
-0.4318057 -0.5532199 0.630271 0.7844473 0.7470498
-0.4570931 -0.6742309 0.7616907 0.5939839 0.7148372
-0.2707524 -0.528504 0.9349072 0.7438983 0.4724534
-0.4237742 -0.6597453 0.4823687 0.9327961 0.9600885
-0.5096234 -0.6636996 0.568567 0.6801675 0.9054123
0.08579206 -0.6197262 1.074159 0.9972506 0.4098644
-0.4129451 -0.6662388 0.5983928 0.8103822 0.8329185
-0.4142537 -0.6622043 0.5968652 0.8113574 0.8329197
-0.4459847 -0.6567429 0.6692684 0.6911422 0.7763034
0.07231838 -0.6637838 1.252428 0.852493 0.3767463
-0.4266229 -0.5457382 1.810652 0.1751214 0.2225249
-0.4027479 -0.5489833 1.803555 0.1995716 0.2240294
-0.009942353 -0.6349054 1.205643 0.8138055 0.3860865
0.08265775 -0.5762996 1.100993 0.9878716 0.3768262
-0.3852092 -0.5197021 1.622057 0.2646295 0.2459799
-0.4077945 -0.5620921 0.586058 0.8750745 0.7860875
-0.4009755 -0.5787885 0.5791984 0.8876332 0.7999586
-0.4344053 -0.6670343 0.6289643 0.7449259 0.813267
-0.4281423 -0.631485 0.6178316 0.7772702 0.8027096
-0.3800976 -0.6619471 0.5533413 0.9148506 0.8612266
-0.4634641 -1.070884 1.08859 0.3961714 0.6946917
0.1936423 -0.4184811 1.463499 0.8818661 0.1794604
-0.5854753 -1.080749 1.188279 0.2415999 0.6761611
-0.5142021 -0.6608157 0.5740973 0.667164 0.9001678
-0.162721 -0.6675779 0.998235 0.7915368 0.5048069
-0.2804563 -0.5251088 1.640052 0.3616173 0.2367373
-0.5887486 -1.083099 1.18103 0.2406607 0.680815
-0.5611159 -0.5615563 1.94318 0.02404442 0.2137363
-0.1311991 -0.4595339 1.373051 0.6270152 0.2495127
-0.3884928 -0.6081609 0.5587685 0.9201807 0.8318796
-0.2793857 -0.5336093 1.198773 0.5562402 0.3652329
-0.2692635 -0.5286077 0.9259436 0.7530469 0.4767713
-0.2583464 -0.4860004 0.9758776 0.737107 0.4213755
-0.2744457 -0.5223716 0.9393518 0.7369688 0.4668808
-0.4446 -0.7671382 1.073336 0.420353 0.5737015
-0.467199 -0.7669382 1.084759 0.388685 0.5725688
-0.7236404 -1.31794 1.287182 0.11233 0.7329334
-0.01919597 -0.6269813 1.163823 0.8334843 0.3968094
-0.2779021 -0.4999076 0.9618846 0.719615 0.4412492
-0.419757 -0.4207838 0.6158968 0.8829013 0.6610442
-0.42074 -0.4180992 0.614259 0.8847399 0.6609025
-0.2333219 -0.4510944 1.625215 0.410898 0.194241
-0.3971432 -0.5465378 1.615819 0.2566938 0.2635139
-0.1632898 -0.4440974 1.576105 0.4983768 0.1954784
-0.4140116 -0.4177692 0.6114674 0.9022119 0.6606069
-0.1462649 -0.4346671 1.578089 0.514172 0.188271
-0.3584625 -0.5767512 0.5231121 1.036446 0.8388784
0.02093422 -0.5949649 1.271637 0.8097528 0.3409394
-0.1636193 -0.5011913 1.299777 0.6292682 0.2986429
-0.1740586 -0.4356219 1.607564 0.4750711 0.1846981
-0.4469067 -0.662362 0.748405 0.6212215 0.7152567
-0.06451219 -0.4762418 1.353964 0.7017544 0.2586985
-0.04559427 -0.4744254 1.350729 0.7222976 0.256713
-0.09157407 -0.4479193 1.343858 0.6849731 0.2461983
-0.1311263 -0.432517 1.578518 0.5284643 0.1858877
-0.2282854 -0.5291383 1.595997 0.4269736 0.2447438
-0.2492245 -0.4700024 1.333489 0.5226685 0.2782924
-0.4253697 -0.5718523 1.789501 0.1843383 0.2404469
0.1076098 -0.6099218 1.225175 0.9129893 0.3530659
-0.1080891 -0.4572453 1.359859 0.6579043 0.2494096
-0.1050126 -0.4578648 1.360938 0.6603114 0.2492403
-0.4950713 -0.6782085 0.7218608 0.5662239 0.7607529
-0.4574617 -0.7777086 1.075757 0.4043099 0.5801542
-0.3785252 -0.5148085 1.611445 0.2743432 0.245123
-0.5933599 -0.7891523 1.18566 0.2025651 0.5603155
-0.180508 -0.463094 1.356695 0.5846633 0.2606297
-0.3633857 -0.5400667 1.321222 0.3999251 0.3383201
-0.06914979 -0.6388062 1.109535 0.8182362 0.4291666
-0.1342946 -0.4745385 1.301142 0.6623269 0.2786665
-0.2434953 -0.543812 0.9254817 0.7826347 0.481746
-0.278241 -0.4724932 1.348951 0.4829642 0.2784166
0.157608 -0.6047152 1.204981 0.9713775 0.3507177
0.1556681 -0.6030787 1.202098 0.9721566 0.3509111
-0.3531887 -0.4418084 0.5906301 1.033606 0.6753448
-0.4258553 -0.4943092 0.6320627 0.8155803 0.7037272
-0.4178688 -0.4747166 0.6086414 0.869109 0.7095083
-0.1889814 -0.4367267 1.632083 0.4508538 0.1814299
-0.2855999 -0.5212095 1.651118 0.3528104 0.2325532
-0.4040587 -0.4260247 0.6236909 0.8994551 0.6510569
-0.3234571 -0.5368459 1.094745 0.5641385 0.4139674
-0.4718604 -0.6555317 0.7911259 0.5524516 0.687636
-0.3046266 -0.5450107 1.345684 0.4538288 0.3267289
-0.5853703 -0.5573654 1.946702 -0.0002097487 0.2124612
0.1236888 -0.6122666 1.169968 0.9639268 0.3692347
0.1285266 -0.6157165 1.175731 0.9631806 0.3687172
-0.1303856 -0.6716642 0.888585 0.9092307 0.5526522
-0.4156431 -0.5169894 1.654557 0.2238957 0.2393875
-0.1184518 -0.4713661 1.415908 0.6157291 0.2448345
-0.3509895 -0.4521779 0.587719 1.035035 0.6853608
-0.2129488 -0.464506 1.355116 0.5511239 0.2650734
0.1304131 -0.586837 1.134471 1.003205 0.3657858
0.02417076 -0.6269551 1.226871 0.8335432 0.3710965
-0.3403717 -0.4166707 0.5493973 1.145416 0.6925625
-0.3521979 -0.4231318 0.567907 1.085719 0.6833206
-0.4179248 -0.589506 0.7723877 0.6582937 0.6464795
-0.2110319 -0.4380373 1.646166 0.4242892 0.1808348
-0.4244578 -0.4255082 0.6212213 0.8637322 0.6615371
-0.3976898 -0.4346222 0.637813 0.8874203 0.6419316
-0.3137514 -0.6760151 0.9988102 0.6195846 0.5373541
-0.4121765 -0.459689 0.5989522 0.900802 0.7058354
-0.4054598 -0.6363596 0.5809753 0.8529388 0.8316348
-0.4060594 -0.6337174 0.5804959 0.8535895 0.8309993
-0.4104497 -0.5670818 0.5821517 0.8730525 0.7942339
-0.4199712 -0.5564667 0.6077899 0.8298603 0.7660506
-0.3997587 -0.6119245 0.5773926 0.8768653 0.8198235
-0.4005188 -0.6091536 0.5767184 0.8776356 0.8193299
-0.4238473 -0.6537166 0.7209233 0.6800694 0.724261
-0.4028947 -0.5292813 1.567813 0.2643343 0.266015
-0.2194634 -0.5326392 1.285684 0.5750561 0.3281673
0.01230401 -0.6331231 1.201573 0.8372619 0.3837234
-0.2697912 -0.5660474 0.9428749 0.7303983 0.4923985
-0.2703294 -0.5084926 0.948269 0.7383984 0.4523014
-0.1157364 -0.4156621 1.57357 0.5462484 0.1756967
-0.4909827 -0.6611822 0.5262845 0.7595912 0.9433151
-0.4528549 -0.6657043 0.8334894 0.5492663 0.6582491
-0.3126733 -0.4802089 1.364828 0.4371512 0.2822945
-0.1646533 -0.4752001 1.626077 0.4753262 0.2033951
0.02589446 -0.3720678 1.461835 0.7427646 0.1617414
-0.2645397 -0.5118967 1.689333 0.3593569 0.2178167
-0.2415463 -0.6010315 0.928362 0.768527 0.5153514
-0.3267607 -0.5540308 0.977964 0.6340777 0.4786353
-0.5614896 -0.5795637 1.504383 0.1169798 0.3276118
-0.2541244 -0.4952205 1.328767 0.5182889 0.2960835
-0.2767908 -0.6670024 0.9722535 0.681505 0.5381168
-0.007562459 -0.6188809 1.213568 0.8144192 0.3747327
-0.4089886 -0.4676157 0.6092565 0.8884043 0.6998734
-0.411926 -0.4757721 0.5924445 0.9018053 0.724363
-0.3871803 -0.5679937 0.5533215 0.9502778 0.8145238
-0.3635711 -0.5593494 0.5304016 1.028239 0.8233115
-0.4173485 -0.6264961 0.5972432 0.8189842 0.8154366
-0.4186751 -0.6226409 0.5962458 0.8193594 0.8149157
-0.415171 -0.4414362 0.6078477 0.8922795 0.6839355
-0.3359085 -0.4152182 0.5474 1.158677 0.6915007
-0.3375229 -0.4123239 0.5464046 1.160009 0.6909437
-0.2934057 -0.5425209 1.150618 0.5665992 0.3905442
-0.1790324 -0.453114 1.621464 0.4642582 0.1925541
-0.4277459 -0.4530111 0.6451398 0.8130271 0.6613847
-0.4416602 -0.6152954 0.7608583 0.6269302 0.6777344
-0.4284891 -0.6183559 0.6170177 0.781948 0.7965235
-0.4063511 -0.4862674 0.5898911 0.9101592 0.7320707
-0.7010734 -1.348184 1.29143 0.1357152 0.7356598
-0.2609868 -0.4806177 0.9227157 0.7789803 0.4438286
-0.4417977 -0.5433071 1.255328 0.3364632 0.3730483
-0.2345772 -0.5587166 1.102663 0.6620628 0.4103834
-0.3448232 -0.5658197 1.548795 0.3320418 0.2861055
-0.5947305 -0.5618199 1.304471 0.1288533 0.3878669
-0.5550812 -0.5862468 1.501146 0.1261162 0.3316541
-0.2973657 -0.4675284 1.322176 0.4748183 0.2850813
-0.5968381 -0.5719255 1.296321 0.1304089 0.3974353
-0.4335278 -0.5564546 1.10017 0.4204808 0.4425938
-0.3989633 -0.5517544 1.252705 0.3894077 0.3733052
-0.5731313 -0.6061699 1.923612 0.02383637 0.2408907
-0.1614754 -0.4588349 1.348904 0.6091275 0.2582334
-0.5011833 -0.6694424 0.8202405 0.4876276 0.683251
-0.6220427 -0.5721077 1.195119 0.1281017 0.4430884
-0.4391796 -0.5565737 1.332411 0.3090969 0.3538805
-0.06386161 -0.653257 1.105537 0.8228509 0.4376298
-0.3701226 -0.5715994 1.076493 0.5142136 0.4514872
0.005123436 -0.3389446 1.479481 0.7182776 0.1378581
0.02280372 -0.3397037 1.475296 0.7374695 0.1381408
-0.2866046 -0.7065034 1.028988 0.6284335 0.533992
0.2065052 -0.4190049 1.438017 0.9084479 0.184004
-0.08014339 -0.629957 1.164934 0.7733803 0.4060724
-0.4341703 -0.5635932 0.6258361 0.7816347 0.7586961
-0.4153948 -0.6351349 0.5947848 0.8216697 0.8215842
-0.4281691 -0.4562806 0.6403297 0.8169298 0.6686752
-0.4252238 -0.623468 0.6052209 0.7983183 0.8093282
-0.4208357 -0.4282714 0.6109068 0.8839251 0.6727224
-0.4248947 -0.476676 0.6190042 0.8414218 0.7034942
-0.4242508 -0.5706902 0.6177452 0.8052874 0.7667338
-0.3337585 -0.4161746 0.5949923 1.080252 0.6423493
-0.7087339 -0.6318288 1.299935 -0.003449738 0.4486414
-0.5823585 -0.6793379 1.179228 0.2037442 0.5054869
-0.596545 -0.6838921 1.184913 0.1844334 0.5079524
-0.3661334 -0.6758031 0.9369999 0.5951458 0.5798892
-0.604233 -0.7839612 1.17438 0.1925024 0.5650214
-0.3990142 -0.5208625 1.675637 0.2348803 0.2355396
-0.3734463 -0.6611059 0.8923405 0.6174508 0.5985827
-0.2047982 -0.4930122 1.630819 0.4358646 0.2152857
-0.4857692 -0.667536 0.7237845 0.5805886 0.7503676
-0.5321034 -0.6617801 0.5871437 0.6222301 0.8948632
-0.4405977 -0.6688188 0.7496767 0.6285286 0.7157412
-0.2940626 -0.523371 1.337702 0.4694225 0.3150413
-0.3791084 -0.442641 0.6238797 0.9366968 0.6541755
0.03977704 -0.3770468 1.460646 0.7555838 0.1642946
-0.3970851 -0.5509675 1.190472 0.4208686 0.3957559
-0.6056496 -0.7828427 1.199102 0.1828355 0.5535067
-0.6083668 -0.6784164 1.20334 0.1625416 0.4988802
-0.4278918 -0.5893199 0.6226012 0.7868919 0.7745614
0.1750942 -0.4355624 1.421562 0.8880994 0.1993456
-0.6870289 -0.568143 1.328584 0.00247255 0.3960407
0.2173156 -0.4237555 1.474936 0.8934873 0.178849
-0.4197726 -0.578925 1.572465 0.2497278 0.2941482
-0.4255586 -0.534897 0.6243671 0.8090705 0.7385194
-0.6066864 -0.5630467 1.304901 0.1134774 0.3901846
-0.4596043 -0.66129 0.5336192 0.8065403 0.9190252
-0.6125746 -0.566448 1.242882 0.1249091 0.4176465
0.01178747 -0.3490384 1.474788 0.7257347 0.1450534
-0.03220671 -0.6404076 1.148052 0.8283662 0.4111149
-0.3722756 -0.5683025 1.070112 0.5154013 0.4526826
-0.3632105 -0.5225493 1.552431 0.3099391 0.2624835
-0.5421683 -0.563305 1.192074 0.2362084 0.4254516
-0.4409368 -0.5729926 1.361496 0.2972005 0.3541989
-0.5617909 -0.7815235 1.180852 0.2405618 0.5530525
-0.4918889 -0.5701402 1.39723 0.2261701 0.3471678
-0.4610096 -0.5633923 1.368508 0.2709199 0.3487397
-0.05170184 -0.6467397 1.124149 0.8238529 0.4256189
-0.4483216 -0.5647358 1.210704 0.3488429 0.4040288
-0.4521186 -0.5875247 1.634486 0.2000841 0.2860867
-0.4031012 -0.5626976 1.043384 0.4915875 0.4671237
0.0001788735 -0.3418795 1.497162 0.7030387 0.136736
-0.4257846 -0.7707952 1.082949 0.4375744 0.5672975
-0.7230643 -0.5847672 1.293276 -0.03452981 0.4258574
-0.4009481 -0.7883663 1.208867 0.4092799 0.5169014
-0.4691318 -0.5554726 1.208824 0.3231612 0.4022097
-0.6050501 -0.5739464 1.211402 0.146499 0.4342685
-0.1425039 -0.4706995 1.311672 0.6482476 0.2741086
0.1229721 -0.541189 1.231657 0.9404212 0.311775
-0.1493151 -0.4769338 1.324072 0.6334058 0.2752259
0.06422561 -0.4179439 1.443972 0.7804444 0.1916984
0.06553525 -0.5340138 1.451756 0.7571167 0.2568921
-0.4838619 -0.5626897 1.226969 0.2975202 0.4017741
-0.5354462 -0.5704526 1.369171 0.1840754 0.361976
-0.2511094 -0.4684783 0.9595519 0.7640414 0.4153334
0.05391628 -0.5331129 1.424474 0.762095 0.2637393
0.0993759 -0.6572466 1.333222 0.8293487 0.3475752
-0.5250864 -0.5664703 1.225652 0.2460198 0.4109013
-0.3735898 -0.5735562 0.8202393 0.687023 0.5911583
0.02872616 -0.3379054 1.462955 0.7506981 0.1389601
-0.2652824 -0.5381209 1.172114 0.5871148 0.3757341
-0.1395149 -0.669768 0.8969015 0.8929497 0.5493274
0.1901105 -0.5652664 1.195367 1.01798 0.3285773
0.2302067 -0.6017025 1.382597 0.9184307 0.2948514
-0.2223743 -0.6781528 0.9278897 0.7734985 0.5552024
-0.4327979 -0.4148476 0.6355496 0.8328079 0.641899
-0.4280225 -0.43639 0.631546 0.8374788 0.6615586
-0.4230972 -0.5964922 0.7751764 0.6467506 0.6502774
-0.4298395 -0.4814883 0.6394143 0.8045 0.6890716
-0.2118683 -0.4523856 1.644691 0.4240464 0.1896205
-0.7187955 -0.7493004 1.318099 0.009173363 0.5055658
-0.3443837 -0.5360007 1.113538 0.5271902 0.408985
-0.4009339 -0.5436687 1.573684 0.2656596 0.2725561
-0.356143 -0.5597169 1.244224 0.443415 0.3753417
-0.2934467 -0.5541975 1.545798 0.383483 0.2758414
-0.4889396 -0.686308 0.760665 0.5457645 0.7321483
-0.8869286 -1.295803 1.418062 -0.06429988 0.7014058
-0.5155933 -0.6734384 0.6930207 0.5566551 0.7902157
-0.8900509 -1.317426 1.40777 -0.06141913 0.7122972
-0.497058 -0.7009572 0.8047037 0.5021572 0.7097003
-0.1669547 -0.4797515 1.364115 0.5932381 0.2677184
0.1474612 -0.6683001 1.554509 0.7509957 0.2945741
-0.4189243 -0.4734672 0.6458875 0.8198529 0.672696
-0.4072055 -0.5672271 0.580168 0.8810949 0.7949314
-0.444369 -0.6614547 0.8555788 0.5466219 0.6391368
-0.4838118 -0.6702209 0.8159572 0.5160859 0.6815583
-0.2829021 -0.4955313 0.9862167 0.6951798 0.427605
-0.3456942 -0.5516872 1.235832 0.4596843 0.3720654
-0.3652564 -0.5936666 1.270382 0.4207394 0.3872762
-0.1180684 -0.4594024 1.337872 0.6599334 0.2574595
-0.4285416 -0.4690307 0.6241853 0.8313229 0.6942344
-0.6458574 -0.6071313 1.449839 0.0371142 0.3702212
-0.5018023 -0.6535994 0.4791636 0.7985471 1.005099
-0.4210984 -0.5778426 0.7469431 0.6779797 0.6591396
-0.5060544 -0.6586238 0.5465743 0.7108848 0.9261497
-0.5695688 -0.6313056 1.969872 0.02392459 0.2437714
-0.1325179 -0.6482815 0.7417746 1.050956 0.6219814
-0.4449917 -0.651688 0.5020325 0.874284 0.944033
-0.401359 -0.4376775 0.5835908 0.9567191 0.7002507
-0.3775209 -0.5849224 1.534353 0.305143 0.3033629
0.1617142 -0.42638 1.413624 0.8836969 0.1964585
0.01364022 -0.595185 1.374449 0.7441034 0.3133358
-0.4185727 -0.6248473 0.7657233 0.6560373 0.6725349
-0.1910904 -0.4624078 1.359415 0.5721917 0.2604691
-0.5627255 -0.572164 1.447626 0.1292277 0.340767
0.04804295 -0.4133967 1.427029 0.776478 0.193646
-0.3299214 -0.5623788 0.970886 0.6336865 0.4880804
-0.5543 -0.5892755 1.458544 0.1387549 0.3462198
0.1600402 -0.6695934 1.26581 0.9167994 0.3660507
-0.0836125 -0.5371084 1.276802 0.7184089 0.3182881
-0.122511 -0.5374523 1.218957 0.7140571 0.3407719
-0.2761858 -0.5452694 1.193625 0.5617819 0.3738189
-0.288062 -0.542511 1.135818 0.5815585 0.3954624
-0.2352353 -0.5433729 1.228346 0.5882181 0.3551514
-0.01854819 -0.5985799 1.258575 0.7806702 0.3511442
-0.2615783 -0.5490755 0.9209794 0.7619826 0.4910951
-0.2592008 -0.6231507 1.011071 0.6833823 0.4918121
-0.3547834 -0.6712918 0.9205574 0.6208091 0.5838812
-0.3611254 -0.6798837 0.9275656 0.6070685 0.5861206
-0.3899919 -0.598549 0.8414995 0.6416929 0.5973087
-0.4185181 -0.5854883 0.7997551 0.635423 0.6247888
-0.4471523 -0.6646497 0.6446968 0.7101906 0.8026737
-0.3911181 -0.4379508 0.6676064 0.8586413 0.6150663
-0.1737616 -0.4495902 1.595416 0.4800197 0.1954506
-0.3020741 -0.6672187 1.439854 0.4163244 0.3650864
-0.357304 -0.5518226 1.520815 0.3285352 0.2866622
-0.2387834 -0.4765697 1.344868 0.5278534 0.2781351
-0.7785871 -0.7894959 1.370203 -0.06258905 0.5136759
-0.467432 -0.6696568 0.7652596 0.5765072 0.712997
-0.8033372 -1.421205 1.628221 0.003476888 0.6490344
-0.5221783 -1.461054 1.005713 0.3775305 0.8570385
-0.09328556 -0.488789 1.305974 0.6992531 0.2820108
-0.2061317 -0.4953105 1.007476 0.775552 0.4045276
-0.1718165 -0.6366545 0.9516636 0.8231915 0.5108427
-0.3760265 -0.5882018 0.553761 0.9577274 0.8205353
-0.1945723 -0.4826863 1.560796 0.4736378 0.2237397
-0.3773025 -0.4320174 0.6764879 0.8748099 0.5976875
-0.2325642 -0.5314647 1.607817 0.4185017 0.2437068
0.1755664 -0.5978939 1.430823 0.8481265 0.2861817
-0.4268726 -0.5511315 0.611724 0.8152813 0.7617675
-0.3515641 -0.6718687 0.9641734 0.5963543 0.5601751
-0.4141763 -0.6511623 0.840462 0.6004891 0.6350549
-0.4938531 -0.5585998 1.198791 0.2961549 0.4119867
-0.3540792 -0.523338 1.070678 0.5414736 0.4206088
-0.4265655 -0.486473 0.5948396 0.8655373 0.7360054
-0.2490672 -0.5516308 1.087947 0.6558654 0.414183
-0.4228788 -0.6569383 0.6054773 0.7902831 0.8255724
-0.1753505 -0.4956024 1.611526 0.4707573 0.2187115
0.09970087 -0.6432771 1.0488 1.021757 0.4296932
0.04906195 -1.056062 2.051526 0.483013 0.3524129
-0.5527673 -0.5771431 1.175995 0.2300021 0.442686
-0.358485 -0.6449184 0.5150146 1.006471 0.8832721
-0.2342154 -0.4633937 1.316118 0.5485805 0.2775232
-0.5162665 -0.5747284 1.326374 0.221668 0.3767845
-0.4011411 -0.5003002 0.5890017 0.9134912 0.7404732
-0.4708392 -0.6222269 1.330418 0.2782719 0.396595
-0.3342766 -0.5481864 0.9727519 0.6288036 0.4789639
0.02055055 -0.6090842 1.289079 0.7961925 0.3434901
-0.1627319 -0.4581892 1.31923 0.6243097 0.2660642
-0.5416614 -0.5865005 1.319343 0.1946998 0.3897265
-0.2051018 -0.483339 1.31245 0.5804367 0.288249
-0.2920452 -0.5498173 1.023834 0.6470466 0.4477516
-0.2531709 -0.651706 0.9661621 0.7160282 0.528016
-0.2896962 -0.5574695 1.037934 0.6393042 0.4458173
-0.3984843 -0.5883412 0.7510782 0.7066905 0.6554325
0.1551629 -0.5825726 1.219465 0.9655859 0.334858
0.1311476 -0.5489795 1.240337 0.9395924 0.3128945
-0.1838974 -0.5246996 1.287365 0.6123635 0.3188365
-0.1288329 -0.4714395 1.581548 0.5272437 0.2079794
-0.120223 -0.4680672 1.29879 0.6791851 0.2738374
-0.4228129 -0.5745539 0.6064302 0.8192948 0.7795126
-0.1735879 -0.5866387 1.314951 0.601891 0.345095
-0.3465325 -0.5645391 0.8051393 0.7410654 0.5880245
0.1271798 -0.6675633 1.167843 0.9529387 0.3982298
-0.1720111 -0.4964555 1.310596 0.6150724 0.2934667
-0.2124615 -0.4975532 1.332995 0.5605684 0.291891
-0.103592 -0.4246521 1.56372 0.5616574 0.1823397
-0.1681378 -0.5300081 1.284458 0.6297387 0.3211328
-0.09206623 -0.5561261 1.283981 0.7029216 0.3280767
-0.2663523 -0.5605512 1.080497 0.6390988 0.425504
-0.1515186 -0.4820634 1.294159 0.6474251 0.2871579
-0.1612858 -0.557838 1.288224 0.6314415 0.3355293
-0.1362502 -0.5664636 1.299304 0.6494344 0.3342825
-0.1954634 -0.5565479 1.152879 0.6744487 0.3842757
0.1332647 -0.5886008 1.251553 0.9234475 0.3312902
-0.4056856 -0.5735073 0.7556876 0.6950526 0.6450518
