-0.5264094 0.04553348 0.4525396 
0.99946 1
0.99946 0
0.0005400776 1
0.0005400777 0
350
-0.006884336 -0.6306751 1.188957 0.7313451 0.5040023
-0.1432658 -0.4761174 1.582742 0.4309995 0.2931112
-0.2017054 -0.4908704 1.303143 0.4676057 0.3929628
-0.2528574 -0.4685671 1.339347 0.3897599 0.3688327
-0.3280863 -0.6009523 0.9902997 0.424015 0.6382
-0.04594392 -0.5638148 1.293916 0.6455567 0.4282868
-0.4072357 -0.5453126 1.600183 0.1368964 0.3413662
-0.2398463 -0.5100884 1.618007 0.317116 0.3078471
-0.3304517 -0.6110529 0.9913037 0.4191241 0.6441473
-0.1124444 -0.4719476 1.566754 0.4691555 0.2934992
-0.3333635 -0.6353917 1.002801 0.4077141 0.6515616
-0.249862 -0.5317515 1.312479 0.4007993 0.4193085
-0.4119157 -0.5233824 1.604717 0.1285995 0.3275013
-0.3843308 -0.5420317 1.546844 0.1729137 0.3541164
-0.3843535 -0.5434515 1.546631 0.173039 0.355016
-0.4040794 -0.5554084 1.783591 0.1133205 0.2983885
-0.4045007 -0.5565628 1.786815 0.1125466 0.298255
-0.01291877 -0.5809882 1.305182 0.6727065 0.4312041
-0.265101 -0.5323946 0.9403564 0.5608858 0.616097
0.0670588 -0.6558945 1.240694 0.7748559 0.4888816
-0.4004709 -0.5445524 1.795743 0.1143548 0.2895096
-0.38673 -0.5119208 1.608575 0.1561054 0.3183559
-0.4680297 -1.04406 1.070369 0.2078136 0.821264
-0.2953067 -0.4866518 1.555067 0.271646 0.3137617
-0.2675574 -0.5357318 1.204553 0.4200344 0.4691045
-0.2715746 -0.521183 0.9396254 0.552893 0.6101797
-0.003708065 -0.6382883 1.179004 0.7387691 0.5120806
-0.2710731 -0.5005563 0.965682 0.5408168 0.5777215
-0.2308511 -0.4483275 1.620227 0.3262438 0.2703866
-0.1585619 -0.4439604 1.574696 0.4190039 0.2764722
-0.1433761 -0.4320842 1.574473 0.4361579 0.2686585
-0.1633544 -0.4971915 1.29364 0.5187261 0.3975474
-0.1710648 -0.4337714 1.602714 0.3967955 0.2636834
-0.2259205 -0.5246395 1.596255 0.3378053 0.3213222
-0.4226324 -0.5670268 1.780682 0.09551295 0.3060753
-0.3790515 -0.511466 1.600092 0.1665021 0.3200903
-0.5930212 -0.7783693 1.172954 -0.009536564 0.6690688
-0.1306624 -0.4717288 1.299454 0.5592469 0.376423
-0.2742737 -0.4703724 1.346988 0.3593804 0.3688192
-0.1876521 -0.4326999 1.623073 0.3726108 0.2586473
-0.2780611 -0.5249367 1.656402 0.267157 0.3079848
-0.3874444 -0.5523545 1.200461 0.2537745 0.4955217
-0.3978393 -0.5293593 1.569875 0.1516621 0.3404565
-0.1113716 -0.4136193 1.572284 0.4726942 0.2566081
-0.3092131 -0.4782465 1.360348 0.3095567 0.371738
-0.1622811 -0.4736625 1.623372 0.3981576 0.2821676
-0.3217797 -0.5519508 0.9779627 0.4443789 0.6140534
-0.2498263 -0.4964141 1.332435 0.3950165 0.3893539
-0.2891626 -0.5376477 1.145962 0.4149017 0.501047
-0.217024 -0.5323156 1.58573 0.3501267 0.3281107
-0.2316364 -0.5507943 1.097637 0.5176589 0.5270556
-0.2800944 -0.4767495 1.344919 0.3524503 0.3742266
-0.5967111 -0.562308 1.28371 -0.07392013 0.4863592
-0.172513 -0.4471914 1.32082 0.5006925 0.3554863
-0.6185184 -0.5757339 1.20336 -0.1012762 0.5397598
-0.436249 -0.556165 1.336653 0.1509636 0.4416785
0.01210135 -0.3398253 1.482822 0.6545726 0.2264067
0.02206439 -0.335955 1.464263 0.6757216 0.2279804
-0.306413 -0.6734928 0.9985942 0.4467624 0.6709837
-0.5799103 -0.6734473 1.174872 -0.01243073 0.6097551
-0.5978404 -0.6700964 1.170907 -0.04067487 0.6130363
-0.2080007 -0.483493 1.619339 0.3508836 0.2907264
-0.2944531 -0.5213788 1.329523 0.3385635 0.4099963
-0.4156616 -0.5614138 1.549899 0.1371584 0.366372
-0.3646465 -0.5094481 1.528548 0.1976199 0.3391041
-0.4406348 -0.562461 1.345684 0.1438225 0.4422715
-0.4898447 -0.5604146 1.387329 0.0696553 0.4286921
-0.4557516 -0.560663 1.37066 0.1184589 0.4324256
-0.4414687 -0.6644337 1.080676 0.2157667 0.6380342
0.07082361 -0.5358473 1.447255 0.696852 0.3539837
-0.5376809 -0.5623613 1.353598 0.007912636 0.4482647
0.03027642 -0.3354267 1.457627 0.6883359 0.2290102
0.02940333 -0.3352881 1.456645 0.6879269 0.2291805
-0.2120921 -0.4447702 1.629484 0.3441002 0.2652814
-0.3432344 -0.5391206 1.120793 0.3464392 0.5222796
-0.397885 -0.5314612 1.553772 0.1547338 0.3465547
-0.3792599 -0.5696867 1.507851 0.1887183 0.3822399
-0.1968872 -0.458514 1.347594 0.4577476 0.3553132
-0.5553843 -0.5674636 1.419851 -0.02239805 0.4260025
-0.1241389 -0.5306397 1.210209 0.6030529 0.4485585
-0.2820842 -0.5429494 1.139793 0.4272854 0.506726
-0.1806787 -0.4892485 1.58838 0.388999 0.3009416
-0.5130833 -0.5646196 1.312079 0.04886431 0.4652756
-0.1798771 -0.5229332 1.282607 0.5005094 0.4194293
-0.1182973 -0.4780526 1.59513 0.4527834 0.2900646
-0.1128994 -0.4690279 1.30332 0.5792603 0.371964
-0.176075 -0.4924126 1.309484 0.496549 0.3895663
-0.2119875 -0.4915246 1.321606 0.4470354 0.3872876
-0.09685123 -0.4254203 1.568884 0.4885128 0.2642744
-0.1681634 -0.5261235 1.278094 0.5165329 0.4221657
-0.2506461 -0.522643 1.093201 0.4964748 0.5135671
-0.2724718 -0.6449792 0.8597822 0.5793885 0.7486827
-0.4659134 -0.6686603 1.072498 0.1810436 0.6499145
-0.5734292 -1.061314 1.159759 0.06529161 0.7935904
-0.4380136 -0.5698515 1.730668 0.08592477 0.3208262
-0.06834191 -0.5709077 1.293809 0.6194748 0.4343049
-0.4891469 -0.5610275 1.29257 0.08587939 0.469218
-0.295142 -0.5503708 1.159886 0.3998393 0.5030204
-0.2798444 -0.4647824 1.383792 0.3397869 0.3524932
-0.3095521 -0.5082583 1.55512 0.2559431 0.3274837
-0.2735256 -0.531319 0.9243336 0.5577092 0.6284535
-0.140447 -0.5377946 1.220747 0.5763523 0.4501584
-0.00846988 -0.614134 1.206212 0.723601 0.4877951
-0.591049 -0.6833003 1.207264 -0.03032226 0.5986761
-0.576246 -0.7776554 1.171998 0.01459429 0.6664601
-0.1312447 -0.4543689 1.564507 0.4512774 0.2843428
-0.2054219 -0.4468719 1.622464 0.3533045 0.268037
-0.3325633 -0.4931158 1.68107 0.2018568 0.2857553
-0.2456681 -0.5314742 1.323406 0.4019942 0.4145587
-0.3107377 -0.5498261 0.9938406 0.4539927 0.6000036
-0.4601721 -0.5584797 1.340284 0.1177917 0.4438992
-0.4591527 -0.5612295 1.34357 0.1189149 0.4441446
0.0114615 -0.326105 1.504797 0.645359 0.2118886
-0.3201333 -0.5430873 1.160153 0.3646322 0.5013042
0.01186651 -0.6045651 1.227078 0.7363204 0.4719681
-0.2830611 -0.6306705 0.9066281 0.5360081 0.706323
-0.1863077 -0.4497209 1.610173 0.3775142 0.2721037
-0.3468973 -0.5807695 1.292594 0.2827311 0.4665043
-0.2653576 -0.6475216 0.8558099 0.5927712 0.7516101
-0.138896 -0.4658799 1.305839 0.546941 0.3708863
-0.2225425 -0.6406639 0.838317 0.6739669 0.7515026
-0.2216267 -0.6438756 0.8401396 0.6731687 0.7516122
-0.560376 -0.5667852 1.442293 -0.03121906 0.4173252
-0.1479751 -0.4908571 1.301702 0.534581 0.3892707
-0.008423626 -0.6169054 1.251121 0.6985306 0.4711667
-0.270402 -0.6497867 0.8824584 0.5672297 0.7329296
-0.7203126 -1.202936 1.28208 -0.09273016 0.7994758
-0.4208328 -0.6394178 1.070845 0.2485487 0.6260757
-0.1265559 -0.5381618 1.20918 0.5993389 0.4539121
-0.261585 -0.6418352 0.8300641 0.6176662 0.7688239
-0.2487457 -0.6413746 0.813139 0.6507871 0.7797472
-0.07046127 -0.6124803 1.185706 0.6651466 0.5021485
-0.1515482 -0.4675314 1.306363 0.530957 0.3727063
-0.2620771 -0.5384018 1.154675 0.4489887 0.4938558
-0.2673979 -0.5334514 1.16094 0.4391888 0.4882178
-0.2823014 -0.5359913 1.158694 0.4191802 0.4927632
0.01823461 -0.6656858 1.235811 0.724794 0.5006588
-0.3523222 -0.5473003 1.20901 0.3010819 0.4839725
-0.3399605 -0.5348416 1.111581 0.3551394 0.5239998
-0.281874 -0.659142 0.8924802 0.5416462 0.733083
-0.2839841 -0.6608336 0.9004355 0.5334119 0.7284347
-0.5819565 -0.5474548 1.925991 -0.08628523 0.2679101
-0.3606639 -0.5197546 1.306352 0.258508 0.423997
-0.3835812 -0.5081716 1.633193 0.1549962 0.3092027
-0.08440265 -0.5291424 1.265866 0.6221481 0.4215408
-0.2618384 -0.520219 0.9283782 0.5764725 0.6155816
-0.5420601 -0.5744563 1.398863 -0.0007344484 0.4374472
-0.2005227 -0.5450009 1.25275 0.4857702 0.4470472
-0.1849816 -0.5213701 1.294553 0.4891894 0.4142495
-0.2602113 -0.6563731 0.8130575 0.6284606 0.7912028
-0.2303967 -0.6425621 0.950819 0.5867289 0.6708176
-0.09935674 -0.4450257 1.5675 0.4847384 0.2766877
-0.1808445 -0.4433232 1.598557 0.3871884 0.2709058
-0.2250842 -0.548779 1.231562 0.4635006 0.4608121
-0.2575689 -0.5029697 0.9687212 0.5603599 0.5750149
-0.2757518 -0.5138825 1.676622 0.2646549 0.2965165
-0.4403593 -1.05329 1.06723 0.2425048 0.8212309
-0.4452822 -1.069125 1.081656 0.2338968 0.8190411
-0.5383207 -0.5557824 1.186048 0.02673575 0.5248253
-0.2497214 -0.5425051 1.102232 0.4908713 0.5217174
0.1738024 -0.5932585 1.421314 0.7959049 0.3863462
-0.2371619 -0.4480345 1.65633 0.3096668 0.2616373
-0.3248317 -0.5772689 0.8236051 0.5278183 0.7527375
-0.1512094 -0.4750794 1.287358 0.5393553 0.3846359
0.1368496 -0.6093308 1.358114 0.7907337 0.4168715
-0.1009062 -0.4613807 1.558779 0.4849686 0.288806
-0.2717834 -0.5488572 1.045567 0.487009 0.5607005
-0.4158277 -0.5511352 1.08343 0.2476903 0.5623061
0.01897353 -0.3673675 1.469982 0.6634717 0.247867
0.06173497 -0.5349731 1.428605 0.6970664 0.3595078
0.008683443 -0.6149687 1.214649 0.7374773 0.4830601
-0.2699077 -0.6316923 0.9133627 0.5522296 0.699039
-0.06394649 -0.6317141 1.16215 0.6816826 0.5226824
-0.2822882 -0.5265803 0.9644291 0.5190914 0.5987917
-0.2224506 -0.6459736 0.8298523 0.678922 0.76142
-0.493868 -0.5566624 1.399272 0.06189448 0.4220197
-0.4926549 -0.5622594 1.407265 0.0632292 0.4222535
-0.4018577 -0.5636753 1.343319 0.1962418 0.4403515
-0.4631162 -0.6602666 1.059263 0.1881183 0.6531216
-0.4595954 -1.049467 1.047104 0.2238406 0.8360445
-0.4698952 -0.7608068 1.085454 0.1804667 0.6917379
-0.5776232 -0.7727723 1.183627 0.01035231 0.6575133
-0.6216626 -0.5623 1.228893 -0.1113774 0.5174221
-0.3371595 -0.5842723 1.26371 0.304405 0.4801556
-0.2381597 -0.6367041 0.819218 0.6645788 0.7691089
-0.5428297 -0.5594714 1.17206 0.02214795 0.535642
-0.7242726 -1.334452 1.297394 -0.07314438 0.832217
-0.5689533 -0.558649 1.411873 -0.04241616 0.4248863
-0.5908723 -0.554059 1.199926 -0.06126708 0.5234032
-0.2029435 -0.5767009 1.114555 0.5445339 0.5306477
-0.3728342 -0.5729303 0.8284813 0.4370422 0.7588075
-0.220332 -0.6350898 0.8278074 0.6868753 0.7564319
-0.2828844 -0.6390327 0.8411971 0.5760524 0.7632619
-0.08160615 -0.6375791 1.159806 0.6612672 0.5290511
-0.2115454 -0.432026 1.632749 0.3439044 0.2566998
0.04100347 -0.3744325 1.454888 0.6935598 0.2556254
0.0535652 -0.6321274 1.258128 0.7568845 0.4709238
-0.2561637 -0.6413603 0.821389 0.6327361 0.7745612
-0.02959991 -0.6414368 1.146225 0.7279691 0.5312878
-0.3878421 -0.5312345 1.356841 0.2092399 0.4135412
-0.514885 -0.5623014 1.43925 0.02938733 0.4119547
-0.5157757 -0.5710969 1.468872 0.02623585 0.4064206
-0.4303474 -0.5582386 1.376627 0.1508636 0.4263066
-0.5799614 -0.6750109 1.19178 -0.01391643 0.6009747
-0.6066703 -0.5603977 1.287008 -0.09012443 0.4846933
-0.1093899 -0.4640223 1.357178 0.5583844 0.3499036
-0.4270827 -0.5619384 1.325321 0.1664159 0.4491164
-0.446607 -0.5576223 1.272487 0.1503907 0.4715685
-0.3852876 -0.5567092 1.108222 0.2873968 0.5468135
-0.3057458 -0.542019 1.33551 0.3221062 0.421526
-0.2567755 -0.4441882 0.9667572 0.5745595 0.5325711
-0.2788892 -0.6601088 0.8750125 0.5567325 0.7465335
-0.2789972 -0.658543 0.8750659 0.5568104 0.7456452
-0.2597097 -0.4751591 0.9758855 0.5574806 0.5505961
-0.5978559 -1.060332 1.157471 0.03552067 0.7989156
-0.6015976 -0.7824336 1.199229 -0.02350128 0.65733
-0.6099659 -0.6767148 1.192058 -0.05954838 0.6064644
-0.6373901 -0.577695 1.216 -0.1324053 0.5367268
-0.6378136 -0.582383 1.222256 -0.1317338 0.5363871
-0.244061 -0.4997821 1.313599 0.4092744 0.3981597
-0.1567856 -0.5645845 1.240037 0.543188 0.4599855
-0.3490078 -0.5396625 1.172128 0.3185655 0.4966485
-0.4897071 -0.5603276 1.202249 0.1014592 0.5126408
0.04208481 -0.2095409 1.463023 0.7262448 0.1347815
0.04363304 -0.2095831 1.464767 0.7269957 0.1344663
-0.1925236 -0.5288026 1.6406 0.360317 0.3104584
-0.4608544 -0.5547148 1.360848 0.1126164 0.4331547
-0.5287687 -0.5627519 1.389043 0.01649296 0.43297
-0.2248318 -0.6680688 0.9240562 0.6061178 0.7024846
-0.264207 -0.5281398 0.9722936 0.5430312 0.5913026
-0.2801219 -0.6421996 0.824497 0.5912225 0.7786422
-0.2510845 -0.5050918 0.950593 0.5822711 0.5874851
0.1975769 -0.4172916 1.461707 0.8390236 0.2752866
-0.01791853 -0.539173 1.468927 0.5978805 0.3545344
0.06382829 -0.2175842 1.442119 0.7620287 0.1452566
-0.2296417 -0.5531688 1.25699 0.4466567 0.4531226
-0.03486043 -0.6462126 1.188302 0.6972588 0.5157374
-0.3610568 -0.5469025 1.537408 0.2023773 0.3584749
-0.4545302 -0.5888313 1.629839 0.08298382 0.3599296
-0.5979694 -1.057895 1.184003 0.03203443 0.7827809
-0.1053586 -0.4028296 1.556108 0.4861034 0.2535672
-0.4692872 -0.5594363 1.189015 0.1354733 0.5162786
-0.5467227 -0.5647279 1.146233 0.02047595 0.5544997
0.08632392 -0.5900812 1.370119 0.7396851 0.4063563
-0.6100653 -0.5615901 1.223246 -0.09227473 0.5184052
-0.4246466 -0.7648808 1.078508 0.2468095 0.6899316
-0.2386798 -0.5567256 0.9249372 0.6082578 0.6379593
-0.02711827 -0.5892318 1.296589 0.6602263 0.4401641
-0.04132086 -0.5822542 1.290677 0.6489888 0.43965
-0.008810818 -0.5755949 1.330703 0.6652796 0.4187381
-0.240446 -0.5462726 1.585571 0.3251233 0.3371986
-0.07945061 -0.4526249 1.358951 0.5940065 0.3401233
0.001381099 -0.6079051 1.285011 0.6930914 0.4523562
-0.01020306 -0.6402993 1.213528 0.7118998 0.4992258
-0.2375839 -0.6495048 0.8992357 0.6068144 0.7127033
-0.3123412 -0.6698407 0.9951557 0.4400513 0.6723308
-0.05917487 -0.6479501 1.116386 0.7097355 0.5524677
-0.05241883 -0.6408895 1.117202 0.7188075 0.5473461
-0.4210707 -0.547035 1.815196 0.09065691 0.287077
-0.249272 -0.5493662 1.596734 0.3127698 0.3362743
-0.4327648 -0.5328844 1.809458 0.07761514 0.2811334
-0.7105207 -1.178357 1.279565 -0.0863353 0.7912049
-0.4719597 -0.6550959 1.086649 0.1666997 0.6342739
-0.4527293 -0.6648448 1.090761 0.1959754 0.6339898
-0.4464026 -0.7713221 1.070591 0.2187034 0.7020186
-0.4511057 -0.760541 1.081941 0.2082324 0.6903911
-0.4391619 -0.7644817 1.075523 0.2271934 0.6941996
-0.4659805 -1.059363 1.080665 0.2089322 0.8200526
-0.3806047 -0.545926 1.242503 0.2506731 0.4706109
-0.5884925 -0.5591981 1.308358 -0.06358129 0.4716964
-0.2242107 -0.5288048 1.304072 0.4362101 0.4185399
-0.3101068 -0.5685456 1.499893 0.2707813 0.3795508
-0.1218763 -0.4624089 1.309612 0.5663206 0.3660363
-0.0903886 -0.4497853 1.549587 0.5004815 0.2837786
-0.06177866 -0.6495311 1.101765 0.7149204 0.5608035
-0.04565835 -0.6109644 1.18771 0.6928775 0.497744
-0.2477093 -0.5294282 0.9607626 0.5761078 0.5968628
-0.3283814 -0.5920694 0.7800733 0.5489512 0.8042822
-0.3189521 -0.577697 0.8252257 0.5371892 0.7499393
-0.2406884 -0.6327955 0.7774131 0.6942192 0.8047253
-0.3259022 -0.5589153 0.971225 0.440566 0.6240478
-0.194989 -0.6068334 1.122397 0.5466969 0.5436984
-0.2557231 -0.5320119 0.9245192 0.5866176 0.6252165
0.0196721 -0.3297915 1.470745 0.6709113 0.2222284
-0.2736507 -0.5367395 1.311438 0.3709941 0.4248912
-0.2402804 -0.475094 1.341384 0.4047271 0.3714904
0.1327077 -0.5471134 1.23627 0.8745757 0.4251419
0.1192691 -0.6545648 1.349057 0.7685687 0.4444015
0.175917 -0.4286524 1.42461 0.8363501 0.2926611
-0.3952465 -0.5642937 0.7833185 0.4219275 0.8047166
-0.2633991 -0.6533154 0.8698313 0.5854813 0.7431712
-0.1378684 -0.6699179 0.8926924 0.7497855 0.7076341
0.1519726 -0.6196107 1.225444 0.8794389 0.4677615
-0.1249593 -0.5764642 1.082281 0.6652468 0.5367877
-0.2351226 -0.5431837 1.206715 0.461756 0.4693449
-0.4170803 -0.5787488 0.7976459 0.3686904 0.8059431
-0.3812911 -0.5399618 1.344412 0.2215714 0.423355
-0.2529549 -0.526158 1.712772 0.2802788 0.2935817
-0.3413307 -0.5610465 1.544102 0.2244294 0.3633742
-0.4831017 -0.5856131 1.613973 0.05173275 0.3645566
-0.5318117 -0.5832059 1.891259 -0.02633905 0.2928132
-0.5475855 -0.6373817 1.951478 -0.03755051 0.3071523
-0.6031417 -0.7823383 1.172421 -0.02333218 0.6730742
-0.3615506 -0.5755545 1.293733 0.2630095 0.464353
-0.4627615 -0.7637786 1.084672 0.1911482 0.6924241
-0.5523769 -0.5754038 1.150367 0.01284754 0.5599552
-0.3382635 -0.626699 1.333868 0.2828354 0.4751416
-0.4509436 -0.6644543 1.068876 0.2046798 0.64713
-0.04943866 -0.5747388 1.286777 0.6433333 0.4375321
0.0694955 -0.593665 1.41081 0.7023198 0.3964537
-0.1468478 -0.5727637 1.154546 0.5969601 0.5017024
-0.2392583 -0.4758497 0.9392509 0.6160333 0.5719213
-0.3626182 -0.504981 1.58958 0.1870636 0.3183741
-0.2845651 -0.5626267 1.564323 0.2830902 0.3548509
-0.3331838 -0.5611462 1.535625 0.2356163 0.3655429
0.1538885 -0.6069295 1.21295 0.8930867 0.4655366
-0.2126046 -0.4214254 1.682176 0.3290966 0.2388006
-0.03073794 -0.632195 1.185819 0.7062327 0.5087434
-0.4092795 -0.5738123 0.8008434 0.3826995 0.7971168
-0.2123041 -0.5091189 1.308517 0.4506433 0.4034709
-0.3342812 -0.5644311 1.37982 0.2734688 0.4206164
-0.1567556 -0.5536261 1.285058 0.524002 0.4352077
-0.4411674 -0.6627762 0.8352371 0.3030227 0.8252964
-0.2346284 -0.6404526 0.8283052 0.6624254 0.7626542
-0.2793036 -0.633092 0.9183763 0.5344995 0.6981827
-0.1453508 -0.55237 1.276992 0.5413719 0.4366035
-0.4070367 -0.5538495 1.041478 0.276786 0.5887216
-0.2480784 -0.5183535 0.9686716 0.5726047 0.5841131
-0.2539095 -0.6330401 0.8223061 0.6378266 0.7684603
0.2756084 -0.1706524 1.604436 0.8981749 0.08285916
-0.44228 -0.5677166 1.219026 0.1699454 0.5028827
-0.2693363 -0.6369734 0.9235395 0.5461243 0.694551
-0.578036 -0.572377 1.360997 -0.04856592 0.4554036
-0.4031883 -0.5550857 1.037446 0.2846516 0.5914688
-0.4002594 -0.5694379 0.7823123 0.4119914 0.8106585
0.1384677 -0.6039979 1.373746 0.7852169 0.4089246
0.3639425 -0.3289039 1.636764 0.9148448 0.1808814
0.0142743 -0.1941625 1.469879 0.6931787 0.1211678
-0.4083548 -0.5629793 0.7822484 0.3961141 0.8092664
-0.2432339 -0.6409246 0.8105838 0.6617366 0.7802559
-0.5587046 -0.5634832 1.362004 -0.02276957 0.447466
-0.248377 -0.6472999 0.8629036 0.6147236 0.7417156
-0.2579128 -0.6638839 0.7743901 0.658893 0.829543
0.1266388 -0.6100678 1.168163 0.8933334 0.4876386
0.1505324 -0.5900221 1.224357 0.8875295 0.4522597
-0.3480757 -0.5909464 0.8503082 0.4671375 0.7436827
-0.2610288 -0.582712 0.9383996 0.5593202 0.6495182
0.128377 -0.622678 1.209278 0.8648106 0.4778158
0.1203903 -0.6721513 1.349208 0.7657537 0.4530364
0.1416237 -0.6199697 1.237938 0.861261 0.464162
