-0.1248454 -0.0004204437 -0.03991925 
0.99946 1
0.99946 0
0.0005400776 1
0.0005400777 0
418
0.3567107 -0.4813445 1.299423 1.064841 0.136602
0.04340361 -0.6122613 1.273603 0.7057174 0.2098315
-0.181489 -0.6382496 0.7651666 0.4360771 0.397065
-0.2077636 -1.381208 0.4437124 0.3790289 0.8583018
-0.2114906 -0.4785585 0.946996 0.415363 0.2138073
-0.1397456 -0.6440284 0.3068591 0.4503911 0.7210848
0.3488445 -0.6269643 1.060987 1.065518 0.2928796
0.3345181 -0.6193167 1.108595 1.039708 0.272222
0.2163163 -0.5797267 1.069961 0.9270139 0.2570609
0.1747823 -0.6427431 0.6747206 0.9405022 0.4627718
0.1959116 -0.5587803 1.051414 0.9129913 0.2494928
0.2025879 -0.5994949 1.200939 0.8828513 0.2281077
0.1732502 -0.5747333 1.136854 0.8672097 0.23136
0.1520001 -0.5626109 0.9877471 0.8703218 0.2720485
0.1825294 -0.5832438 1.408969 0.8371514 0.1650888
0.15166 -0.5670287 1.190159 0.8372545 0.2103654
0.1437229 -0.6415523 0.9828614 0.8396817 0.3211083
0.151857 -0.600318 1.194402 0.8291948 0.2286462
0.1343178 -0.5216535 1.194804 0.8280922 0.1806442
0.1274614 -0.5740501 1.004812 0.8343003 0.2721837
0.136713 -0.5614443 1.19779 0.8211396 0.204334
0.134646 -0.6177906 1.259023 0.7996236 0.2199066
0.134048 -1.189371 0.370618 0.7783382 0.8754172
0.1020041 -0.5819046 1.04343 0.7965485 0.2627449
0.1034272 -0.6465086 1.009281 0.7878275 0.3127551
0.08336127 -0.639371 0.5380368 0.8341017 0.5400525
0.08743355 -0.5596082 1.039661 0.7847161 0.2496113
0.08224355 -0.6152056 1.050693 0.7654114 0.2794558
0.08629638 -0.583856 1.395676 0.7445895 0.1653574
0.07917055 -0.6160777 1.230622 0.7451869 0.2248151
0.07124221 -0.5253909 1.408927 0.7382399 0.1285301
0.0583524 -0.586095 1.345254 0.7202383 0.1775854
0.04661062 -0.5484565 1.402181 0.7105594 0.1425959
0.04292838 -0.632497 0.4950969 0.777824 0.5639444
0.03970206 -0.6547664 1.162367 0.702233 0.2646222
0.03322221 -0.6375521 0.4840285 0.7617222 0.5745585
0.02440023 -0.6342807 0.4708913 0.7496274 0.5819532
0.008839011 -0.6178222 1.168071 0.6743437 0.2412086
-0.0009504706 -0.5935946 1.163539 0.6672873 0.228187
0.01165653 -0.6420956 0.4460105 0.7288081 0.6050703
-0.0134744 -0.5454848 1.34685 0.6531138 0.1514648
-0.008114532 -0.6065809 1.223312 0.6554437 0.2184347
-0.01008814 -0.5858247 1.266652 0.6544278 0.1948509
-0.01533291 -0.5611902 1.280091 0.6515427 0.1768738
0.009580746 -1.379042 0.5445738 0.6042129 0.8067873
-0.03027231 -0.5494885 1.298466 0.6367387 0.1648493
-0.04345099 -0.5460411 1.267918 0.6239319 0.16995
-0.04544349 -0.5005976 1.27947 0.6266626 0.1390258
-0.04910106 -0.6240046 1.163929 0.6112151 0.243875
-0.05815118 -0.4558415 1.287173 0.6176274 0.1078137
-0.0629805 -0.5822016 1.254851 0.5997086 0.1940056
-0.0805878 -0.4391729 1.263445 0.5944868 0.1012295
-0.07108567 -0.6071787 1.104624 0.5891646 0.2514185
-0.07230036 -0.6139571 1.088826 0.5871601 0.260348
-0.1343024 -0.4673103 1.535961 0.5389251 0.06216973
-0.1029134 -0.5848987 1.007825 0.5532504 0.2686235
-0.1300084 -0.4561711 1.262727 0.537228 0.1110225
-0.1409941 -0.4599248 1.312774 0.5263371 0.101689
-0.1857992 -0.4887349 1.274472 0.4742783 0.1275653
-0.1985655 -0.4475943 1.288415 0.4621124 0.09682715
-0.2093243 -0.5191477 1.266253 0.4474595 0.1479658
-0.1786664 -0.6422603 0.9354967 0.4550333 0.3266106
-0.1868694 -0.5646296 0.9770354 0.4497467 0.2632085
-0.1830308 -0.568679 0.9495701 0.4521614 0.2758811
-0.2333233 -0.4617111 1.292788 0.4237861 0.1039637
-0.1065889 -0.6352629 0.2985901 0.5157636 0.7268668
-0.2004942 -0.6421533 0.8747205 0.4224409 0.3498855
-0.2602816 -0.4643625 1.304314 0.3953199 0.1021379
-0.2153406 -0.5201714 0.959787 0.4120466 0.2385831
-0.2160484 -0.5223501 0.897657 0.4038053 0.2629133
-0.2189233 -0.54032 0.8893406 0.3991965 0.2783854
-0.2889633 -0.4693517 1.309583 0.364749 0.1031871
-0.2253868 -0.4350911 0.949082 0.396052 0.1797577
-0.2504228 -0.6317068 0.904147 0.3631197 0.3296537
-0.2430719 -0.6229228 0.8159074 0.3594291 0.3615924
-0.2578714 -0.5397249 0.9328783 0.3537518 0.259755
-0.2451904 -0.6244843 0.8013349 0.3544444 0.3689862
-0.208047 -0.6146277 0.6086355 0.3768557 0.4646547
-0.2663897 -0.4964846 0.9675851 0.3457765 0.2171473
-0.266047 -0.5458603 0.9243169 0.3420819 0.2667034
-0.2680103 -0.5233436 0.9270633 0.3386477 0.2502639
-0.2667386 -0.6493614 0.8259232 0.3313798 0.3721814
-0.3004249 -0.6635154 0.9664243 0.3136007 0.3224514
-0.146045 -0.6362635 0.2356713 0.426889 0.7939109
-0.2666281 -0.6216292 0.8084027 0.3267401 0.3630953
-0.2933088 -0.5714126 0.9477693 0.3126442 0.2736887
-0.3024633 -0.5998173 0.972389 0.3076009 0.2823281
-0.2773916 -0.6427188 0.8132599 0.3148444 0.3733479
-0.3395172 -0.5407233 1.183976 0.2950938 0.1779013
-0.2925195 -0.5490177 0.9515962 0.3126517 0.2576768
-0.1567783 -0.6339725 0.244702 0.4057112 0.7815108
-0.2824455 -0.5970832 0.8332194 0.3082146 0.3360673
-0.2202471 -0.6439418 0.4886345 0.3367798 0.5611128
-0.1685411 -0.6450286 0.248748 0.3822159 0.781795
-0.2480831 -0.5933098 0.6579452 0.323054 0.4204844
-0.1747163 -0.6468217 0.2547898 0.3708221 0.7755095
-0.2986711 -0.5721371 0.8042108 0.2779756 0.3316813
-0.299413 -0.5763208 0.7748213 0.2709752 0.3477184
-0.3022581 -0.6520517 0.713944 0.2620745 0.4252133
-0.3099473 -0.5580525 0.786456 0.2565337 0.3295746
-0.2139693 -0.6414208 0.3013187 0.3026929 0.7204991
-0.2600077 -0.645691 0.4429958 0.2582503 0.5941738
-0.2304918 -0.6400859 0.3166143 0.2744753 0.7033903
-0.2465928 -0.6415325 0.3327347 0.2485858 0.6875566
-0.260105 -0.6473312 0.3335896 0.2240846 0.6891685
-0.2976216 -0.6488011 0.477317 0.2050796 0.5680229
-0.2583082 -0.6425706 0.3445047 0.2303024 0.676322
-0.1376691 -0.4648707 1.283445 0.5287522 0.1116989
-0.2793886 -0.6628725 0.9661411 0.3383086 0.3230081
-0.2827003 -0.6108946 0.8519989 0.3123947 0.3368148
0.2319961 -0.5430569 1.176642 0.9349698 0.2026513
0.2261877 -0.6065575 1.062879 0.9316705 0.2757832
0.1868377 -0.5338316 1.173886 0.8873276 0.1960435
0.1744736 -0.5449416 1.022491 0.8968412 0.2495824
0.1607806 -0.5689387 0.9953417 0.8779643 0.2736868
0.1264748 -0.6361043 0.5847194 0.8930905 0.5097252
0.1379795 -0.5924298 0.9921349 0.8441865 0.2884332
0.1390259 -0.6330226 0.9879535 0.8355439 0.314126
0.1323863 -0.5211455 1.1828 0.8276716 0.1835521
0.09437568 -0.5949243 1.03055 0.7861481 0.2747222
0.07421462 -0.6399662 0.4484671 0.8372754 0.60543
0.09283297 -0.6291395 1.299791 0.7511723 0.2139138
0.071677 -0.5789582 1.075222 0.7580627 0.2493008
0.06701709 -0.5138942 1.406149 0.7360894 0.1221958
0.02851687 -0.6318843 0.3864865 0.7706653 0.6496631
0.01769902 -0.559427 1.361975 0.6823199 0.1570953
0.001623288 -0.6104155 1.169806 0.6674931 0.2362037
0.001913548 -0.6276996 1.140927 0.6667024 0.2547187
0.03637484 -1.405185 0.5479395 0.6278878 0.8117342
-0.03221732 -0.5360429 1.3194 0.6357113 0.151698
-0.03244552 -0.5608718 1.272284 0.633818 0.1780705
-0.005331196 -0.6318536 0.4125354 0.7054702 0.6252702
-0.007593475 -1.417301 0.531812 0.5840763 0.8218523
-0.06646964 -0.6209127 1.091043 0.593051 0.263908
-0.1709152 -0.6340916 0.9177104 0.463328 0.3289968
-0.1771083 -0.5692438 0.977041 0.4617942 0.2665657
-0.1797146 -0.5751289 0.9402788 0.4554532 0.2835994
-0.231986 -0.5179762 1.278274 0.4239813 0.1434947
-0.2577331 -0.517512 1.257114 0.3940701 0.1474415
-0.2096558 -0.6256386 0.768015 0.3978909 0.3867128
-0.2536112 -0.6479527 0.8234379 0.3479444 0.3729979
-0.1608213 -0.6378036 0.3496194 0.4160837 0.6748709
-0.2742895 -0.5351812 0.915148 0.3290955 0.2625489
-0.1606229 -0.6456169 0.2360077 0.3961941 0.7972425
-0.1713144 -0.6368704 0.2625844 0.3790249 0.7618897
-0.3096854 -0.5789099 0.8086742 0.2644603 0.3337035
-0.1933104 -0.6492361 0.2688664 0.3362962 0.7600597
-0.2134102 -0.65039 0.2888752 0.3014302 0.7381677
-0.1016126 -0.6631268 0.8584263 0.545182 0.3731339
-0.1606835 -0.5271081 1.151021 0.4940499 0.185111
0.07550326 -0.6501092 0.4450717 0.8364697 0.6140498
-0.04493045 -0.5810798 1.177936 0.6201759 0.2150428
-0.0921296 -0.6222966 0.7368684 0.5585831 0.4051532
-0.1760968 -0.5003208 0.9547811 0.463065 0.2282456
-0.1765743 -0.6492688 0.7227187 0.4383842 0.4248399
-0.2028668 -0.6353041 0.7823461 0.409038 0.3862143
0.2189931 -0.6102156 1.181563 0.9008299 0.2404199
0.1047946 -0.6391007 0.5611845 0.8634564 0.525566
0.1240823 -0.6381342 0.5915121 0.8870329 0.5065485
0.0747491 -0.6356348 0.5936522 0.8114233 0.5012106
0.05621633 -0.6370744 0.3764198 0.8218795 0.6632531
0.07076678 -0.6368285 0.5067989 0.8206056 0.5596192
-0.2303353 -0.5244167 1.225443 0.4210731 0.160756
-0.1526578 -0.6104989 0.6481133 0.4665889 0.4418862
-0.2560616 -0.5114981 0.9132897 0.3517193 0.247612
-0.2576999 -0.518139 0.9243104 0.3515949 0.2481169
-0.216868 -0.6351138 0.8515656 0.3989084 0.3546896
-0.2143937 -0.6288431 0.7611727 0.3905613 0.3917375
-0.2141006 -0.6476514 0.2932948 0.3009603 0.732089
-0.157355 -0.6385953 0.2289225 0.4015247 0.8022605
-0.2710597 -0.6460328 0.4453958 0.2398966 0.5918882
-0.1871345 -0.6430342 0.2655968 0.3475342 0.760775
-0.2432392 -0.63852 0.4893417 0.2980158 0.5560644
-0.2049072 -0.6360501 0.5066577 0.3652698 0.5443217
-0.05909893 -0.6435447 0.5547365 0.6044381 0.5239688
-0.08595536 -0.6016065 1.117724 0.5730227 0.2435198
-0.04568244 -0.5962052 1.044365 0.6201434 0.2653542
-0.147594 -0.6386918 0.7528781 0.481281 0.4047859
-0.01079864 -0.6629251 0.8953956 0.6577581 0.3612825
-0.1312458 -0.6540564 0.4466547 0.4809676 0.6034858
0.1916921 -0.643083 0.5570502 0.9998874 0.5351523
0.09175357 -0.5886993 1.039183 0.7834195 0.267912
0.02462654 -0.6341589 0.3279917 0.7727954 0.7050875
-0.2093163 -0.4563178 1.276966 0.4491345 0.104864
-0.05012164 -0.6349946 0.3732589 0.6256942 0.6584579
0.01077157 -0.6269026 0.3686073 0.7420704 0.6616977
0.01059359 -0.6271365 0.369213 0.7415741 0.6612714
0.02586408 -0.6161869 1.167214 0.6930135 0.2411394
-0.01156541 -0.6360155 0.3312091 0.7016186 0.7006899
-0.1933178 -0.6400416 0.3795805 0.3609793 0.6471273
-0.07686018 -0.6422983 0.3417643 0.574568 0.6899824
0.2426415 -0.6414797 0.6077942 1.061972 0.5043972
0.2126474 -0.5982777 1.033941 0.924202 0.2801895
-0.1963624 -0.6458026 0.3868147 0.3572718 0.6439896
0.2953268 -0.6417049 1.190942 0.9713064 0.2578804
-0.11038 -0.5504404 1.14049 0.5498714 0.2047713
0.217894 -0.6537108 0.7397387 0.9796418 0.4367288
0.3122568 -0.6426991 0.9824184 1.038375 0.328509
0.3593798 -0.4156869 1.491749 1.043027 0.05458987
0.3267058 -0.6434481 0.9508258 1.064045 0.3415624
0.1273492 -0.6356811 0.6069309 0.8893791 0.4956986
-0.2147239 -0.6413597 0.3049191 0.3022032 0.716771
-0.2962828 -0.6460961 0.5351098 0.2243829 0.526099
-0.2898537 -0.5882703 0.8340423 0.2976832 0.3297155
-0.4214889 -0.6648762 1.061701 0.1932031 0.2853842
0.2175094 -0.4201169 1.43918 0.9062474 0.06240255
0.108179 -1.131272 0.3593177 0.7605414 0.8683243
-0.2103551 -0.5291643 0.893676 0.4110828 0.2694283
-0.210094 -0.526574 0.889709 0.4109413 0.2691854
-0.2026964 -0.6480442 0.3093771 0.3277517 0.7167353
0.1061375 -0.6317516 0.439544 0.8983917 0.6095306
-0.2702337 -0.6445237 0.3556135 0.2120226 0.6664718
-0.3209696 -0.6479766 0.5062444 0.1757091 0.5455966
-0.2556531 -0.6457916 0.4740999 0.2742017 0.5708953
-0.15468 -0.6256664 0.385233 0.4330117 0.6360402
-0.281423 -0.6418644 0.3665204 0.1944523 0.6544195
0.01238353 -0.6492126 0.5829119 0.7131717 0.5129135
0.03235416 -0.6074978 1.223163 0.6979862 0.2204131
-0.3315474 -0.6501017 0.5059779 0.158769 0.5464968
-0.2837024 -0.6521191 0.3595602 0.1899787 0.6664074
0.03889295 -0.6429923 0.8262907 0.7287673 0.3813333
-0.06948988 -0.6371265 0.3476255 0.5894133 0.6820051
-0.2098792 -0.6432472 0.3402554 0.3212144 0.6836878
0.1621309 -0.6357822 0.966848 0.8656357 0.3244862
-0.2199107 -0.6544283 0.9181272 0.403118 0.3388091
-0.2950693 -0.6458716 0.3807427 0.1754638 0.6434072
0.1323777 -0.9404575 0.3050665 0.8545699 0.8598167
0.1087213 -0.6352729 0.4459859 0.8996217 0.6066031
-0.2577978 -0.6550282 0.4419232 0.2631357 0.6006361
0.0009449571 -0.6346798 0.5813799 0.6989115 0.5045654
0.002887942 -0.6399256 0.4735954 0.711216 0.5820734
-0.317802 -0.6348094 0.5075157 0.1785561 0.5368374
-0.2638061 -0.644946 0.4527035 0.2543499 0.5860215
-0.2318153 -0.6491092 0.9217752 0.3889198 0.3337991
-0.3067514 -0.6415755 0.3899434 0.1566091 0.6322759
-0.2435651 -0.6362673 0.330806 0.2528799 0.6865972
-0.2357228 -0.6485273 0.3051665 0.2620227 0.7191097
-0.3090054 -0.6519763 0.3841179 0.1528873 0.6431966
-0.3180233 -0.5803903 0.5018204 0.1639622 0.505555
-0.01032086 -0.6407257 0.3323084 0.7025801 0.7023121
-0.1530409 -0.6652914 0.5705497 0.4570411 0.5218624
-0.1897045 -0.6355192 0.2772025 0.3444985 0.7440306
-0.0007629097 -0.6275862 0.3052936 0.7286497 0.7226223
-0.3118662 -0.4548873 0.5576626 0.1656356 0.3723401
0.001203917 -0.6261253 0.2862946 0.7359021 0.7418771
-0.1096366 -0.4505693 1.306715 0.5612034 0.0980137
0.1192838 -0.643918 0.5325331 0.8913437 0.5484017
-0.3221641 -0.5265605 0.510568 0.1464713 0.4606696
-0.3226106 -0.5120427 0.5118272 0.1422775 0.4486977
0.09640093 -0.6615739 0.9451377 0.7837572 0.3449615
-0.2941676 -0.4935693 0.9863552 0.3124847 0.2075391
0.04562205 -0.6270383 0.4401619 0.793627 0.6027545
-0.3005729 -0.4061784 0.5437112 0.1691814 0.3380323
-0.3189405 -0.647108 0.4038523 0.1415251 0.6230986
-0.1137783 -0.6456346 0.2956772 0.5003285 0.7350258
-0.1118372 -0.6514741 0.8724819 0.5336204 0.3600004
0.03939603 -0.6146855 0.3014755 0.8150791 0.7220174
-0.2805237 -0.5465091 0.9335139 0.3248063 0.2631038
-0.1589289 -0.6414902 0.3390996 0.4180183 0.6869549
-0.03459795 -0.6427919 0.5878838 0.6418201 0.5035866
-0.002395093 -0.6518561 0.4969848 0.6972015 0.5715877
-0.2529477 -0.5503857 0.9080953 0.3569538 0.2764323
-0.249922 -0.650609 0.3193796 0.2394223 0.7052943
0.0034656 -0.5978808 0.3846158 0.7349229 0.6293957
0.08210054 -0.6413739 0.5265904 0.8336666 0.5490233
0.0802196 -0.6343851 0.5195019 0.8344659 0.5496812
0.1091417 -0.6319219 0.5125415 0.8844689 0.5546666
-0.38003 -0.5293471 1.539282 0.3049044 0.09005702
-0.264467 -0.6415901 0.3525579 0.2212051 0.6679348
-0.3303311 -0.6453599 0.4143462 0.1249814 0.6127682
0.08811213 -0.6310585 0.4389973 0.8671637 0.6085252
0.1428327 -0.6237589 0.4832384 0.9526064 0.5729522
-0.3087837 -0.4234589 0.5251745 0.1497416 0.3657399
0.09893045 -0.6403208 1.039616 0.7805257 0.2983839
-0.05206634 -0.5600652 1.248134 0.6135724 0.183127
0.1074637 -0.6324433 1.005302 0.7961547 0.3062661
-0.02958058 -0.6437103 0.6865928 0.6449223 0.447204
-0.3685717 -0.4542628 0.6574554 0.1044302 0.3108569
-0.225062 -0.5021078 1.582947 0.4534686 0.07143527
-0.3158425 -0.6467611 0.5068544 0.1840594 0.5447119
-0.3955933 -0.6401737 0.5922945 0.08642167 0.4810176
-0.3467311 -0.6570299 0.4217168 0.1024999 0.612725
-0.3449003 -0.6493877 0.4287096 0.106412 0.6027658
-0.303519 -0.649344 0.475948 0.1948518 0.5690271
0.05924346 -0.6236407 0.4861093 0.8097801 0.5660856
0.06061462 -0.6310915 0.4921171 0.8084396 0.5662457
-0.3324023 -0.6561227 0.4052569 0.1205739 0.6264099
0.05053316 -0.535041 1.400473 0.7165908 0.1353369
-0.04996134 -0.6016858 1.154248 0.6127883 0.2338701
-0.117949 -0.6380818 0.2854388 0.4916222 0.7413892
-0.1085685 -0.6300701 0.2967899 0.5121486 0.7257402
0.1581748 -0.5402956 1.373481 0.8263823 0.1480731
-0.04218591 -0.6306416 0.3716326 0.6414489 0.6578847
-0.09421793 -0.6314473 0.2417281 0.5382044 0.7879533
-0.2882113 -0.646832 0.4026751 0.1960475 0.6257143
-0.1287986 -0.6378677 0.3039683 0.4718678 0.7213461
-0.3200727 -0.5549443 1.153636 0.3131431 0.1959063
-0.09949612 -0.6530623 0.8949665 0.5495134 0.3521605
-0.2224925 -0.4665861 1.303708 0.4365951 0.1051078
-0.3205301 -0.5992039 0.5141555 0.1684682 0.5093704
-0.2677881 -0.6605251 0.3394985 0.2142777 0.6904598
-0.2896569 -0.6441011 0.3789216 0.1842902 0.6442844
0.2019425 -0.6523044 0.6566378 0.9808286 0.479874
-0.05623035 -0.6545876 0.690794 0.6052788 0.450193
-0.4001544 -0.6537719 0.5589584 0.07001507 0.5098245
-0.3003118 -0.6604248 0.3773881 0.168149 0.6543469
-0.2809042 -0.6501435 0.4816609 0.2346108 0.5665711
-0.01065721 -0.6281804 0.4470159 0.6934884 0.5947586
0.1550896 -0.5810681 1.189044 0.8378499 0.2191191
-0.03674345 -0.6486936 0.5444338 0.639273 0.5350143
-0.05686874 -0.6667585 1.08811 0.5991722 0.2911062
-0.07291326 -0.5424029 1.253855 0.5929444 0.1702816
-0.3099689 -0.6101697 0.9793829 0.3004708 0.2858759
-0.1942553 -0.5047029 0.9379959 0.437427 0.2365143
0.1155263 -0.594749 1.016003 0.8131397 0.2804843
0.3739858 -0.5598332 1.267439 1.063478 0.1929676
0.07534197 -0.6391662 0.5416936 0.8206056 0.5370328
-0.05019191 -0.6478306 0.5888863 0.616999 0.5051988
-0.03089251 -0.6370509 0.3052332 0.6660138 0.725926
-0.2299685 -0.6413992 0.7854075 0.373182 0.3872885
-0.2272634 -0.6272296 0.7690363 0.3739763 0.3864183
-0.2488956 -0.4824377 0.9458805 0.3650014 0.2153528
-0.1572811 -1.431241 0.4907266 0.4349316 0.8430479
-0.3629273 -0.6518811 0.4478877 0.0840984 0.5882751
-0.1695097 -0.6385106 0.2681969 0.3840071 0.7567194
-0.2278422 -0.6358635 0.2998518 0.2738883 0.7180209
-0.08173018 -0.5853346 1.186043 0.579487 0.213923
-0.1044094 -0.4701546 1.533374 0.567667 0.06530905
-0.0782707 -0.5487736 1.265169 0.5866024 0.1710569
-0.3245347 -0.4339957 0.5092297 0.1143232 0.3851321
0.1078572 -0.6371852 0.3932632 0.9122375 0.6515231
-0.07286274 -0.4554169 1.237609 0.6017796 0.1186504
0.1289851 -0.6384102 0.4740179 0.92518 0.5878519
0.02226478 -0.6681426 1.163001 0.6818076 0.2710806
-0.03398884 -0.6357527 0.2856552 0.6616622 0.7454292
-0.4003043 -0.6622518 0.4998583 0.04750025 0.5543524
-0.1022427 -0.6475543 0.5355582 0.5351369 0.5368628
-0.0009954646 -0.5671223 1.265343 0.6664218 0.1846352
0.4239564 -1.024607 0.7837163 1.074611 0.5933994
-0.1865138 -1.359335 0.4461845 0.4010816 0.8527838
-0.4064513 -0.6277294 0.6112168 0.07365939 0.4613881
-0.4119018 -0.6375942 0.6217952 0.0722478 0.4611413
-0.2911873 -0.656892 0.3635785 0.1787517 0.6650521
0.08263467 -0.6234776 1.329039 0.7396435 0.2030203
-0.2362434 -0.6272742 0.6531466 0.3423709 0.4455447
-0.1032083 -0.453446 1.249314 0.5674495 0.1133634
-0.2727757 -0.6523276 0.3458979 0.2054602 0.6796593
-0.283205 -0.532328 0.5407025 0.228287 0.446786
-0.03085759 -0.645686 0.4622042 0.6535681 0.5922241
-0.1460009 -0.465332 1.28748 0.5196607 0.1107671
-0.2913866 -0.6160406 0.5246754 0.2241693 0.5146731
-0.1164156 -0.4538881 1.523307 0.5569792 0.0568552
-0.1739228 -0.6125182 0.6401122 0.433541 0.4466556
-0.2475733 -0.6365387 0.7889975 0.3499246 0.3819035
-0.247657 -0.6378867 0.7904925 0.3501192 0.3820315
-0.1628715 -0.6364135 0.4239523 0.4236591 0.6093571
0.03245078 -0.637896 0.4578368 0.7642449 0.5945417
0.2169919 -0.5303757 1.190839 0.9191737 0.190268
0.08852634 -0.5749577 1.038646 0.782703 0.2595583
0.08957964 -0.9615604 0.389223 0.7724594 0.7954432
-0.2100598 -0.6322123 0.8075987 0.4024266 0.37245
-0.2425315 -0.4814249 0.9222738 0.370085 0.2232907
-0.2539384 -0.5307513 1.268005 0.3994994 0.1531291
-0.3483879 -0.613117 0.5305828 0.131126 0.5057104
-0.3074635 -0.6465712 0.3960768 0.1589591 0.6299644
0.03384769 -0.6270223 0.3395277 0.7910573 0.6904422
-0.0963788 -0.5547794 1.128332 0.5653214 0.2115695
-0.1804027 -0.6356483 0.3309342 0.3750879 0.6901056
-0.002196297 -0.6621928 1.124668 0.6582845 0.2788342
-0.08285002 -0.6379841 0.3302318 0.563521 0.698248
-0.1899495 -0.6318064 0.3559386 0.3617984 0.6637634
0.02066267 -0.6297807 0.3243513 0.7672575 0.7059879
-0.3259824 -0.5149197 1.043558 0.2844105 0.2024914
-0.2958949 -0.6492213 0.7190201 0.2717547 0.4212191
-0.3125881 -0.4083568 0.5487086 0.1480994 0.3361276
-0.1435247 -0.6402367 0.514971 0.4674285 0.5443652
-0.02088419 -0.626616 0.5505562 0.668476 0.5184258
0.08719879 -0.6241308 0.5822954 0.8366203 0.5019645
0.1159696 -0.6018283 1.163462 0.7937847 0.2372487
0.02949321 -0.604174 1.239278 0.694544 0.214002
0.01982084 -0.5999981 1.256473 0.6841276 0.2066685
0.1102465 -1.377039 0.3750882 0.7147771 0.9116402
0.1205528 -1.062 0.3354014 0.7963953 0.8690606
0.01525505 -0.639391 0.4623389 0.7337038 0.5909915
0.05459237 -0.634963 0.3783174 0.8192711 0.6602522
-0.04632886 -0.6322573 0.3052729 0.6364865 0.7222617
-0.2277701 -0.4868855 1.089062 0.4103547 0.1735855
-0.3284011 -0.415919 0.5597115 0.1242446 0.335282
-0.415176 -0.5200995 1.629548 0.2840773 0.06778288
-0.2441028 -0.6465657 0.4847031 0.2963447 0.5642315
-0.3290299 -0.6502939 0.41764 0.1299725 0.6130804
-0.3956825 -0.6577021 0.4812342 0.04536286 0.5651324
-0.4093729 -0.6566581 0.4947935 0.02856463 0.5540942
-0.2202124 -0.5458822 0.9116446 0.4003422 0.2734833
-0.2564133 -0.5805802 0.587657 0.2934279 0.4524724
-0.1974377 -0.5321493 0.90828 0.4300039 0.2664489
-0.6766494 -0.6384618 1.274516 -0.02569061 0.1998413
0.004470438 -0.6223255 1.474218 0.6572943 0.1659211
-0.3930714 -0.5610862 1.183377 0.2372595 0.1887218
0.1322673 -0.9221782 0.3015778 0.8614074 0.8571814
-0.302164 -0.6544831 0.7111102 0.2618521 0.4281273
-0.1456845 -0.470587 1.521528 0.5273109 0.06636727
-0.1540915 -0.4596294 1.329823 0.5127416 0.09727144
-0.1218302 -0.6294858 0.2766777 0.483409 0.7458444
-0.1440259 -0.6488537 0.2552643 0.4342292 0.7780755
-0.06135312 -0.6386534 0.4867464 0.6024656 0.5680137
-0.1135857 -0.5872801 1.117545 0.543058 0.2340187
-0.3122481 -0.6472085 0.4433466 0.1682963 0.5918488
0.1019725 -0.62513 0.4869843 0.8815445 0.5687171
-0.1653187 -0.6380045 0.2533793 0.3896042 0.7731567
-0.1394346 -0.6355591 0.3127293 0.452014 0.7105405
-0.07285868 -0.6614594 0.5484021 0.5803717 0.53803
-0.1656806 -0.5140056 1.249006 0.4940457 0.1505948
0.09923364 -0.6585027 0.963766 0.78561 0.3361867
-0.08417916 -0.631992 0.2538671 0.5598206 0.7749811
-0.05133122 -0.6579774 0.7975636 0.6099544 0.3993157
-0.01260903 -0.6465694 0.769763 0.6640548 0.4073943
-0.145644 -0.6352848 0.289263 0.4363173 0.7340277
