-0.1167929 0.003064932 0.04183873 
0.99946 1
0.99946 0
0.0005400776 1
0.0005400777 0
339
-0.01941212 -0.6360419 1.205137 0.4096619 0.26551
-0.21735 -0.498573 1.314847 0.1657954 0.1598517
-0.2677459 -0.4757949 1.350737 0.1040436 0.137857
-0.2574746 -0.5115935 1.630288 0.1325902 0.09941083
-0.2469074 -0.453153 1.635464 0.1324119 0.06344759
-0.1604341 -0.4371983 1.584484 0.2168275 0.06039774
-0.2063883 -0.4359272 1.629029 0.1699308 0.05291259
-0.1800895 -0.4615724 1.346211 0.2018662 0.1263687
-0.2837477 -0.6562296 0.8706429 0.1040547 0.4215368
-0.1578207 -0.4710093 1.313456 0.2295689 0.1398541
-0.2614514 -0.6504295 0.8224131 0.1313486 0.4404249
-0.2685938 -0.4450694 0.9871539 0.07105577 0.2263732
-0.02641699 -0.6329771 1.21175 0.4011165 0.2620882
-0.2844701 -0.6363238 0.9237236 0.1006998 0.38499
-0.2545609 -0.559529 0.9335689 0.121621 0.3299302
-0.2504941 -0.6468486 0.7923599 0.1450842 0.4531434
-0.1463574 -0.6747007 0.9112947 0.290813 0.4035441
-0.1038413 -0.639158 1.141764 0.3220335 0.291612
-0.06108408 -0.59411 1.313632 0.3511999 0.2122803
-0.2460164 -0.6489922 0.8404647 0.1534143 0.429225
0.1281307 -0.5876234 1.230094 0.564872 0.2236825
-0.2702558 -0.5552542 0.9343525 0.09827974 0.3277603
0.0009846464 -0.6173267 1.273863 0.4223854 0.2338847
-0.07291204 -0.562298 1.312666 0.3358903 0.1943568
-0.0432835 -0.5768211 1.319329 0.3682628 0.2000098
0.07655037 -0.6014468 1.077368 0.537729 0.2819566
0.07547743 -0.5979784 1.072119 0.5376296 0.2817165
-0.07423828 -0.6069732 1.234101 0.3447854 0.2426766
0.00195878 -0.5444934 1.472589 0.3976997 0.1427225
-0.2682096 -0.5446381 1.290742 0.1164293 0.1974884
0.05063575 -0.6271065 1.335544 0.4658842 0.2205496
-0.1898285 -0.6733157 0.8675779 0.2355546 0.4260149
0.09189867 -0.6198634 1.057858 0.5592065 0.2989206
0.1201892 -0.6694321 1.024029 0.5971932 0.3381242
-0.2145092 -0.661191 0.9758012 0.1992963 0.3724686
0.07260265 -0.6291364 1.083867 0.5312438 0.2963404
-0.2641476 -0.5635616 0.9335248 0.1092184 0.3332697
-0.2643905 -0.5636222 0.9335127 0.1088924 0.3333313
0.3840341 -0.5932293 1.327949 0.8013562 0.1908526
0.3952352 -0.5779664 1.342349 0.8103167 0.1783034
0.3596025 -0.5896305 1.317165 0.7811645 0.1924049
0.1896785 -0.6190619 1.192644 0.6372445 0.2500823
0.1036337 -0.5966384 1.043352 0.5773034 0.2894453
0.1752491 -0.5834279 1.091801 0.6499711 0.2611555
-0.2081885 -0.6643086 0.973571 0.2079069 0.3747886
0.15262 -0.6047971 1.189063 0.5992331 0.2445866
0.4266351 -0.5767838 1.36433 0.8340323 0.1713122
0.3727499 -0.5997024 1.296365 0.7989548 0.2028564
0.4314323 -0.5685946 1.409487 0.8258144 0.1562454
-0.02690884 -0.6487687 1.181865 0.404882 0.2802421
0.1147334 -0.6577871 1.026358 0.59104 0.3310019
-0.04280425 -0.6762221 0.9152663 0.422368 0.3956468
0.4186429 -0.5303417 1.380202 0.8292785 0.1411125
-0.2167805 -0.6507573 0.8073192 0.1948197 0.4448664
-0.1518165 -0.6696595 0.6409417 0.3023486 0.5470672
0.3709972 -0.5673184 1.235787 0.8222987 0.2000287
0.393602 -0.5705261 1.266721 0.8345074 0.1928991
0.1647003 -0.5817484 1.084223 0.6399462 0.2631503
-0.2186216 -0.6608562 0.8027999 0.1944478 0.4533449
-0.1251342 -0.6734044 0.8084853 0.3268489 0.4502814
-0.1320821 -0.6659965 0.920402 0.3074042 0.3935468
0.3720814 -0.5748379 1.251671 0.8167638 0.2002029
0.4008946 -0.5710958 1.232019 0.8538787 0.2020712
0.004039399 -0.6253348 1.261548 0.4274601 0.2417579
-0.2972136 -0.6420366 0.9197288 0.0848068 0.3910999
0.3584509 -0.5168828 1.327947 0.7879307 0.1469961
-0.2298014 -0.462507 1.347003 0.1447925 0.1285799
0.4984952 -0.5767635 1.284207 0.9321093 0.1880681
-0.07889984 -0.653422 1.170319 0.3491206 0.2890554
0.5085782 -0.4608037 1.394711 0.9269794 0.09272993
0.4817997 -0.5779019 1.274224 0.9190688 0.1918747
0.5041587 -0.583535 1.343159 0.9142952 0.1773654
0.3731276 -0.597589 1.187099 0.835605 0.2312191
0.4760664 -0.5803456 1.311733 0.8990974 0.1841407
-0.0897745 -0.6700612 0.5838085 0.4080615 0.5794948
0.0649137 -0.5848714 1.088788 0.5221049 0.2685958
0.1388481 -0.6707377 0.7171606 0.7108982 0.4754359
0.1403586 -0.6756202 0.7218288 0.7105118 0.4755865
0.06460435 -0.6693363 0.6481161 0.6292471 0.5211736
-0.08645304 -0.6707716 0.7146807 0.3923394 0.4963165
0.01300186 -0.6742535 0.8692622 0.5010628 0.4112244
0.48878 -0.5775087 1.368408 0.8919919 0.1686136
0.4919316 -0.5807875 1.375045 0.8920317 0.1688188
0.05083901 -0.6698463 0.6294144 0.6148115 0.5344406
0.1967469 -0.4368977 1.477103 0.5926868 0.07038653
0.03295758 -0.6702426 0.6079739 0.5945076 0.5502695
0.3514084 -0.6034712 1.205161 0.8057747 0.2304143
0.05295221 -0.6385493 1.275325 0.4770691 0.2431188
0.3246973 -0.6618758 1.173715 0.7787062 0.2734999
0.4434686 -0.5735541 1.249436 0.8907161 0.1972154
-0.01676928 -0.665834 0.4670779 0.5585299 0.6580771
0.05763852 -0.6671275 0.564347 0.647872 0.5754502
0.1507599 -0.669357 0.7027543 0.7330387 0.4815523
-0.002836347 -0.6653348 0.4984972 0.5722628 0.6304147
0.006349668 -0.66632 0.5109349 0.5835231 0.6201177
0.1585055 -0.6675826 0.7151902 0.739272 0.4730292
-0.0652326 -0.6646342 0.4150961 0.4872381 0.7101522
-0.1967462 -0.447971 1.60025 0.1814756 0.06524217
-0.07614089 -0.646812 1.137542 0.3545847 0.2959719
0.06586412 -0.60493 1.452958 0.4646136 0.1789322
0.1000902 -0.6671872 0.6205757 0.6919349 0.5336788
0.3816414 -0.6551417 1.133652 0.8521093 0.2794381
0.3817362 -0.6558184 1.133501 0.8521271 0.2798541
0.0810251 -0.6682015 0.5875741 0.6754529 0.5576919
0.00328546 -0.6673033 0.5503795 0.5658984 0.5914923
-0.05933943 -0.5442695 1.346779 0.3461735 0.1742253
-0.080539 -0.664301 0.3963046 0.46363 0.7301732
0.3366839 -0.501764 1.3305 0.7671049 0.1378339
0.3377488 -0.5026708 1.333096 0.7672773 0.1377603
0.166328 -0.555241 1.222389 0.6095767 0.2048231
0.3774344 -0.5918922 1.192146 0.8394442 0.2262715
0.3734956 -0.6687006 0.9942766 0.8932968 0.3344299
0.04205707 -0.6664529 0.4717608 0.6580378 0.6469592
-0.2790211 -0.4856798 0.9691278 0.0671528 0.2648014
0.0218009 -0.5689079 1.457274 0.4201196 0.1594387
0.02173146 -0.5686551 1.456391 0.4201405 0.1594971
-0.1169044 -0.6139584 1.14623 0.3039369 0.276165
0.4163789 -0.6200509 1.0783 0.9180183 0.2754655
-0.2902196 -0.671489 0.8441931 0.09776457 0.4439666
-0.3050913 -0.6665175 0.8604199 0.07680568 0.4341491
-0.01554924 -0.6650193 0.3964396 0.5851473 0.7206696
0.06980158 -0.6220608 1.093287 0.5263225 0.2891355
-0.09289465 -0.5996203 1.296651 0.3191065 0.2213826
-0.1369396 -0.6434216 1.11956 0.2859048 0.3032814
0.2974878 -0.6788682 1.02998 0.7937067 0.3313639
0.5024187 -0.5791381 1.192058 0.9723611 0.213526
0.4786369 -0.5840306 1.156031 0.9614612 0.2276103
0.4968114 -0.5649498 1.191198 0.9707044 0.2055589
0.073874 -0.6591087 1.288491 0.4966079 0.2497353
0.4847251 -0.584829 1.354553 0.8914359 0.1760923
0.4891281 -0.5824749 1.1821 0.9618937 0.2188206
0.0928141 -0.6653261 0.5525726 0.7081712 0.578862
-0.03209815 -0.6694154 0.4427184 0.5391301 0.6830083
0.1452294 -0.6717213 0.6767285 0.7350039 0.498131
0.1063474 -0.6756993 0.6238714 0.6986455 0.5358831
-0.2495928 -0.656471 0.8170675 0.149605 0.4458234
0.02944862 -0.6661162 0.4013629 0.6655595 0.7100021
0.07031295 -0.6722586 0.6511378 0.6363368 0.520474
0.5243462 -0.5658295 1.232207 0.9815073 0.1939934
-0.05845641 -0.5636465 1.336748 0.3495636 0.1883133
-0.1700445 -0.4743985 1.364113 0.2152631 0.1302105
-0.2398418 -0.6726226 0.9282334 0.1689471 0.401201
0.2138382 -0.5663128 1.218499 0.6612164 0.2106242
0.4334097 -0.6542263 1.012711 0.9555395 0.3163841
0.209814 -0.6373524 1.119912 0.6758761 0.2821043
0.04904429 -0.668565 0.4720853 0.6694689 0.6469789
0.09582404 -0.6651817 0.558992 0.7102593 0.5739415
0.01339545 -0.657317 0.3213043 0.6736145 0.7889782
0.1028337 -0.6641918 0.6365885 0.6904013 0.521648
0.002402775 -0.6685409 0.4133368 0.6112823 0.7041114
0.0179481 -0.6361256 1.328225 0.4339869 0.2287416
-0.2530535 -0.6532795 0.8887187 0.146076 0.4089476
-0.311116 -0.6664404 0.9930114 0.07841682 0.3744792
-0.09983087 -0.6333188 1.160517 0.3245898 0.2818915
-0.3127073 -0.6570904 0.8689203 0.06408837 0.425041
0.01783798 -0.6376012 1.238143 0.4455414 0.2547996
0.3415826 -0.5899426 1.396858 0.7410025 0.1740888
0.07343931 -0.6979868 0.9981303 0.5478237 0.366405
-0.1758812 -0.631339 0.6434961 0.257032 0.5250531
-0.07941445 -0.6339472 1.186411 0.3454693 0.2729649
-0.2090086 -0.6325805 0.6701609 0.2031943 0.5119026
-0.23085 -0.5083113 0.9874814 0.14368 0.271031
0.1759344 -0.6650066 0.661978 0.786082 0.5000533
0.07903799 -0.6681544 0.5433392 0.6896666 0.5885826
0.1443598 -0.6760167 1.025564 0.6239926 0.3398671
-0.0430168 -0.6030435 1.280192 0.3741364 0.2258285
-0.2567073 -0.48583 1.689108 0.1303059 0.07374251
-0.03995829 -0.5580314 1.382502 0.3646088 0.1728569
0.08255822 -0.6655393 0.4659812 0.729521 0.6460314
-0.2739023 -0.6636795 0.6711133 0.1087379 0.5362929
0.04544569 -0.6657593 0.534227 0.6396319 0.59764
0.1234085 -0.6652265 0.5176025 0.7725523 0.6006895
0.456855 -0.5827311 1.14854 0.9419092 0.2299724
0.5037515 -0.5728527 1.163221 0.9878366 0.2178063
0.5193287 -0.5732207 1.162024 1.004608 0.2176994
0.5048082 -0.574171 1.144338 0.9969201 0.223967
0.4788081 -0.5486992 1.097078 0.9978547 0.2234801
0.3755727 -0.6609274 1.000817 0.8948119 0.3275704
0.433562 -0.6231921 1.027641 0.9576834 0.2933176
0.3652244 -0.5626718 1.323728 0.78888 0.1750868
0.4482722 -0.5809392 1.181477 0.9199536 0.2198222
0.196393 -0.6723429 0.6690027 0.8102664 0.4983912
-0.274727 -0.4481768 0.9701966 0.06138941 0.2356615
-0.2471134 -0.6718006 0.9142506 0.1590113 0.4075206
-0.29731 -0.5447126 0.9859028 0.06107277 0.3008474
-0.09929612 -0.6488545 1.146715 0.3278074 0.2952445
-0.2507553 -0.6628773 0.6627773 0.1447047 0.5388914
-0.2569602 -0.6645089 0.5132738 0.1281712 0.649945
0.222845 -0.6134331 1.120917 0.6925033 0.2673511
0.348501 -0.4628126 1.336964 0.7834086 0.1112477
-0.2198248 -0.6512831 0.7131407 0.1906053 0.4978187
0.4350586 -0.5542157 1.406001 0.8327802 0.1487395
0.03007356 -0.6655251 0.3975285 0.6684843 0.7131841
-0.231769 -0.5525958 0.9541216 0.1524849 0.3150935
0.3450287 -0.5169696 1.326092 0.7747548 0.1479551
0.4112279 -0.6262203 1.123678 0.8930043 0.2648985
-0.239375 -0.6556759 0.6466117 0.160357 0.5441005
-0.1143101 -0.6641881 0.350282 0.4090173 0.7825665
0.321754 -0.6723877 0.865895 0.8862917 0.3906333
-0.2217999 -0.648476 0.6389922 0.1866974 0.5430961
0.08398286 -0.6633925 0.4692351 0.730864 0.641996
-0.2297298 -0.6509048 0.6727775 0.1749029 0.5233457
0.1672443 -0.6667809 0.5780014 0.811464 0.5543544
0.1239809 -0.6127736 1.212031 0.5631356 0.2436929
0.4252053 -0.5742014 1.226704 0.8802537 0.2043484
0.3417265 -0.6739474 1.050015 0.8359267 0.3192467
-0.2406686 -0.5142443 0.9608709 0.130357 0.286433
-0.1223353 -0.6421167 1.133916 0.3017421 0.2968808
-0.2298344 -0.6498064 0.6972274 0.1747473 0.5074712
0.2902463 -0.6558953 1.149343 0.7512783 0.2792921
0.1592024 -0.6736674 1.008014 0.6456541 0.3442366
0.2004469 -0.6826189 0.9468563 0.7100523 0.3704775
0.1619213 -0.6640431 0.8110131 0.7094955 0.4218549
0.06482863 -0.6851353 0.5528914 0.6610413 0.592886
0.1128011 -0.6718951 0.6914191 0.6836621 0.4926819
0.08606555 -0.615303 1.186096 0.5270873 0.2546054
-0.0394815 -0.6738066 0.3562808 0.5538872 0.7687399
-0.2860722 -0.6612599 0.6878492 0.08996943 0.5254439
0.6206912 -0.5617995 1.352098 1.027007 0.1589218
-0.1956431 -0.6686912 0.5739256 0.235657 0.5976041
-0.2180265 -0.5493484 0.9937145 0.1713195 0.2960368
-0.1331055 -0.6642524 0.3261114 0.375871 0.812539
0.008990325 -0.6652784 0.3648878 0.6437028 0.7479534
-0.1594913 -0.6679214 0.6456773 0.2896933 0.5437542
-0.1421089 -0.5975832 1.115526 0.2739525 0.2779363
-0.1382258 -0.6717409 0.67825 0.3201182 0.5233046
-0.2441611 -0.538685 1.328683 0.1436385 0.1826034
0.1443432 -0.6052178 1.055643 0.621761 0.2881663
-0.138276 -0.4677238 1.363487 0.2499759 0.1248745
-0.2920304 -0.472301 1.345851 0.07480472 0.1376399
0.1175575 -0.6621167 1.345389 0.5308417 0.2341689
0.01617823 -0.6549065 0.3265075 0.6770341 0.7816079
0.04998261 -0.6700432 0.5712584 0.633031 0.5731348
-0.2251702 -0.4366104 1.636494 0.151244 0.05251992
0.006563894 -0.6263298 1.328884 0.4219544 0.2236428
-0.2503679 -0.5470712 0.9959185 0.1269256 0.2955854
-0.2198433 -0.6024559 0.9900851 0.18051 0.3317891
-0.08464714 -0.4743051 1.344665 0.3119153 0.1317512
-0.2303699 -0.6297603 0.6874161 0.1685129 0.501403
-0.2306412 -0.6302208 0.6874548 0.1682059 0.5016887
-0.2512046 -0.6688864 0.528137 0.1405427 0.6395276
0.1652385 -0.6777832 0.7488894 0.7338817 0.4604467
-0.03685509 -0.6279059 1.269107 0.3834426 0.2428103
0.5104617 -0.6757938 1.019481 1.029644 0.3219264
0.4306113 -0.7029094 0.8442409 1.01708 0.4098036
-0.2537393 -0.6702063 0.5995038 0.1396195 0.5864616
-0.1398687 -0.6666431 0.3194203 0.363477 0.8225336
-0.2900665 -0.5438758 0.9538969 0.06823719 0.3130124
0.1657641 -0.4449845 1.462433 0.5636235 0.07927018
-0.2846234 -0.6478803 0.8453624 0.0989559 0.4290798
-0.2434432 -0.6622266 0.5362803 0.1523731 0.6283205
-0.2601231 -0.4552682 1.006191 0.08816728 0.2266232
0.05769477 -0.6724768 0.5545776 0.6508729 0.5853745
-0.2375843 -0.6633689 0.3250812 0.1569324 0.8321821
-0.03880762 -0.600419 1.29725 0.3767722 0.2194363
-0.1971534 -0.6705115 0.3752069 0.2419055 0.7729878
-0.2501209 -0.647525 0.7111472 0.1430743 0.4995627
0.3489432 -0.4333071 1.311614 0.7971155 0.09730685
-0.2028483 -0.6715346 0.3761034 0.2308282 0.7734886
-0.2270794 -0.6697283 0.9681743 0.1850693 0.3813736
0.1761282 -0.6790459 0.5712056 0.8250134 0.5649754
-0.166382 -0.6467742 0.6510406 0.2747625 0.528532
0.2174037 -0.6775827 0.6177716 0.8631136 0.5300528
-0.1860277 -0.6611155 0.6547514 0.2463399 0.5365812
-0.2579917 -0.6591424 0.9699079 0.1433446 0.3765557
-0.244834 -0.6546373 0.3550174 0.1396216 0.7949374
0.3411855 -0.4641341 1.637329 0.6940812 0.05499697
-0.1620583 -0.6665299 0.6649603 0.2840532 0.5308595
-0.1906467 -0.5083297 1.343082 0.1980182 0.1578962
0.5951142 -0.4622461 1.351913 1.030329 0.09981453
0.5294052 -0.6599299 1.030211 1.049792 0.3084561
0.3854785 -0.7227846 1.213974 0.8169562 0.2906852
0.1850158 -0.6339127 1.257866 0.6162729 0.2398508
0.01767413 -0.667383 0.5274512 0.5966361 0.6068005
-0.2958243 -0.6350814 0.9741067 0.08837116 0.3630671
-0.2575601 -0.6562777 0.6854378 0.1329812 0.5212616
-0.2519983 -0.6655462 0.3181204 0.1265336 0.8441377
-0.2211823 -0.6466968 0.7036078 0.1873966 0.5009183
0.3184319 -0.5933771 1.207558 0.7722301 0.2252975
0.430027 -0.6327055 1.034028 0.9483659 0.2968508
0.4971832 -0.5611042 1.205333 0.9661608 0.1993954
0.03807633 -0.6711219 0.526966 0.6297055 0.6069087
0.5457426 -0.6064547 1.088091 1.056629 0.2581776
0.5820555 -0.553912 1.162607 1.076076 0.2032272
0.5837845 -0.5554879 1.165695 1.075857 0.2032605
0.1388823 -0.6828123 1.032835 0.615499 0.3412595
0.309936 -0.7393004 1.353019 0.7059194 0.2635422
-0.1845166 -0.6664317 0.3224104 0.2701002 0.8270421
-0.1459577 -0.6663827 0.3104407 0.3523161 0.8339676
-0.2811253 -0.5071208 0.9846666 0.07214987 0.2742915
0.02150593 -0.667231 0.3831621 0.6588181 0.7290382
-0.197818 -0.5363956 1.312083 0.1949455 0.1837376
-0.102224 -0.6797043 0.6600623 0.377573 0.5356943
-0.174349 -0.6660812 0.3233219 0.2911852 0.8239812
0.3465378 -0.439825 1.5466 0.7240321 0.0555948
-0.100449 -0.6646287 0.3690916 0.4321411 0.7607095
-0.175719 -0.5473483 1.183165 0.2237659 0.2265216
0.3611013 -0.6792603 0.7680104 0.9794899 0.4365625
-0.1268399 -0.5973389 1.224938 0.2860087 0.2421346
-0.174172 -0.6731076 0.3187046 0.2935929 0.8325685
0.3257694 -0.6566985 1.188347 0.7760859 0.2662511
0.3196951 -0.6562504 1.084996 0.8031577 0.2987195
0.04652184 -1.164529 0.4023346 0.6319888 0.8864959
-0.01221302 -0.664139 0.4855583 0.5605574 0.6412899
0.07963475 -0.6685076 0.5890651 0.6727107 0.5570141
-0.2756989 -0.6817018 0.8497027 0.1209134 0.4459513
-0.2885127 -0.6234552 0.7031372 0.07472932 0.4933225
-0.2508584 -0.6668674 0.3093637 0.1289588 0.8551108
-0.2827433 -0.6618365 0.5148853 0.08096921 0.6504392
-0.1441965 -0.6615223 0.7055539 0.3071781 0.5014514
0.3298494 -0.6701502 1.030438 0.8307868 0.3246273
0.3482462 -0.6514389 1.115134 0.8242308 0.2848171
0.2515579 -0.6747451 0.782665 0.8341491 0.4350511
-0.1414946 -0.6647146 0.3192255 0.3598583 0.8221409
0.5513047 -0.5681058 1.115188 1.06198 0.2267815
0.4932187 -0.6622928 1.015846 1.016992 0.3166248
0.010214 -0.3667841 1.426514 0.4018403 0.03774643
0.01239291 -0.3737939 1.453242 0.4015329 0.0376631
0.5991457 -0.5615016 1.198183 1.074148 0.197436
0.5941764 -0.5576275 1.190199 1.074113 0.1974515
0.5236139 -0.5557657 1.205782 0.9947858 0.1949989
-0.1560353 -0.6632381 0.29751 0.3325278 0.8498576
-0.255248 -0.6459599 0.6204432 0.130607 0.5577503
0.5535181 -0.6511024 1.04283 1.072217 0.298023
-0.230172 -0.700929 0.6775382 0.1867941 0.5490195
0.6338581 -0.607602 1.410825 1.003842 0.1706619
-0.1881309 -0.664407 0.3173956 0.2623827 0.8326186
-0.1884331 -0.6684049 0.3190281 0.2626467 0.8326169
-0.143027 -0.6792762 0.6539304 0.3162171 0.5433118
-0.1195174 -0.6676668 0.6408681 0.3523754 0.5427158
0.1854465 -0.6621553 0.7460862 0.7648866 0.4512461
0.05788878 -0.6482237 1.209693 0.4924595 0.2673683
-0.07144478 -0.6759254 0.4026671 0.4792802 0.7287344
0.5933716 -0.5413119 1.33154 1.015022 0.1526753
-0.08011022 -0.6783045 0.6219332 0.4172253 0.5572013
0.3323916 -0.6726531 0.8970748 0.885528 0.3769228
-0.09309922 -0.6660619 0.3787369 0.44416 0.750435
0.302751 -0.6652287 0.9759592 0.8213726 0.3433073
0.5616001 -0.6914653 1.019687 1.07859 0.327675
