-0.3113775 0.006257586 0.2146114 
0.99946 1
0.99946 0
0.0005400776 1
0.0005400777 0
357
-0.005920082 -0.634218 1.19183 0.5013058 0.3191287
-0.1441821 -0.4831115 1.584835 0.25413 0.1217259
-0.2004446 -0.4979078 1.307386 0.2372237 0.2065539
-0.2525086 -0.473938 1.341074 0.1629054 0.1822435
-0.324421 -0.6078142 0.994144 0.1346715 0.4147303
-0.04832932 -0.5688465 1.295681 0.4248255 0.2480181
-0.2414863 -0.51328 1.617486 0.1489101 0.1361431
-0.3299711 -0.6120605 0.9927825 0.1274789 0.4187401
-0.2513266 -0.5369077 1.313185 0.177687 0.2335306
-0.384683 -0.5483075 1.549348 0.001618117 0.1792132
-0.4045 -0.5645813 1.793231 -0.02196068 0.1332878
-0.01256815 -0.587243 1.30825 0.461004 0.2532606
0.07212892 -0.665517 1.24817 0.5660095 0.3121129
-0.3865465 -0.5225415 1.617537 -0.008359075 0.1465446
-0.2779368 -0.5196301 1.62213 0.1102251 0.1401312
-0.2703784 -0.5355638 1.203095 0.1684931 0.2716357
-0.2304753 -0.454774 1.625107 0.1518405 0.09714395
-0.160406 -0.4476283 1.574106 0.2349717 0.1015955
-0.1438032 -0.4377358 1.577191 0.2519032 0.09393179
-0.1607542 -0.5069816 1.301464 0.2885206 0.2125001
-0.1707254 -0.4412398 1.607555 0.2179657 0.09048784
-0.219736 -0.5466393 1.617999 0.1762112 0.1554077
-0.2754452 -0.4753668 1.348569 0.1328658 0.1820881
-0.1878371 -0.4403316 1.627635 0.1963836 0.08612555
-0.2810605 -0.5222673 1.646559 0.1052549 0.1363269
-0.1129933 -0.4198142 1.574623 0.2849538 0.08168805
-0.3094761 -0.4825275 1.361353 0.08926383 0.1848911
-0.2514693 -0.4987836 1.330538 0.1694821 0.2026002
-0.2220076 -0.5210763 1.564725 0.176944 0.1525506
-0.1678531 -0.4583606 1.331169 0.2697442 0.1703037
-0.4418065 -0.6675715 1.079611 -0.02677327 0.4219258
0.06271854 -0.5352362 1.441265 0.5054791 0.1810696
-0.3482385 -0.5404068 1.114222 0.07109591 0.3160253
-0.1993247 -0.4612605 1.345078 0.2279551 0.1697218
-0.2847559 -0.5450022 1.136641 0.1600032 0.3047659
-0.1811847 -0.5266498 1.283694 0.2684527 0.2323551
-0.2693538 -0.6520081 0.8614674 0.2487186 0.5086381
-0.3012125 -0.5397658 1.147131 0.1346321 0.2982316
-0.2488973 -0.5322475 1.318493 0.1792963 0.2286479
-0.1865186 -0.4550339 1.613466 0.2014033 0.09866726
-0.3546986 -0.5641086 1.261693 0.05612952 0.2749771
-0.3570843 -0.5526367 1.243947 0.05153779 0.2739914
-0.1412019 -0.4702795 1.306501 0.3091523 0.1847682
-0.2210887 -0.6474447 0.8419559 0.3268626 0.5110103
-0.2216764 -0.6449274 0.8416089 0.3259078 0.5097885
-0.2465177 -0.6475338 0.8161723 0.2947339 0.5306864
-0.1517023 -0.4736324 1.309783 0.2955596 0.186632
-0.2603641 -0.5445588 1.158697 0.1901601 0.2938439
-0.006661445 -0.6402932 1.209008 0.4947524 0.3165935
-0.3419264 -0.5441757 1.112144 0.08138955 0.3189987
-0.2599297 -0.6589925 0.8144942 0.2752861 0.5405504
-0.2307815 -0.5509853 1.224391 0.2192667 0.2715479
0.174169 -0.5993667 1.425701 0.6168578 0.2176733
0.01769376 -0.372425 1.471969 0.4545925 0.06716383
0.017869 -0.3726296 1.472635 0.4545933 0.06716669
0.06162459 -0.5410672 1.433197 0.5063798 0.1867032
-0.2690343 -0.6382408 0.9163211 0.2355382 0.4686264
-0.06009912 -0.6400189 1.168494 0.445732 0.3349144
-0.2078284 -0.4429506 1.647917 0.1723949 0.0841552
-0.1717497 -0.5572794 1.220332 0.2955865 0.2732208
-0.2675421 -0.5681835 0.9411406 0.2229996 0.4097417
0.1988589 -0.4243438 1.468494 0.6482423 0.09969366
-0.2399389 -0.5586135 0.9244518 0.268387 0.4089518
-0.0509204 -0.615145 1.204541 0.4465629 0.3065501
-0.01151079 -0.6465591 1.214659 0.4872758 0.318515
-0.3111221 -0.6771296 0.9982847 0.1661389 0.4533655
-0.4487832 -0.771562 1.068426 -0.006400585 0.4852955
-0.4472513 -0.7721004 1.068394 -0.004223585 0.4854198
-0.4407 -0.7714494 1.077683 0.003918529 0.4798999
-0.0589107 -0.6612625 1.11001 0.4640228 0.3696902
-0.235879 -0.6443468 0.7835524 0.3204641 0.5483812
-0.324056 -0.5660044 0.9746645 0.1291005 0.3969729
-0.2552156 -0.5316351 0.9288381 0.2399282 0.3892863
-0.2761057 -0.5365602 1.308395 0.1472433 0.2362391
-0.1357904 -0.6702865 0.8959838 0.4341211 0.4824552
0.1442792 -0.6194093 1.220824 0.6578879 0.290744
-0.08791739 -0.6361091 1.132736 0.4230695 0.3484526
-0.05348456 -0.5742048 1.282392 0.4224879 0.2558017
0.07049796 -0.6002676 1.423417 0.5149097 0.2234522
0.1484708 -0.605768 1.210229 0.6686627 0.2860717
-0.2337083 -0.6451575 0.8302465 0.3106456 0.5185753
-0.2486501 -0.6458772 0.828533 0.2879904 0.5222121
0.143074 -0.5868675 1.219085 0.6621706 0.2723231
-0.2559431 -0.5527759 0.9246878 0.2425558 0.4066123
0.1308379 -0.6178902 1.230289 0.6400926 0.2875991
-0.07038853 -0.5399402 1.267279 0.4070807 0.2400881
-0.02463469 -0.5795757 1.316121 0.4456617 0.246911
0.2298875 -0.433605 1.491397 0.6700612 0.1000454
0.01233742 -0.350645 1.46995 0.4496322 0.05161417
0.1865086 -0.4456372 1.439163 0.6434681 0.1207103
0.04001221 -0.5496834 1.439167 0.4818134 0.1912176
0.1588198 -0.6037996 1.201285 0.6838039 0.2872402
0.08940589 -0.5955449 1.060915 0.6664065 0.3383701
0.09324184 -0.5852661 1.110969 0.6508397 0.3123863
-0.2260028 -0.4453365 1.652009 0.1524798 0.08529532
-0.2253608 -0.4448014 1.653281 0.1529661 0.08467275
-0.3768891 -0.5414483 1.124758 0.02863324 0.3146449
-0.06535259 -0.5996562 1.208772 0.4287875 0.2967509
-0.2370847 -0.5618067 0.9396093 0.2694602 0.4027671
-0.2472501 -0.4569607 0.9532131 0.2367999 0.3185611
0.06961411 -0.6706346 1.240925 0.5652964 0.3174774
-0.1772833 -0.666375 0.7410516 0.4281885 0.5807448
-0.2399853 -0.6694225 0.7591095 0.3228579 0.5802976
-0.2404897 -0.6670606 0.757982 0.3222197 0.579803
0.2276615 -0.4326904 1.46382 0.6784883 0.105472
0.01322183 -0.5360438 1.445504 0.4525384 0.1824566
-0.2002523 -0.4878692 1.314371 0.2351311 0.197494
-0.2459657 -0.5527209 1.302872 0.1880196 0.2468192
0.07048899 -0.6336232 1.335696 0.5388964 0.2670661
-0.1732912 -0.6697858 0.8596382 0.3930702 0.5072519
0.1056587 -0.6161208 1.04514 0.6892337 0.3559027
-0.2651132 -0.5290104 0.9253775 0.2244203 0.3903622
0.08502987 -0.6705354 1.368867 0.5408353 0.2765134
-0.4936057 -0.6662412 0.7912065 -0.1111894 0.5986406
0.1377973 -0.6693115 1.01535 0.7301362 0.3963015
-0.2406197 -0.6552095 0.7387438 0.3269904 0.5864713
0.08961186 -0.6266567 1.076419 0.6547508 0.3509179
-0.2493261 -0.5608487 0.9233918 0.2542635 0.4121468
-0.2453133 -0.6487496 0.8441026 0.2893897 0.5138587
0.3913713 -0.5900532 1.304264 0.8770697 0.2351497
0.3887386 -0.5634236 1.299681 0.8836941 0.2212567
0.3519257 -0.426693 1.369058 0.8487114 0.1193904
0.3759534 -0.5563266 1.307725 0.8691962 0.2154874
0.3722746 -0.4608185 1.337092 0.8763612 0.1489574
0.3779849 -0.5910604 1.30938 0.8615878 0.2349446
0.2048019 -0.6193796 1.181028 0.7389251 0.3001536
0.3787899 -0.510089 1.310611 0.8828173 0.1867245
-0.255027 -0.6534277 0.8829741 0.2656271 0.4949012
-0.2617015 -0.4883645 0.969694 0.2141803 0.3365976
0.1188158 -0.5943744 1.033188 0.714807 0.3464729
0.1915693 -0.5829592 1.081373 0.7790992 0.3148878
-0.1605009 -0.6396437 1.018534 0.3632547 0.4056803
0.09674284 -0.5907166 1.090416 0.6629381 0.3232758
-0.4896506 -0.6721318 0.7518716 -0.1029004 0.631162
-0.5811599 -1.080112 1.18903 -0.08353758 0.5769374
0.1931332 -0.5643333 1.426446 0.6392959 0.1967654
-0.2224276 -0.6435689 0.7998314 0.3368943 0.5351967
-0.1722231 -0.6533561 0.7767459 0.4230188 0.5484217
0.1701702 -0.5226374 1.456527 0.6110979 0.1655835
-0.2694266 -0.5683701 0.9431698 0.2196925 0.4090052
-0.2413869 -0.5456958 0.9255207 0.2644064 0.3995322
-0.2281404 -0.6650892 0.7503885 0.3442161 0.5819019
-0.224671 -0.6531282 0.782627 0.3391161 0.552484
-0.3782178 -0.4346638 0.6375517 0.02485686 0.5387309
-0.3246405 -0.5824608 0.8379166 0.1526197 0.4868795
0.1252798 -0.6750596 1.013267 0.7155196 0.4015152
0.1547591 -0.6718781 1.016721 0.7483705 0.3956506
0.1669905 -0.6061171 1.177661 0.7021917 0.2960401
0.4423744 -0.445266 1.388565 0.9242239 0.1243373
-0.06475517 -0.4812726 1.35764 0.3895904 0.174157
-0.09094325 -0.4656242 1.338562 0.3630327 0.1699363
0.383852 -0.5954176 1.279122 0.8805075 0.2456568
0.01425016 -0.332933 1.466389 0.4534056 0.03889179
0.0142405 -0.3335707 1.468001 0.4528971 0.03905278
-0.0447031 -0.6454535 1.191487 0.4566886 0.3284631
-0.04398867 -0.6458048 1.19215 0.4573018 0.3283728
0.3928632 -0.5217787 1.307913 0.8949382 0.1940182
-0.004615217 -0.656031 1.187548 0.5028682 0.3330194
-0.282725 -0.6506307 0.8472856 0.2310226 0.5182973
-0.1423998 -0.66491 1.062301 0.3754701 0.3990945
-0.3360348 -0.4120557 0.5712611 0.1349457 0.5767023
-0.3217799 -0.4075661 0.5615529 0.174246 0.5795974
0.1328927 -0.6586742 1.019876 0.7245397 0.3888368
0.1276955 -0.6144401 1.01661 0.7292645 0.364814
-0.2621476 -0.5265788 1.177416 0.1820323 0.2745108
-0.4081014 -0.4776262 0.5950273 -0.02543992 0.6261791
-0.3910477 -0.4396591 0.6273186 -0.003956974 0.5562726
-0.4173163 -0.4268223 0.6128007 -0.07896429 0.5660671
-0.4639459 -0.6604078 0.7606158 -0.06091529 0.6128366
-0.1087211 -0.676102 0.8822449 0.4760401 0.4899446
-0.02473548 -0.6758876 0.912835 0.5761941 0.4638025
0.01871595 -0.6701539 0.9725384 0.6070569 0.4269675
0.3863656 -0.4147537 1.351931 0.8960252 0.1142889
-0.481974 -0.6680788 0.7265703 -0.09130907 0.6475566
-0.2253528 -0.4847631 0.9602605 0.2743516 0.3349071
-0.2647683 -0.5605176 0.9270355 0.2292118 0.4117351
0.4015131 -0.5055121 1.321171 0.9013202 0.1801933
0.3725828 -0.4138864 1.359954 0.8779393 0.1122388
0.1330685 -0.6358794 1.269543 0.6255237 0.2850676
-0.2039862 -0.6434464 0.7951981 0.3672299 0.5353526
-0.1706899 -0.6665847 0.7731908 0.4264773 0.558215
-0.06939697 -0.6698858 0.8863496 0.528464 0.4793798
-0.1383242 -0.6648179 0.6308519 0.5394164 0.6551793
-0.3615432 -0.4329226 0.597755 0.07116452 0.5735708
0.3607508 -0.5365719 1.311326 0.857573 0.2034554
0.3937486 -0.5719459 1.231543 0.9206399 0.245506
-0.005616009 -0.6143636 1.282487 0.4750794 0.2769287
0.4019372 -0.5642985 1.247222 0.9228361 0.2359781
0.3930955 -0.5948889 1.28092 0.8886918 0.2443753
0.1808403 -0.584033 1.07774 0.7683238 0.317708
0.3489623 -0.4251055 1.385109 0.8382486 0.114693
-0.3429915 -0.4134828 0.5745392 0.1161349 0.5762207
-0.3500172 -0.4364755 0.5306078 0.1159465 0.6502764
-0.3591725 -0.4178378 0.5308227 0.08230117 0.6364183
-0.2031208 -0.6573197 0.7936561 0.3695002 0.5444568
-0.2034599 -0.6571642 0.7944282 0.3687226 0.5439187
-0.3520855 -0.4373274 0.5300136 0.1107386 0.6523665
-0.2627134 -0.4998865 0.9628483 0.2158001 0.3489269
-0.3780127 -0.51537 1.551446 0.00165993 0.1577953
-0.3777628 -0.517188 1.556867 0.002192736 0.1575875
-0.3947774 -0.433789 0.6098938 -0.01556146 0.569831
-0.4327151 -0.6686722 0.6306996 0.00506562 0.7210526
-0.3916743 -0.4450837 0.6156237 -0.002008677 0.5730947
-0.4233434 -0.6117846 0.616505 0.0019463 0.7002866
0.1345069 -0.6305962 1.421911 0.5764046 0.2376906
-0.1112924 -0.669086 0.799965 0.5046263 0.5338935
-0.1021203 -0.462508 1.364597 0.3432502 0.1609968
-0.4398698 -0.6594585 0.6446282 -0.01348042 0.7047372
-0.3308349 -0.672775 0.9848377 0.1394122 0.4599293
-0.4540524 -0.77399 1.072528 -0.01284808 0.485128
-0.4513543 -0.6619496 0.6519297 -0.03538752 0.7020324
0.09753272 -0.6611759 1.043434 0.6724727 0.3835273
0.3858922 -0.4456764 1.3278 0.8992429 0.1408545
-0.1271219 -0.5942161 1.105315 0.3819084 0.3370946
-0.1153007 -0.6698473 0.9158084 0.4554376 0.4692085
-0.06223458 -0.6690852 0.7290077 0.6092304 0.5719706
-0.1315962 -0.6698788 0.8053778 0.4727714 0.5339149
-0.07028535 -0.668728 0.8108487 0.5589523 0.5213944
-0.07213044 -0.6415559 1.158048 0.4345848 0.3406438
0.03063968 -0.3414685 1.462853 0.4732974 0.04583216
0.3455784 -0.5404345 1.184163 0.9059838 0.2435259
0.418059 -0.5707098 1.221795 0.950331 0.2463992
0.009457141 -0.6065351 1.223065 0.5104279 0.2910109
0.03516659 -0.6598065 1.238498 0.5302465 0.3146122
-0.3593127 -0.5649807 0.5276552 0.1386881 0.7498533
-0.3547177 -0.5769565 0.5256119 0.1534639 0.7581251
-0.2279167 -0.6205413 0.6161501 0.3910705 0.660786
-0.2805693 -0.6419626 0.9129657 0.2195061 0.4742017
0.07549095 -0.6801262 1.187676 0.5888278 0.3405731
-0.1221239 -0.6579463 0.7148134 0.5261291 0.5850446
-0.2639184 -0.6511977 0.9042286 0.2473482 0.4825885
0.3692734 -0.5126147 1.308314 0.8737714 0.1892966
-0.09703928 -0.6755024 0.9262493 0.4760662 0.4649404
-0.422951 -0.6356248 0.6126893 0.01284224 0.7177831
0.2111604 -0.5839344 1.344777 0.6843978 0.2290665
-0.3605556 -0.5421247 1.178448 0.04878038 0.2918971
-0.2157629 -0.4564345 1.323311 0.2101323 0.1733748
-0.4328481 -0.6709435 0.6249894 0.006029576 0.7276855
-0.4021008 -0.5790073 0.5880204 0.03669018 0.7037858
-0.187533 -0.6328055 0.6854809 0.4340717 0.6031882
-0.04215327 -0.6723464 0.7143943 0.6461028 0.5804365
0.005829543 -0.6710153 0.7665826 0.6875968 0.5387998
-0.329085 -0.5719644 0.8085648 0.1475881 0.4996295
0.1230471 -0.6196445 1.217464 0.6363883 0.2933207
-0.08596477 -0.6692157 0.7187706 0.5786189 0.5827736
-0.1316536 -0.6649206 0.7055914 0.5146915 0.5971796
-0.44994 -0.657182 0.6550707 -0.03470105 0.6961979
-0.4118754 -0.6654543 0.5989472 0.04797709 0.744845
0.1411009 -0.67281 0.8129598 0.8415685 0.4950295
-0.06465328 -0.6629885 0.7373382 0.6024296 0.5633396
-0.05838564 -0.6678643 0.8410839 0.56251 0.5017705
-0.004895717 -0.6698328 0.7512786 0.6809563 0.5492027
-0.02827948 -0.6697084 0.7949933 0.6254141 0.5256348
-0.1271392 -0.6677204 0.6370272 0.5544789 0.6496308
-0.06390718 -0.6502864 1.15615 0.4446232 0.3457778
0.5331533 -0.463541 1.394083 1.0023 0.1318725
-0.007693499 -0.6438552 1.183778 0.5012885 0.3276886
0.3819681 -0.5940605 1.145057 0.9485837 0.2862604
0.443376 -0.5747625 1.217847 0.9761649 0.2486067
-0.279027 -0.5670912 0.9724125 0.1990306 0.3939884
-0.2732857 -0.5017591 0.9613439 0.1993657 0.3521916
-0.1435369 -0.4655152 1.364952 0.2934681 0.164688
-0.2719136 -0.5376644 0.99406 0.2011129 0.361998
-0.1709271 -0.6383811 1.034732 0.3450959 0.3984968
-0.2732265 -0.4935924 0.9790305 0.1945979 0.3371159
-0.1988144 -0.5324061 0.9661019 0.3182967 0.3646443
-0.3575078 -0.5341636 0.5276287 0.1329881 0.729696
-0.3229358 -0.6795254 0.9941651 0.1505917 0.4581609
0.2307133 -0.5527819 1.184646 0.7793392 0.2575677
0.08255377 -0.6844414 0.97689 0.6803145 0.4266725
-0.1284723 -0.6672447 0.5812442 0.5819751 0.696207
-0.2400067 -0.5140707 1.332016 0.1858599 0.2118977
-0.3577526 -0.4482267 0.6477541 0.07905006 0.5364518
-0.2221551 -0.5437924 0.9411574 0.2902341 0.3878015
-0.2424362 -0.6699499 0.9200147 0.2771319 0.4822363
0.3460748 -0.6507487 1.146598 0.894143 0.3201683
0.4940163 -0.5749658 1.258087 1.00286 0.2344838
-0.1090958 -0.6689212 0.7743892 0.5185571 0.5494674
0.5292692 -0.5895364 1.342642 0.9861231 0.2182301
-0.3817862 -0.5419062 1.15887 0.01973438 0.3011884
0.3763423 -0.593292 1.157271 0.9363155 0.2821436
0.1035837 -0.6471072 1.048537 0.6796871 0.3728847
-0.3164964 -0.5855107 0.9800621 0.1440483 0.4065089
-0.08022261 -0.670966 0.8116385 0.5442515 0.5235687
-0.45643 -0.664907 0.7568836 -0.04545712 0.6169191
-0.3785075 -0.6646943 0.5550431 0.1216744 0.7805307
0.3641925 -0.4315346 1.313659 0.8883294 0.135636
-0.4554232 -0.667732 0.7613104 -0.04257983 0.6149924
0.3823889 -0.4166771 1.362584 0.8858709 0.1132346
-0.1132493 -0.6726141 0.7769067 0.5110355 0.5505922
-0.04332963 -0.6711097 0.6969932 0.6540169 0.5918664
-0.3735601 -0.6230171 0.5436146 0.1215741 0.7695183
0.4980594 -0.5830762 1.30494 0.9790501 0.2259864
-0.05954334 -0.6663177 0.7445051 0.6059005 0.559752
-0.0427883 -0.5092012 1.324601 0.4239467 0.2011273
0.004594803 -0.676127 0.8327139 0.6509978 0.5031214
-0.07321364 -0.6682025 0.5771434 0.6778429 0.688381
-0.3284692 -0.4221688 0.591394 0.1531858 0.562327
-0.06761876 -0.6686658 0.688191 0.6223231 0.6007772
-0.3491275 -0.6628596 0.5227615 0.1887732 0.8062683
-0.3197109 -0.582175 0.8274361 0.1627827 0.4927121
0.08403516 -0.5859277 1.085781 0.6506529 0.3230687
-0.2409934 -0.6540594 0.6479672 0.356318 0.6557497
0.1521429 -0.6663211 0.7054406 0.9297791 0.5529668
-0.1787852 -0.6438225 0.6820701 0.449866 0.6107062
0.08054152 -0.6685552 0.6393862 0.875684 0.6101999
-0.3993766 -0.5422676 1.568191 -0.01707196 0.1712605
-0.3477824 -0.5441282 1.164108 0.06835598 0.2979853
-0.3995533 -0.5606696 0.5788961 0.03575081 0.7010919
0.1298769 -0.5894933 1.099933 0.6976963 0.3164462
0.1404202 -0.646737 1.030304 0.7308018 0.3770237
-0.06788313 -0.672703 0.7110532 0.6092914 0.5870851
-0.1215717 -0.6630288 0.5479316 0.614076 0.7224176
0.02312422 -0.6707286 0.8518145 0.6673268 0.487239
-0.1788818 -0.6270609 0.9878333 0.3463208 0.4144603
-0.3778878 -0.6239608 0.5492465 0.1114885 0.7650788
0.5304906 -0.595176 1.388765 0.9626061 0.2095844
-0.2335156 -0.6737128 0.7680072 0.3307691 0.5756193
0.3755557 -0.430382 1.411651 0.8509483 0.1114115
-0.04630291 -0.6745993 0.7340914 0.6292344 0.5692213
0.06463125 -0.6665112 0.6183411 0.8683204 0.6273469
-0.3799438 -0.5481728 1.353635 0.01458714 0.235087
-0.02566329 -0.6305319 1.239872 0.4646395 0.3016006
-0.04612836 -0.6807613 1.116871 0.4761787 0.3768551
0.00645712 -0.6645488 0.5419918 0.8355933 0.6997293
0.2068259 -0.4321117 1.452531 0.6614507 0.1081594
-0.1458111 -0.66519 0.635426 0.5246149 0.6531723
0.1236687 -0.6785042 1.350978 0.5837635 0.2838534
-0.2318141 -0.4718252 0.9518991 0.2645597 0.3296157
0.005050242 -0.6709948 0.8346184 0.6516082 0.4990862
-0.3125812 -0.5546312 0.9948806 0.1416065 0.3776388
0.1400007 -0.6696788 0.7167478 0.9039177 0.5495375
0.1237932 -0.6676282 1.067398 0.6909419 0.375208
0.01871952 -0.6725449 0.8293727 0.6722761 0.5011615
-0.3459159 -0.6623994 0.5242017 0.1949958 0.8035471
-0.08704615 -0.6688644 0.6435017 0.6159829 0.6375219
-0.1515295 -0.6345283 0.6565891 0.507811 0.6198899
-0.0139744 -0.6661706 0.7394316 0.6751467 0.5560251
0.04842073 -0.6663356 0.5989206 0.8581919 0.6451077
-0.03933087 -0.633981 1.138268 0.4795624 0.3412614
-0.1030905 -0.6669093 0.6345409 0.595291 0.6464951
-0.1688747 -0.6653911 0.5562146 0.52471 0.7270132
-0.3724322 -0.4317093 0.6196679 0.03988141 0.5524745
0.08934659 -0.6751618 1.081286 0.6449791 0.3767139
0.1395707 -0.5597548 1.256921 0.6473608 0.2441368
0.4674603 -0.5750537 1.277525 0.9672019 0.2303807
0.1704517 -0.5959328 1.245171 0.6796565 0.267717
-0.09209168 -0.6663209 0.7277015 0.5654033 0.5760318
0.3774525 -0.6132716 1.205828 0.9057927 0.2780342
0.1785624 -0.5718694 1.140196 0.7383352 0.2876234
-0.1125319 -0.668843 0.6212226 0.5866722 0.6600693
0.06972322 -0.6772688 0.9953697 0.6580769 0.4156585
0.03128043 -0.6653136 0.5749454 0.8499585 0.6670462
-0.4650117 -0.6628155 0.5267704 -0.06244146 0.8357558
0.1700664 -0.5421064 1.126361 0.7415059 0.274295
-0.4134267 -0.6651325 0.5997111 0.04465711 0.744309
0.1520956 -0.5645955 1.1837 0.690516 0.2699212
