-0.03762284 0.002648511 -0.002768567 
0.99946 1
0.99946 0
0.0005400776 1
0.0005400777 0
13
0.0365761 -0.5498968 1.144756 0.6579878 0.2392402
-0.08723434 -0.4023434 1.191607 0.5252727 0.1228639
0.3235639 -0.3960543 1.196328 1.032793 0.1329178
0.186132 -0.4872379 1.065261 0.8570164 0.2292882
-0.2354955 -0.4671961 0.835925 0.2716113 0.279254
-0.1840189 -0.5724084 0.7440357 0.3357953 0.3996644
-0.1189958 -0.6046626 0.5784976 0.4037431 0.5205166
0.009661399 -0.6053604 0.3570677 0.611069 0.7122447
0.0240545 -0.5121533 1.208194 0.6474987 0.1971349
-0.1973153 -0.4917862 0.8326628 0.3295726 0.3010413
-0.259465 -0.6105722 0.4690499 0.1300005 0.5940917
0.14854 -0.6666424 0.4265488 0.8525039 0.6924794
-0.1233695 -0.6112462 0.8194777 0.4365169 0.3915244
