-0.408999 0.0002412247 0.02258323 
0.99946 1
0.99946 0
0.0005400776 1
0.0005400777 0
436
-0.1895722 -0.6508266 0.7787767 0.5108114 0.4226832
-0.2163431 -0.479878 0.9408646 0.4487155 0.2394907
0.3499452 -0.6377469 1.074153 1.002481 0.2821081
0.3322761 -0.6273882 1.113076 0.9714752 0.2650162
0.1766091 -0.5935081 1.16604 0.8093553 0.2329924
0.1496502 -0.5705763 0.9965237 0.8566094 0.2731206
0.1501794 -0.5768912 1.200184 0.7749766 0.2142249
0.1415487 -0.6532679 0.9939646 0.8243808 0.3217378
0.1435115 -0.6000931 1.175199 0.7717161 0.2344393
0.1328374 -0.5330529 1.208553 0.7650451 0.1864136
0.1244023 -0.5828664 1.012421 0.8185941 0.2755498
0.09870541 -0.5870978 1.045048 0.7766205 0.2676127
0.07998189 -0.6516243 0.5441054 0.9827732 0.5364128
0.08819434 -0.5714923 1.05784 0.7643808 0.2543264
0.07794669 -0.6318171 1.246419 0.6783859 0.2326386
0.06846735 -0.5315325 1.411321 0.6399225 0.1362339
0.03921217 -0.6509478 0.5048103 0.9518379 0.5653565
0.001387149 -0.6240677 1.173275 0.6246896 0.2501928
-0.01549837 -0.5953962 1.258227 0.5890653 0.2101959
-0.01840723 -0.5705035 1.293911 0.5804146 0.1866146
-0.033326 -0.5559393 1.307086 0.5640289 0.1748654
-0.04549554 -0.558804 1.287785 0.5560427 0.1814955
-0.05412453 -0.6267052 1.159709 0.5705664 0.2565594
-0.07545975 -0.6291407 1.111962 0.5598567 0.2732621
-0.137383 -0.4738497 1.546134 0.4200242 0.07302821
-0.134312 -0.466022 1.282308 0.4723054 0.12506
-0.1903505 -0.4934881 1.282661 0.4087499 0.1426678
-0.2390274 -0.4734346 1.322053 0.3488563 0.1196225
-0.2266178 -0.5530003 0.9080714 0.4373886 0.3039846
-0.2754304 -0.5598801 0.9633975 0.3614106 0.2876756
-0.2759725 -0.5314875 0.9583586 0.3620068 0.2705363
-0.2396507 -0.6230557 0.6985831 0.4665793 0.4507887
-0.1543842 -0.6457409 0.2363305 0.8212804 0.8295813
-0.3017982 -0.5822188 0.963074 0.3270429 0.3030237
-0.3102055 -0.6045419 0.9824619 0.3136733 0.3097689
-0.1655006 -0.6463104 0.2468178 0.7915132 0.8198563
-0.177401 -0.6516008 0.2469653 0.7656192 0.8245948
-0.2225975 -0.6499118 0.3018532 0.6448191 0.7713062
-0.2563838 -0.6524135 0.3360331 0.5626441 0.7429398
-0.2693161 -0.6547161 0.3338259 0.5385506 0.7485489
-0.3070582 -0.6550042 0.4797171 0.4185848 0.6223112
-0.2680553 -0.6523322 0.3469731 0.5357646 0.733832
-0.283339 -0.6589847 0.9619932 0.3506326 0.3497648
0.2249661 -0.5486021 1.167096 0.8691925 0.206427
0.196581 -0.5637882 1.225449 0.8144891 0.1995822
0.1842912 -0.5768512 1.067139 0.8610408 0.2530509
0.1360912 -0.6033276 1.002302 0.8294957 0.2907966
0.1355837 -0.6419822 0.995841 0.8205261 0.3150075
0.09189489 -0.6584122 1.345908 0.6593305 0.2203671
0.06184801 -0.5169538 1.403775 0.6378863 0.1294392
0.02348021 -0.6457416 0.3917686 1.012367 0.6484442
-0.03518364 -0.5707217 1.284245 0.5659252 0.1893106
-0.01035693 -0.647518 0.4204204 0.9371127 0.630439
-0.2653628 -0.532216 1.287092 0.3245436 0.1660448
-0.2829614 -0.5453482 0.9496169 0.3540691 0.2835547
-0.1693966 -0.6508657 0.2333715 0.7913184 0.8385862
-0.1803029 -0.6481897 0.2645549 0.7495807 0.8034243
-0.2216892 -0.6590979 0.2867802 0.6519291 0.7919742
-0.04777673 -0.5990069 1.212848 0.5672343 0.225114
-0.09594581 -0.6614203 0.7870815 0.6279846 0.4200528
-0.1843417 -0.6796193 0.7615967 0.5190868 0.4476634
-0.2099922 -0.6517809 0.8012969 0.4775625 0.4132969
-0.2214657 -0.6356329 0.7654639 0.4730141 0.421917
-0.2219481 -0.6518451 0.2920558 0.65085 0.7826939
-0.16661 -0.6497027 0.2300534 0.7998286 0.8414255
-0.2806517 -0.6573007 0.4526623 0.4723154 0.6424271
-0.06502703 -0.6554132 0.5618387 0.7665152 0.5394387
-0.04804626 -0.6200153 1.091505 0.5961804 0.2741883
0.09327355 -0.6061056 1.063206 0.759225 0.2728228
-0.212903 -0.4730873 1.312881 0.3793011 0.1217786
-0.01614371 -0.6478828 0.3348899 0.9922415 0.7042398
-0.08393899 -0.6472871 0.3410592 0.8730274 0.7082095
-0.2045366 -0.6507834 0.38789 0.6332524 0.6846337
-0.2236282 -0.649408 0.3052134 0.6411737 0.7676634
0.2135864 -0.4239449 1.43715 0.7894674 0.06790435
0.1023521 -0.6447034 0.4456053 1.089679 0.5972993
-0.2801428 -0.6540102 0.3587849 0.5078286 0.7250013
-0.3312806 -0.6578976 0.5130424 0.368451 0.6007268
-0.2645565 -0.6557804 0.477575 0.4916166 0.6195149
-0.2918603 -0.6538842 0.3706481 0.4813284 0.7152541
0.03109354 -0.6197271 1.235799 0.637798 0.2294788
-0.3413729 -0.6579823 0.5104918 0.351886 0.6038339
-0.2916682 -0.6539353 0.354979 0.4875526 0.7305501
-0.2186226 -0.6515055 0.3427837 0.6302109 0.7295775
-0.3052156 -0.6574495 0.3860033 0.4505894 0.7046142
-0.2660997 -0.6622748 0.4446353 0.499566 0.6500622
-0.3295774 -0.6531087 0.5216928 0.3694109 0.5912014
-0.3292055 -0.647484 0.5163987 0.3714458 0.5918447
-0.319231 -0.6553953 0.3959931 0.4215477 0.6962371
-0.2551987 -0.6495786 0.3344133 0.5662769 0.7428939
-0.2446162 -0.6520861 0.2996098 0.6028336 0.7787855
-0.3195885 -0.6567808 0.3820134 0.4251294 0.7101935
-0.330898 -0.5972511 0.5150713 0.3701899 0.5619258
-0.1656068 -0.6476048 0.5422574 0.6278261 0.5568813
-0.1993306 -0.6476681 0.2792352 0.7035572 0.7904338
-0.3105755 -0.4374972 0.5323869 0.4118164 0.4255054
0.111812 -0.6446616 0.529822 1.03992 0.5388666
-0.331804 -0.5328579 0.5169417 0.3698456 0.5161801
-0.3286434 -0.6529909 0.4057059 0.4013396 0.6873118
-0.3226077 -0.4163904 0.5626327 0.3791594 0.3852838
-0.3888043 -0.5445076 1.560214 0.172901 0.1095182
-0.2759995 -0.6570122 0.3605426 0.5143806 0.7242325
-0.3431225 -0.6582123 0.4221505 0.3699173 0.6773707
-0.3157318 -0.4234736 0.5257351 0.4043993 0.4182655
0.1060496 -0.6520165 1.026615 0.7748791 0.3105766
-0.03432441 -0.6591851 0.6977205 0.7429874 0.4601907
-0.3751024 -0.4527475 0.6586102 0.2569745 0.358095
-0.2308116 -0.5122664 1.60157 0.3222225 0.08412075
-0.230927 -0.5153959 1.611391 0.3210636 0.08407438
-0.3256211 -0.6567916 0.5143302 0.3777437 0.5984897
-0.3555688 -0.6590862 0.4195193 0.3476258 0.6819578
-0.355117 -0.657014 0.431545 0.3456315 0.6700007
-0.3140408 -0.657409 0.478914 0.4066166 0.6251554
-0.3406964 -0.6586739 0.4031772 0.3793733 0.6945204
0.04761732 -0.5421907 1.423547 0.6155999 0.1395437
-0.05425832 -0.6143192 1.174019 0.5683646 0.2452451
-0.3297589 -0.5576628 1.162751 0.2660391 0.2179012
-0.3268939 -0.6010945 0.5165479 0.3768235 0.5628551
-0.2758304 -0.6566073 0.3321061 0.5264696 0.7523913
-0.3006678 -0.6560794 0.3843698 0.4597358 0.7047254
-0.0627099 -0.6587462 0.6893628 0.7093766 0.4661324
-0.4119099 -0.6594629 0.5618597 0.223496 0.5738121
-0.2894685 -0.6576154 0.4874323 0.4461369 0.6156787
0.1494113 -0.5865756 1.182089 0.7783283 0.2247941
-0.3165796 -0.6115803 0.9822955 0.3057501 0.3143744
-0.3731475 -0.6593952 0.4517605 0.3083952 0.6561403
-0.238075 -0.650885 0.3042352 0.6134691 0.7720312
-0.1063866 -0.4774212 1.547266 0.4495365 0.07533741
-0.3348642 -0.4437615 0.5229067 0.3645836 0.4402235
-0.4314473 -0.6602328 0.6414326 0.1837907 0.5217125
-0.4327347 -0.6644191 0.6443187 0.1820409 0.5224705
-0.2179054 -0.6459596 0.8229706 0.4622069 0.3999138
-0.3624452 -0.6294225 0.5437762 0.3086861 0.5638986
-0.3181558 -0.6545203 0.39932 0.4225842 0.6925184
-0.3335636 -0.5286669 1.070122 0.2702057 0.2290224
0.1029587 -1.40718 0.3754333 0.8218151 0.8987045
-0.2538702 -0.5109575 1.135485 0.3599042 0.1952752
-0.3311017 -0.4104123 0.5520567 0.3649521 0.3878099
-0.3395193 -0.6588554 0.4220932 0.3765146 0.6772798
-0.4060612 -0.6635907 0.4848083 0.2437642 0.6349542
-0.4197421 -0.6623726 0.4972456 0.2176052 0.6257824
-0.1570169 -0.4539379 1.307676 0.4428865 0.1107515
-0.1575437 -0.4546459 1.314107 0.4410113 0.1096972
-0.09119502 -0.6444417 0.2564028 0.9267261 0.7937063
0.1282365 -1.279011 0.324016 0.9051564 0.9028643
-0.3413706 -0.6618024 0.3966273 0.3797659 0.702409
-0.4196757 -0.6656569 0.4852381 0.2194892 0.6374468
-0.07280633 -0.655746 0.4724587 0.8031811 0.6021712
-0.2624833 -0.6652216 0.4354606 0.5086752 0.6589246
-0.4336847 -0.671133 0.5163197 0.1920075 0.6172644
-0.2534751 -0.6534697 0.4099262 0.5362099 0.6732554
-0.2590513 -0.6565719 0.4206183 0.5216132 0.6663783
-0.1095437 -0.6563289 0.5428237 0.7102655 0.556405
-0.1216565 -0.661754 0.5885184 0.6701428 0.5308045
-0.08898756 -0.6049666 1.107547 0.549283 0.2609825
0.1242866 -1.345572 0.3609257 0.8648834 0.8930877
-0.4460089 -0.6622978 0.5181443 0.1688081 0.6121377
-0.3717173 -0.6589409 0.4515024 0.3110304 0.6559182
-0.4466783 -0.6723346 0.512392 0.1695823 0.6225475
-0.2860056 -0.6501886 0.5597256 0.4316038 0.5575908
-0.2758469 -0.6455638 0.4684134 0.4767825 0.6222486
0.1841354 -0.4326647 1.419032 0.7657389 0.07647955
-0.4727986 -0.6749703 0.7231897 0.1171895 0.4837839
0.09641322 -0.6425551 1.253945 0.6918975 0.2361188
-0.4669797 -0.6618563 0.5410318 0.1302758 0.5964673
-0.4016579 -0.6636418 0.4855023 0.2515402 0.6338789
0.1825835 -0.5501201 1.390522 0.7484359 0.1516324
-0.3459956 -0.4294241 0.5135822 0.3439935 0.4355758
-0.2036129 -0.6516635 0.4019154 0.6278248 0.6725208
-0.1725392 -0.649448 0.2957809 0.7435331 0.7686141
0.1525551 -0.5941284 1.15246 0.7903175 0.2375497
0.1352125 -1.396395 0.3282083 0.874051 0.9223843
-0.3528103 -0.5586482 1.244571 0.231584 0.1944214
-0.3535704 -0.5613318 1.253103 0.2301949 0.1936746
-0.2479548 -0.6084194 0.6772648 0.4616319 0.4541963
-0.2067016 -1.393985 0.4621758 0.4937488 0.8773872
-0.3591684 -0.6195882 0.5303416 0.3167246 0.5674663
-0.1754227 -1.391148 0.4721413 0.5234591 0.8674629
-0.3189957 -0.6590803 0.5204391 0.3872899 0.5945018
-0.07292649 -0.6401038 0.2670615 0.9541854 0.7766274
-0.03233075 -0.5122232 1.335857 0.5633008 0.1418003
-0.5088317 -0.6646537 0.5826766 0.05717975 0.5715146
-0.1850189 -0.6450611 0.350382 0.6895916 0.7134897
-0.1412488 -0.6535133 0.6809725 0.6074916 0.4726967
0.3581142 -0.5200607 1.283791 0.9564204 0.1593974
0.3978761 -0.5773111 1.290794 0.9710257 0.189518
0.3865843 -0.5755938 1.250571 0.9785563 0.1985984
-0.08866712 -0.4650694 1.367803 0.5029535 0.1047655
0.3741355 -0.5105383 1.278885 0.9764155 0.155063
0.07022038 -0.6506533 0.4595678 1.028557 0.5938212
-0.3443201 -0.5708002 0.5216073 0.3447556 0.5406834
-0.2342732 -0.6180032 0.768562 0.4560784 0.4101681
-0.4451063 -0.6778695 0.5096698 0.1734022 0.6276668
-0.3535596 -0.6496488 0.2751602 0.3918306 0.8265795
-0.3172652 -0.655557 0.4092877 0.4210896 0.6838484
-0.3099921 -0.6535839 0.3542423 0.4528917 0.7340667
0.1152741 -0.6328517 1.024556 0.7902413 0.300448
-0.1552449 -0.6491288 0.2994574 0.7735007 0.761583
0.3601319 -0.5010579 1.291306 0.9612083 0.1465968
0.03937808 -0.6718858 1.190271 0.650237 0.2704294
-0.1881242 -0.643419 0.7851977 0.5118108 0.4150531
-0.3683555 -0.5406494 1.154254 0.2192486 0.2099448
-0.3654741 -0.5596815 1.232264 0.2180386 0.1986662
0.190357 -0.568121 1.054206 0.875625 0.2519057
0.4093588 -0.5611784 1.30617 0.9798498 0.1770548
0.3769678 -0.5746018 1.285498 0.9555248 0.1894288
0.3626857 -0.6556916 1.06103 1.014245 0.2954599
0.3663853 -0.3991722 1.325533 0.9863302 0.07644337
-0.1495801 -0.652412 0.2403338 0.8241562 0.8270507
-0.2368563 -0.5550835 0.9034166 0.4246407 0.307598
-0.2362822 -0.5540408 0.9017719 0.4258429 0.3075681
-0.3631032 -0.5282322 1.075913 0.2316553 0.2271271
-0.4469178 -0.6515008 0.5183022 0.1654825 0.6057657
-0.3077773 -0.6473694 0.2513006 0.498558 0.8447105
-0.3008514 -0.6521047 0.2546337 0.510838 0.8413624
-0.1669582 -0.6619976 0.3468986 0.7178859 0.7230254
-0.2826213 -0.6476383 0.5657243 0.4355771 0.5515999
0.232299 -0.5978463 1.089138 0.8942237 0.2575529
0.163224 -0.5707746 1.176498 0.7979823 0.2172
-0.04091772 -0.6084144 1.194683 0.5777177 0.23563
-0.3202671 -0.6509994 0.3066973 0.4499507 0.7844557
-0.3193339 -0.651834 0.3071737 0.4515642 0.7841791
-0.2004259 -0.6560069 0.9292896 0.4584847 0.3584441
-0.3059509 -0.6495473 0.2647925 0.4961844 0.8290009
-0.2136828 -0.5130491 1.591547 0.3396786 0.08665133
0.02284887 -0.6078995 1.229179 0.6333238 0.2248461
0.3929288 -0.5545542 1.210014 1.009529 0.1972771
0.1042816 -0.5637262 1.050903 0.7865 0.2516445
-0.1143124 -0.6460226 0.3012512 0.8486709 0.7511598
-0.1516636 -0.442339 1.547398 0.4070233 0.05329055
-0.2614131 -0.5654356 0.9447063 0.3830746 0.298333
-0.3848374 -0.5316604 1.54944 0.176275 0.1042536
-0.2407658 -0.5292782 1.283465 0.3521754 0.165143
-0.2773453 -0.5497569 1.155187 0.3287987 0.2147146
-0.2772598 -0.5444812 1.141093 0.3308643 0.2157078
-0.3851246 -0.5174034 0.5891154 0.2542976 0.4563244
-0.1743639 -0.6037891 0.9353738 0.4936659 0.3239591
-0.3679886 -0.6396406 0.446013 0.3185298 0.649072
-0.2652873 -0.6442611 0.3035623 0.5623634 0.7742902
-0.256421 -0.5842865 0.8950477 0.3988768 0.3309163
-0.08402109 -0.4348995 1.286377 0.5297425 0.1036293
-0.03535789 -0.5392261 1.316635 0.561668 0.1626526
-0.4556556 -0.6471723 0.3679942 0.1589074 0.740898
-0.2569392 -0.6107373 0.9244269 0.3913607 0.3353073
-0.4464049 -0.6561235 0.3583863 0.1804793 0.7541726
-0.4749592 -0.6677208 0.781347 0.1113855 0.4473197
0.4271606 -0.5195723 1.345861 0.9921629 0.1449622
0.1554739 -0.6550309 0.9877534 0.8409914 0.3245304
-0.1807353 -0.6578788 0.5591538 0.595446 0.5527716
-0.3321383 -0.6495273 0.2905701 0.4316241 0.8041337
-0.1496537 -0.6587993 0.8353444 0.5451988 0.3986064
-0.340123 -0.5312739 0.5104225 0.3557124 0.5209403
0.09279945 -0.6055915 1.438604 0.6440944 0.1708673
-0.135788 -0.4339785 1.548472 0.4228513 0.04812497
0.4363231 -0.5555194 1.31913 0.9998263 0.1708852
-0.04583979 -0.6321132 1.15082 0.5808047 0.262185
0.3905236 -0.5836999 1.134723 1.032024 0.2340482
0.3893218 -0.5829145 1.133984 1.031541 0.2338347
0.007918388 -0.6470715 0.4630424 0.9358281 0.5957156
-0.1697532 -0.651805 0.3541056 0.7124925 0.7112501
-0.2200593 -0.4508353 1.598609 0.3325412 0.04821622
-0.2723629 -0.5452757 1.121838 0.3395457 0.2222435
-0.396169 -0.5339972 1.592635 0.1633545 0.09681845
-0.4885272 -0.6613272 0.5402668 0.0919292 0.5991009
-0.357229 -0.6500111 0.2820542 0.3818383 0.8193201
-0.1536581 -0.4967701 1.268619 0.4516654 0.1484548
-0.2662851 -0.5164165 1.149939 0.342623 0.1945809
-0.3705235 -0.6567298 0.4117124 0.3214922 0.6899042
-0.3582692 -0.6499721 0.2922866 0.3765234 0.8075504
0.3724274 -0.5374295 1.275778 0.9673429 0.1712168
0.1199732 -0.6493251 1.053531 0.7799714 0.2996813
-0.4631746 -0.6605325 0.5709316 0.1354111 0.573009
0.1202353 -0.5951067 1.170602 0.7512984 0.233215
0.205567 -0.568296 1.051312 0.8927682 0.2527
-0.2601326 -0.6545336 0.3191742 0.5627348 0.7620136
-0.3860884 -0.4479939 0.5842163 0.2470542 0.4029933
-0.2974801 -0.5522588 1.336835 0.2840974 0.1655302
-0.4043868 -0.6521932 0.4904023 0.2449862 0.6235891
-0.1082515 -0.6149536 1.031753 0.546177 0.2927676
-0.3857551 -0.6143112 0.5751584 0.2625547 0.5339785
0.3585889 -0.4170884 1.266307 1.000157 0.1006165
-0.2558128 -0.6496549 0.3874378 0.541921 0.6917465
-0.2563399 -0.6520724 0.3898722 0.5394908 0.690917
-0.2099417 -0.6491445 0.768855 0.4864472 0.4277079
-0.03817084 -0.465896 1.303789 0.5711166 0.1203869
-0.4645078 -0.6572354 0.4908827 0.136065 0.6334474
-0.2921114 -0.6467901 0.2806765 0.5183845 0.8062426
-0.3864452 -0.5009151 0.5794322 0.2519152 0.450411
-0.127317 -0.6476988 0.6708901 0.6318107 0.4739902
-0.1273033 -0.6447224 0.6669077 0.634027 0.4744701
-0.3069842 -0.6480919 0.2818279 0.4871252 0.8085067
-0.3654031 -0.5350533 1.312033 0.2105829 0.1613399
0.4120087 -0.5513642 1.192378 1.036581 0.1999723
0.3900708 -0.5864727 1.157945 1.019569 0.2290685
0.1325613 -1.146221 0.342954 0.9477381 0.8588791
-0.2105632 -0.6485481 0.3065255 0.665655 0.7635356
-0.3941687 -0.461304 0.5892023 0.2316019 0.4116142
-0.2500803 -0.5095795 1.076861 0.3745792 0.2128983
-0.3714243 -0.5458558 1.521348 0.1923237 0.1185519
-0.2522423 -1.417246 0.4490839 0.4482263 0.8950632
-0.3770697 -0.644214 0.2873471 0.3380875 0.8142704
-0.4320139 -0.6559889 0.4878365 0.1956916 0.6312516
0.005727977 -0.5591071 1.338489 0.5945976 0.1688545
0.134055 -0.5079935 1.018742 0.8492547 0.2267372
0.08913752 -0.6189272 1.172246 0.7145473 0.2464528
-0.2877143 -0.5590292 0.964591 0.3451262 0.2869459
-0.3843867 -0.5448126 1.20166 0.1967668 0.1983292
-0.05791286 -0.6440651 0.3762419 0.8936617 0.6711004
-0.2208436 -0.6539404 0.9015827 0.4396213 0.3695863
-0.004101366 -0.6469628 1.162857 0.6184502 0.2660257
-0.4105726 -0.4469528 0.6154377 0.1941269 0.3824752
-0.4359669 -0.6467614 0.5925743 0.1783409 0.5466784
-0.08046326 -0.4602145 1.239892 0.5423899 0.1320873
-0.4478773 -0.6586604 0.4248747 0.1720167 0.6900407
-0.4493994 -0.6625789 0.4281746 0.1694579 0.6893905
-0.008243889 -0.5526939 1.400918 0.5667829 0.1504615
-0.3415472 -0.608794 0.5049945 0.3533723 0.5782928
-0.2167777 -0.653262 0.3745859 0.6172908 0.699895
-0.4022643 -0.6650404 0.5662445 0.2397134 0.5729783
-0.4926155 -0.6568631 0.607948 0.08347765 0.5473847
-0.4948459 -0.6621576 0.6142362 0.08085075 0.5464485
-0.4256938 -0.6495522 1.035941 0.1661843 0.3197317
-0.2977549 -0.4805218 1.342357 0.2808645 0.119009
-0.5690093 -0.8014386 1.18453 0.01978672 0.3521089
-0.277645 -0.6466045 0.2916702 0.5427782 0.7908859
0.3782094 -0.4807298 1.284309 0.9878787 0.1362357
-0.1730253 -0.6293203 0.6980664 0.5614927 0.4507918
0.4337122 -0.5530342 1.1836 1.060259 0.2030963
0.459306 -0.5572703 1.219475 1.064676 0.1960106
0.3766416 -0.5041082 1.296284 0.9732533 0.1472555
0.4919414 -0.5622708 1.308798 1.050221 0.1768395
0.07065436 -1.131678 0.3786228 0.86696 0.8381283
0.1150553 -1.078003 0.327706 0.9628754 0.8541629
-0.1741838 -0.6444016 0.2527718 0.7712227 0.8137967
-0.3772095 -0.4495245 0.6468896 0.2545991 0.3626184
-0.3897523 -0.5960904 0.5714422 0.2548219 0.5251431
-0.3617212 -0.4309428 0.59768 0.2919929 0.3770237
-0.253331 -0.5555159 0.9090369 0.4012963 0.306029
-0.2006436 -1.37943 0.4463037 0.5045447 0.8834106
-0.3967307 -0.6248655 0.5579346 0.2468354 0.5540891
-0.4239136 -0.648707 0.6051992 0.1977267 0.5380726
-0.5025806 -0.7166198 0.6120142 0.07973567 0.5799733
-0.2406757 -0.6498476 0.3197576 0.6008928 0.7556199
-0.1329367 -0.56043 1.120937 0.5018079 0.2305313
0.03412971 -0.6393292 0.3042766 1.108678 0.7208126
-0.3087086 -0.6467575 0.3642427 0.4526291 0.7202634
-0.03210962 -0.6220853 1.110754 0.6075873 0.2688664
-0.3296964 -0.6525228 0.4955519 0.375517 0.6109501
-0.257199 -0.5413663 0.9145823 0.3954993 0.2942873
-0.01588711 -0.646325 0.4579606 0.9035558 0.6015627
0.05120835 -0.652641 0.4955153 0.9744341 0.5715331
0.4817342 -0.5571088 1.262658 1.064307 0.1850706
-0.4779233 -0.6560166 0.614566 0.1080757 0.5409834
-0.3675522 -0.446684 0.6526519 0.2715457 0.3561065
-0.494734 -0.6527165 0.5888878 0.07891506 0.5584823
-0.2500577 -0.6428967 0.3227257 0.583236 0.7505121
-0.3057396 -0.6486753 0.3232828 0.4731103 0.7626671
-0.05726358 -0.6251892 1.0852 0.5871761 0.2793993
-0.3074742 -0.6360527 0.5337995 0.4042705 0.569748
0.3700196 -0.489858 1.271743 0.982752 0.1445812
0.1287318 -0.6617407 1.024597 0.7967116 0.3160018
-0.1922593 -0.5328249 0.9298837 0.4791785 0.2806935
0.5279253 -0.5708176 1.322885 1.071499 0.1780444
0.08181149 -0.6121544 1.071419 0.7427223 0.2738267
0.1303792 -1.373917 0.2902774 0.8917539 0.9436084
0.005578488 -0.6481248 0.4471534 0.9426435 0.608361
-0.2009816 -0.6392098 0.2792326 0.7036052 0.7865001
-0.1495744 -0.6480734 0.2522688 0.817562 0.8112831
-0.3907298 -0.5754272 0.5797155 0.2502544 0.5054308
-0.6774176 -1.167931 1.243816 -0.02435315 0.4871354
-0.2526971 -0.5771564 0.9013951 0.402813 0.3234844
-0.2669775 -0.566707 1.156757 0.3407622 0.2247913
-0.571088 -0.6879401 1.169531 -0.00442636 0.297497
-0.2605613 -0.5439543 1.297942 0.3285037 0.1704614
-0.1851033 -1.413033 0.4554027 0.5153121 0.8830106
-0.4690339 -0.7275513 0.5947465 0.1361163 0.5945267
-0.4812208 -0.6466655 0.5297713 0.1020239 0.5977089
-0.5061007 -0.6554897 0.5565643 0.05923346 0.5850809
-0.2599956 -0.6506547 0.3133399 0.5666132 0.7661369
-0.3492895 -0.5357985 0.527958 0.3339937 0.5115575
-0.4207095 -0.6597873 0.4998471 0.215288 0.6223052
-0.3081939 -0.4124616 0.553224 0.4117212 0.3873224
-0.06405023 -0.6617529 0.5723315 0.7605113 0.5362769
-0.404641 -0.6622707 0.4693485 0.2483929 0.6468716
-0.1024394 -0.6470785 0.3559929 0.8309762 0.6970085
0.08137995 -0.6666439 1.22959 0.6804242 0.2557026
0.05863979 -0.6630166 1.203953 0.6665996 0.2614593
-0.3470729 -0.5140152 0.5203161 0.3399645 0.5009541
-0.3292004 -0.5243937 1.049186 0.2781211 0.233265
-0.3323778 -0.6502562 0.4426175 0.3844036 0.6534827
-0.2634634 -0.511875 0.9099848 0.3889439 0.275749
0.1486432 -0.56878 1.013333 0.8487105 0.2663539
0.0793514 -0.6206247 1.265249 0.6762311 0.2214891
-0.471231 -0.6553315 0.7365969 0.1158826 0.4641814
-0.3973289 -0.4353547 0.6299804 0.2169288 0.3619322
-0.03328714 -0.5765468 1.262893 0.5723885 0.1982943
-0.2420716 -0.5751346 0.9035209 0.4165557 0.32094
-0.05846259 -0.6599065 0.7952818 0.6723826 0.4134731
0.2071151 -0.6501921 0.7275445 1.029621 0.4267728
-0.4453285 -0.6535135 0.687345 0.1577544 0.4900911
0.3712054 -0.6250329 1.082535 1.023388 0.2723252
-0.004512042 -0.6236004 1.145164 0.6266239 0.2585048
0.107884 -0.5990108 1.015321 0.7950044 0.2844121
0.4505498 -0.5536687 1.182511 1.07606 0.2036336
0.1681562 -0.5753492 1.373548 0.7354526 0.1694131
0.1521915 -1.318044 0.2785593 0.9374949 0.9385551
-0.1674647 -0.6403909 0.2461826 0.7910112 0.8181465
-0.09008083 -0.6375146 0.2416223 0.9457131 0.8066216
-0.1324151 -0.6443659 0.2830198 0.829488 0.7724257
-0.1300728 -0.6448731 0.281694 0.834549 0.7736745
-0.147639 -0.6465668 0.3052683 0.784817 0.752968
-0.2542847 -0.6219832 0.8103501 0.4181551 0.3930441
-0.2406558 -0.6530136 0.4885401 0.5281034 0.6066885
-0.3109124 -0.6679375 0.3743263 0.4428065 0.7221606
-0.3152923 -0.6531914 0.4728685 0.4063586 0.6277544
-0.3497641 -0.6078997 0.5263383 0.3339437 0.56213
0.4348281 -0.4302926 1.419319 0.9967756 0.0780195
-0.1481923 -0.6474596 0.3156864 0.776533 0.7429492
0.1015301 -0.6520177 0.5676575 0.9963419 0.5203204
-0.07659051 -0.6463429 0.3496756 0.8799574 0.6986538
-0.1011183 -0.6447572 0.2447949 0.9175913 0.8086919
-0.4737868 -0.6396874 0.3904262 0.1185034 0.7167389
-0.05758867 -0.6516383 0.5886694 0.7649038 0.5197075
-0.1222956 -0.6455718 0.3499676 0.8012232 0.704679
-0.004662216 -0.6736782 1.140096 0.6200638 0.2874454
-0.2108853 -0.6458876 0.7938752 0.4788697 0.413438
-0.06706902 -0.4725787 1.308173 0.5385829 0.123473
-0.05140957 -0.6479798 0.3100229 0.9522766 0.7331601
-0.110209 -0.6513624 0.8927642 0.5779352 0.3676014
0.3940576 -0.4694049 1.321145 0.9899292 0.1212566
-0.1729935 -0.6479067 0.4300181 0.6675457 0.6424944
-0.3371558 -0.6483519 0.3756589 0.3942646 0.7144341
-0.2895215 -0.6531321 0.4835401 0.4476559 0.6161622
-0.1002966 -0.6550246 1.130816 0.5257498 0.2821445
0.2084089 -0.5299932 1.166783 0.8581922 0.1955614
-0.4375648 -0.651447 0.3697246 0.1967076 0.7383546
