-0.1442096 -0.006641484 0.03777912 
0.99946 1
0.99946 0
0.0005400776 1
0.0005400777 0
260
-0.01854721 -0.6386895 1.207175 0.481194 0.2498896
-0.2166367 -0.5024214 1.316811 0.2445819 0.1416017
-0.2670869 -0.4801524 1.352674 0.1843328 0.1192639
-0.2570569 -0.5154729 1.632705 0.2094677 0.08154213
-0.1812065 -0.4649557 1.348577 0.2799426 0.1080682
-0.2821547 -0.6616319 0.8729155 0.1784594 0.4013742
-0.2602796 -0.6554494 0.8248113 0.2051805 0.4200088
-0.02486679 -0.6357049 1.214002 0.4735136 0.2463157
-0.2846252 -0.6421878 0.9261447 0.1738502 0.3654829
-0.2543574 -0.5641166 0.9360144 0.1989768 0.3098782
-0.2499304 -0.651948 0.7949996 0.2181724 0.4326229
-0.1446141 -0.6789632 0.9133016 0.3621735 0.3860723
-0.1021283 -0.6425509 1.143751 0.3946546 0.2750515
0.1292297 -0.589298 1.231608 0.6394217 0.209349
-0.2699788 -0.5601351 0.9365801 0.1763359 0.3076589
0.002006426 -0.6214387 1.277435 0.494702 0.2188967
-0.07172541 -0.5653885 1.314551 0.4111836 0.1779625
-0.04263494 -0.5795287 1.321788 0.4421623 0.1837425
0.07770291 -0.6034099 1.079879 0.611474 0.2668659
0.07611695 -0.5999429 1.074309 0.6110234 0.2667103
-0.07399664 -0.6094953 1.236589 0.4170133 0.2259477
0.003410861 -0.5463768 1.474178 0.4736115 0.1266074
0.05205575 -0.6288767 1.33779 0.5383539 0.2053334
-0.189878 -0.6788658 0.8700418 0.3052615 0.4080082
0.1218307 -0.6708639 1.025786 0.6684698 0.32416
-0.2131746 -0.6660433 0.978133 0.2716132 0.3541854
0.07356846 -0.6304346 1.085942 0.6034605 0.2811549
-0.2640984 -0.5680805 0.9361844 0.1862739 0.3129172
-0.2639444 -0.5686937 0.9363024 0.1866267 0.313271
0.3851305 -0.5922189 1.329576 0.8782521 0.1780039
0.3962179 -0.5758834 1.343253 0.8884055 0.1649489
0.360762 -0.5885174 1.318473 0.8581342 0.1792803
0.1905663 -0.61974 1.19474 0.7105007 0.2361228
0.104724 -0.5980742 1.044776 0.6517136 0.2748035
0.1761103 -0.584399 1.093244 0.7252893 0.2471912
-0.2064658 -0.6691194 0.9755855 0.280466 0.3567159
0.1539401 -0.6050984 1.19073 0.6735287 0.2298925
0.4275528 -0.575094 1.366171 0.9120821 0.1582466
0.3743434 -0.5983133 1.297736 0.8761807 0.1898592
0.4330056 -0.5670361 1.411232 0.9047154 0.1431072
-0.02527146 -0.6513619 1.184221 0.4766442 0.2644063
0.1163747 -0.6594502 1.02797 0.6628875 0.317053
-0.04097515 -0.677746 0.9171525 0.4931026 0.3787025
0.4193275 -0.5313152 1.38287 0.9083703 0.1288217
-0.1506918 -0.6744492 0.6428553 0.3732871 0.5278701
0.3736405 -0.5651584 1.233799 0.9040025 0.187252
0.39467 -0.5694329 1.268719 0.9129078 0.1799614
-0.2177366 -0.6660198 0.8052049 0.2665518 0.433888
-0.1223382 -0.6769249 0.8108266 0.3994603 0.432025
0.3733227 -0.5729707 1.252328 0.8955069 0.186978
0.4020112 -0.569463 1.2335 0.9329547 0.1891478
0.005463034 -0.6280736 1.263412 0.5000626 0.2265348
0.3593753 -0.5155413 1.328439 0.8686545 0.1330968
-0.2298722 -0.4661154 1.349313 0.224453 0.1097973
0.4994688 -0.5740956 1.285309 1.012526 0.1757029
0.5085829 -0.4584022 1.395777 1.012013 0.0787822
-0.2098723 -0.5749563 0.9480775 0.2624053 0.3100361
0.4830014 -0.5752656 1.274264 0.9998143 0.1796485
0.5051852 -0.5803143 1.343056 0.9946327 0.1648968
0.3743144 -0.5968163 1.189036 0.9127682 0.2187406
0.4770186 -0.5780028 1.31319 0.9784453 0.1715554
-0.08811335 -0.6733909 0.5863479 0.4788617 0.5602211
0.06584869 -0.5871778 1.090488 0.5965464 0.2536959
0.0653546 -0.6725219 0.6497074 0.6986567 0.5071064
-0.08632123 -0.6765552 0.7163951 0.4611276 0.4801973
0.01368158 -0.6778316 0.8726192 0.5700014 0.3958201
0.4939417 -0.5788587 1.377604 0.9717178 0.1561615
0.4902709 -0.5753126 1.369054 0.9720796 0.1562126
0.1970592 -0.4365134 1.478065 0.673686 0.054057
0.03310992 -0.6736425 0.610321 0.6625026 0.5349506
0.3530515 -0.6022558 1.20572 0.8832528 0.2177752
0.05478895 -0.6414286 1.277388 0.5495046 0.228648
0.3267173 -0.6612384 1.174868 0.8530115 0.2612837
0.4444006 -0.5714851 1.251007 0.9701629 0.1845108
-0.01614816 -0.6699402 0.4691553 0.6271252 0.6409147
0.05850103 -0.6702899 0.5664169 0.7172201 0.5606497
0.1523506 -0.6708989 0.7046674 0.8045272 0.468394
-0.001971424 -0.669088 0.5006783 0.6413889 0.6136655
0.006918311 -0.6706785 0.5127963 0.6521222 0.6043733
-0.07346064 -0.6485276 1.138604 0.4278418 0.2791862
0.1007027 -0.6703241 0.6226527 0.7612308 0.5201622
0.3834861 -0.6544009 1.13583 0.9272054 0.2677054
0.3830766 -0.6539736 1.135365 0.9270471 0.2676257
0.003648996 -0.6724286 0.5528747 0.6339648 0.5758933
-0.05943675 -0.5485699 1.350583 0.4207101 0.1582173
-0.08004555 -0.6692178 0.3984408 0.532313 0.7101694
0.3386 -0.5019276 1.335303 0.8476853 0.1234168
0.3372084 -0.5004206 1.331649 0.8476747 0.1233462
0.1676908 -0.5577013 1.223988 0.6862072 0.1911932
0.3784328 -0.5911056 1.193967 0.9167978 0.2138081
0.375026 -0.6683147 0.996023 0.9678202 0.3235896
0.02293672 -0.5704566 1.458685 0.4947255 0.1435807
0.02258492 -0.5717304 1.46068 0.4941456 0.1438702
0.4179156 -0.6185795 1.079375 0.9962437 0.2640616
-0.2889314 -0.6767985 0.846881 0.1710782 0.4232365
-0.304524 -0.6726081 0.8635022 0.1498984 0.413533
0.07087168 -0.6227163 1.095175 0.5990773 0.2735344
-0.09169161 -0.6029108 1.299271 0.3927281 0.2048566
-0.1347821 -0.6458324 1.121199 0.3589817 0.285695
0.298958 -0.6788975 1.031874 0.8661895 0.3194618
0.5029633 -0.5763562 1.192498 1.053407 0.2017471
0.4792437 -0.5811365 1.156077 1.042315 0.2157977
0.4975798 -0.5620904 1.191105 1.052969 0.193632
0.0754628 -0.6600592 1.29016 0.5680533 0.2347319
0.4855827 -0.5820853 1.3555 0.9705937 0.1634064
0.4898604 -0.5798447 1.181756 1.043035 0.2072676
-0.03141423 -0.6733628 0.4446093 0.6076317 0.6651598
0.1077896 -0.6768347 0.6256156 0.7692422 0.5215706
-0.2480325 -0.6614429 0.8192405 0.2233935 0.4257239
0.0304769 -0.669269 0.4032039 0.7347651 0.6936156
0.524823 -0.5618693 1.231429 1.064254 0.1817527
-0.05786753 -0.5665082 1.339187 0.4240107 0.1718841
-0.2378843 -0.6772042 0.9301252 0.241825 0.3821744
0.2151789 -0.5667148 1.218692 0.7382925 0.1968573
0.4352335 -0.6535149 1.014042 1.032506 0.3062179
0.2074661 -0.6276937 1.107799 0.7504231 0.2674174
0.04996589 -0.6717047 0.4737045 0.7386964 0.6318982
0.09684187 -0.6674691 0.56034 0.7806644 0.5601994
0.1045974 -0.6654919 0.6378084 0.7623745 0.5075698
0.003701463 -0.6712618 0.4152479 0.68089 0.6864972
0.01968591 -0.6388594 1.33011 0.506378 0.2137896
-0.252661 -0.6594054 0.8916199 0.218568 0.3897897
-0.3078208 -0.6676013 0.9893392 0.1531475 0.354733
-0.09967139 -0.6390216 1.165028 0.3956384 0.2659793
-0.3079244 -0.6539661 0.8617392 0.1405691 0.4035073
-0.1858601 -0.6375148 0.678812 0.3119752 0.485599
0.3402092 -0.5800874 1.385767 0.8198199 0.1585656
0.07443844 -0.7006303 1.000709 0.6164332 0.3522248
-0.1745609 -0.636398 0.6450086 0.3313077 0.5053917
-0.07859533 -0.6382287 1.189923 0.4171073 0.2569078
-0.2083868 -0.6373948 0.6725278 0.2767515 0.4909803
-0.2301233 -0.5137578 0.9889132 0.2243895 0.2524871
0.07954058 -0.6721594 0.5451998 0.7582899 0.5750154
0.1462735 -0.6763485 1.026835 0.6956574 0.3258914
-0.2566751 -0.4884379 1.69412 0.2075658 0.0546664
-0.03898235 -0.561311 1.385502 0.4395508 0.1567806
0.08404928 -0.6676525 0.4675373 0.8004116 0.6314437
0.04655018 -0.6678522 0.5358078 0.7097355 0.582084
0.124719 -0.6671572 0.5189576 0.8437526 0.5875073
0.4580398 -0.5814581 1.150896 1.021573 0.2181709
0.5044522 -0.5719645 1.167687 1.067299 0.2060954
0.5202199 -0.5711134 1.163526 1.086341 0.2063061
0.5001069 -0.5667186 1.135551 1.078967 0.2124071
0.5059534 -0.5720476 1.146188 1.078572 0.2123591
0.3781184 -0.6628222 1.004536 0.9694461 0.3172114
0.4347842 -0.6221381 1.028523 1.036032 0.2827699
0.3648524 -0.5593847 1.322082 0.8670781 0.1612061
-0.2775428 -0.4558857 0.9751162 0.1427996 0.2163919
-0.2456639 -0.6761338 0.9166307 0.2313771 0.3879061
-0.296911 -0.5497106 0.9881113 0.1401467 0.2806367
-0.09697348 -0.6508765 1.1466 0.4007163 0.2787116
-0.2481303 -0.6651344 0.6636844 0.2196532 0.5161607
-0.2570068 -0.6721666 0.5164035 0.2006886 0.6262519
0.2247912 -0.6179814 1.125263 0.7663889 0.255448
-0.1315181 -0.6796129 0.8827712 0.3812797 0.3995335
0.3480443 -0.4604695 1.335743 0.8662103 0.09627092
0.437362 -0.5539422 1.411941 0.9115493 0.1352932
0.03058752 -0.6701124 0.3993762 0.7364327 0.6976089
0.4136273 -0.6276227 1.128905 0.9689826 0.2536259
-0.304477 -0.5703692 0.9771973 0.1340297 0.2992178
-0.2367354 -0.6565934 0.6455649 0.2353712 0.521897
0.3225457 -0.6720778 0.8669263 0.9595949 0.3798932
-0.2208441 -0.653066 0.641113 0.2600019 0.5215095
0.168262 -0.6690112 0.5799254 0.8822682 0.5421757
0.1254463 -0.6143662 1.214683 0.6366446 0.2291167
0.4261304 -0.5723164 1.228085 0.9595185 0.1916637
0.3429297 -0.6723529 1.05238 0.9091758 0.3068587
0.4219845 -1.067906 0.8014995 0.9811004 0.5847605
-0.2433278 -0.5233746 0.9710173 0.2073469 0.2668632
0.1616513 -0.6794503 1.015929 0.7156699 0.3310666
0.2023794 -0.6824954 0.9477131 0.782199 0.3575164
0.1630363 -0.6627969 0.8104265 0.7821733 0.4083689
0.04937717 -0.6760792 0.4648873 0.7403201 0.6415976
0.06635967 -0.6858069 0.5529209 0.7314776 0.5783418
0.1140558 -0.6778859 0.6950238 0.7526856 0.4803023
0.08784057 -0.6186178 1.190934 0.6001762 0.2398513
-0.0384685 -0.6770648 0.3582077 0.6223844 0.7491727
-0.1947297 -0.6750615 0.576998 0.3073042 0.5763805
-0.2166625 -0.5489437 0.9882245 0.2490762 0.2767082
0.009590805 -0.6679904 0.3661872 0.7123415 0.7308124
-0.1578035 -0.6720785 0.6469091 0.3617188 0.5244068
-0.1415593 -0.6026571 1.120273 0.347546 0.2605876
-0.1371164 -0.6753497 0.6791003 0.3907395 0.5047967
-0.2429394 -0.5425949 1.329984 0.2211654 0.1644959
-0.138404 -0.4718774 1.368829 0.3284807 0.1069857
0.1190203 -0.6599741 1.33965 0.6036096 0.2200248
0.01665828 -0.66067 0.3283068 0.7450708 0.7653924
-0.2528097 -0.5624145 1.016513 0.2038619 0.2763183
-0.2508119 -0.5540528 1.001458 0.204338 0.2764311
-0.2204793 -0.6123046 0.9988147 0.2543407 0.3138698
0.1660596 -0.6765622 0.7470582 0.8059717 0.4480127
-0.2527716 -0.6750357 0.6013419 0.2123182 0.5638182
-0.1389028 -0.6695963 0.3207109 0.433821 0.7983026
-0.2908299 -0.5502089 0.9594547 0.146419 0.2922741
0.1655291 -0.4456501 1.464003 0.6432555 0.06329203
-0.2424751 -0.6669716 0.5382242 0.2255651 0.604745
-0.2596999 -0.4569275 1.002927 0.1711152 0.2061347
0.05854639 -0.6723214 0.5546058 0.7212161 0.5701147
-0.1964664 -0.6766526 0.3775978 0.3131806 0.7480385
-0.2010348 -0.6723059 0.3762251 0.3034914 0.7477741
-0.2262318 -0.6759329 0.9719386 0.256706 0.363048
-0.1659414 -0.6531575 0.6543786 0.346452 0.509008
0.2187575 -0.676709 0.618679 0.9359677 0.5179675
-0.1849284 -0.6659046 0.6568026 0.3183338 0.5164396
-0.2577706 -0.6700697 0.9779745 0.2162198 0.3585951
0.3611043 -0.6804436 1.150689 0.8924097 0.2781549
-0.2931384 -0.6385218 0.9717296 0.1645145 0.3441266
-0.2551749 -0.657949 0.6842104 0.2078128 0.4995424
-0.2514534 -0.6726675 0.3207852 0.200584 0.8148246
-0.1456809 -0.6717117 0.312683 0.4213769 0.8093584
-0.2766544 -0.4995042 0.9645378 0.1543752 0.253599
-0.2776814 -0.5044361 0.9737084 0.1547925 0.2536272
-0.1972591 -0.5391568 1.314273 0.2713727 0.1652485
-0.1731063 -0.669313 0.3246 0.3629412 0.7983148
-0.09968014 -0.6702244 0.371031 0.5015694 0.7399256
-0.1728507 -0.6745906 0.319198 0.364742 0.806931
0.3307012 -0.6615435 1.198196 0.8498296 0.2543014
0.3244672 -0.6522208 1.182294 0.8501855 0.2540985
-0.01120016 -0.6742347 0.4911329 0.6281378 0.6249623
0.08094323 -0.6730956 0.591481 0.7423729 0.5434681
-0.2695863 -0.6704569 0.8331163 0.1956466 0.4252841
-0.2686511 -0.6678728 0.829633 0.1962516 0.4254534
-0.2873486 -0.6273934 0.7033078 0.1510218 0.4713138
-0.2512073 -0.6771967 0.3131807 0.202058 0.8257636
-0.2826697 -0.6675687 0.5179614 0.154259 0.6247808
-0.1415223 -0.6746968 0.3227271 0.4284341 0.7988331
-0.2122351 -0.6090074 1.051548 0.2642981 0.2913465
0.5241773 -0.5519412 1.206121 1.077972 0.182515
-0.1558313 -0.6717221 0.3009443 0.4020827 0.8244056
-0.2573858 -0.661688 0.6309651 0.2029283 0.5361201
-0.2704782 -0.6748841 0.9682751 0.2007486 0.3659996
0.6496073 -0.6161133 1.438878 1.083938 0.1593426
0.1823529 -0.6541234 0.738045 0.8372079 0.4385432
0.05751009 -0.642117 1.196611 0.5649835 0.2526171
-0.07113159 -0.6719389 0.4009264 0.5481857 0.7082558
0.3354197 -0.6752791 0.9017632 0.9591113 0.3662779
0.05872269 -1.248196 0.4494503 0.6679627 0.8589097
0.04954526 -1.198145 0.4025729 0.6742237 0.8804951
-0.2833801 -0.6746222 0.5131233 0.1547084 0.6327458
-0.1299225 -0.6623079 0.3190075 0.4522572 0.7954917
-0.06322191 -0.6749143 0.6212937 0.5115522 0.5356728
-0.07933754 -0.6934421 0.696163 0.4744966 0.5011386
-0.1504103 -0.666648 0.3031175 0.4126742 0.8187226
0.06650433 -0.6700371 0.6289247 0.7076936 0.518481
-0.2375387 -0.6721668 0.3089348 0.2293022 0.8265484
0.02844204 -0.7078351 0.463655 0.6988679 0.6616473
0.111962 -1.019679 0.3330848 0.808388 0.8839208
-0.2265436 -0.6682668 0.2965919 0.2514956 0.8379965
0.07381773 -1.014379 0.3811578 0.739083 0.8462441
-0.1611364 -0.6632106 0.3225907 0.3871691 0.7960305
-0.2988585 -0.6738907 0.4698955 0.1219346 0.670441
-0.2229267 -0.6774555 0.2856209 0.2616256 0.8550144
-0.2161985 -0.6687101 0.3546812 0.2730807 0.770439
-0.2693447 -0.682906 0.3281532 0.1671247 0.813565
-0.2356821 -0.6683621 0.3459459 0.2332162 0.7822511
-0.2008051 -0.6691432 0.2715775 0.308191 0.8656884
-0.3190713 -0.5905201 0.5607606 0.06695494 0.5468987
0.5325763 -0.5576656 1.190846 1.091774 0.1899927
0.4750521 -0.5736961 1.114039 1.058861 0.2240051
-0.1637621 -0.6361567 0.6513273 0.3481236 0.5004023
