-0.1380745 -0.01079842 0.02183948 
0.99946 1
0.99946 0
0.0005400776 1
0.0005400777 0
195
-0.01898251 -0.6385096 1.20764 0.4742426 0.2649891
-0.2170116 -0.5014637 1.315579 0.2456558 0.1559967
-0.2677102 -0.4782007 1.351425 0.186991 0.1328421
-0.2593583 -0.5127698 1.63264 0.2131175 0.09704053
-0.1815894 -0.4632815 1.347469 0.2819479 0.1234152
-0.2816659 -0.6635082 0.8728071 0.1679126 0.409483
-0.2595929 -0.6576077 0.8248336 0.1935453 0.4279971
-0.02524333 -0.6355241 1.215611 0.4667819 0.261069
-0.2846507 -0.6441546 0.9266195 0.1646855 0.3740777
-0.2539601 -0.5664255 0.9360672 0.1925615 0.3198741
-0.2493725 -0.6549688 0.7954394 0.2056266 0.4407218
-0.1432326 -0.6805751 0.9138548 0.3519439 0.3967163
-0.1021057 -0.6425959 1.144045 0.3880478 0.2883326
-0.06010432 -0.5964763 1.315582 0.421578 0.2119076
0.1292099 -0.5896271 1.231869 0.6318942 0.227882
-0.2693359 -0.5612549 0.9360084 0.1703597 0.3168226
0.001171529 -0.6211075 1.278779 0.4885248 0.2348007
-0.04266677 -0.5788938 1.322881 0.4390738 0.199711
0.07708596 -0.601725 1.075233 0.6020157 0.283472
-0.07375646 -0.6091068 1.237785 0.4126118 0.2403784
0.05072802 -0.628386 1.339983 0.5317601 0.2221421
-0.1899593 -0.6820707 0.870515 0.292686 0.4183214
0.1220937 -0.6734365 1.027229 0.6557016 0.3407961
-0.2134077 -0.6681747 0.9789727 0.2620905 0.3646305
0.07401855 -0.6316805 1.087584 0.5936143 0.2971106
-0.2638211 -0.5701723 0.936334 0.1796905 0.3225177
0.3845444 -0.5929844 1.331311 0.8668906 0.2009652
0.3960369 -0.5764707 1.344766 0.8776668 0.1883818
0.3608598 -0.5883843 1.319784 0.8480273 0.2014667
0.1906303 -0.620769 1.196273 0.7005938 0.2549676
0.1052547 -0.6000619 1.045788 0.6410199 0.2918961
0.1767776 -0.5859249 1.094289 0.7146742 0.2658368
-0.2064422 -0.6707784 0.9766102 0.2709962 0.3668859
0.1542034 -0.6054035 1.191262 0.664866 0.2481833
0.4270466 -0.5751784 1.367236 0.9010985 0.1821109
0.3737834 -0.5989745 1.299052 0.8645658 0.2124085
0.4320394 -0.5684037 1.413668 0.8933449 0.1678622
-0.02568809 -0.6512685 1.184852 0.4691294 0.2790764
0.1164743 -0.6610489 1.028933 0.6504188 0.3333511
0.4187517 -0.5311214 1.383657 0.898136 0.1533598
0.3948448 -0.5704854 1.2705 0.9009714 0.2032107
-0.2166715 -0.6689348 0.8060886 0.2542939 0.4424579
-0.1218206 -0.6808883 0.8114057 0.3852741 0.4432669
0.373243 -0.5747609 1.254423 0.8831339 0.2100797
0.40182 -0.5708412 1.23551 0.9196178 0.2124126
0.004828438 -0.6280507 1.264735 0.4936743 0.2424716
0.3592538 -0.5163615 1.32947 0.8588797 0.1572488
-0.2309004 -0.4651541 1.349411 0.2266333 0.1245054
0.4999142 -0.5758711 1.287178 0.9987675 0.200932
0.5088518 -0.4586764 1.396932 1.000881 0.1064937
-0.2093596 -0.5763487 0.9477181 0.2553077 0.3205751
0.4833136 -0.576342 1.275598 0.9864415 0.204285
0.5050675 -0.5807463 1.344522 0.9818574 0.1897579
0.3749651 -0.5987803 1.191445 0.8995842 0.2410208
0.4769469 -0.5787251 1.31522 0.9654337 0.1959085
-0.08665004 -0.6784028 0.5870599 0.4582848 0.5698547
0.06627224 -0.5880933 1.090856 0.5877958 0.2702544
0.06732488 -0.6762481 0.6508394 0.6787715 0.5196514
-0.08503508 -0.6798095 0.7171209 0.4446846 0.4904848
0.01359087 -0.6813995 0.8731449 0.5547922 0.4100445
0.4894483 -0.5753568 1.370106 0.9596643 0.1809753
0.197065 -0.4348471 1.477498 0.6716143 0.07709157
0.353318 -0.6039655 1.206395 0.8710344 0.2400992
0.05475162 -0.6418853 1.278918 0.5429764 0.2455196
0.3271936 -0.6627189 1.176983 0.8401801 0.2816111
0.444822 -0.5726898 1.252676 0.9570818 0.2084827
-0.0132712 -0.6754913 0.4700707 0.6030662 0.6506484
0.06101151 -0.6752729 0.5675449 0.6951585 0.5727872
0.1544956 -0.6754668 0.7058924 0.7848877 0.4836842
0.00977163 -0.6760851 0.5134705 0.6295183 0.6152921
-0.07295893 -0.6485252 1.139922 0.4211031 0.2924756
0.3836755 -0.6556148 1.137444 0.9125198 0.2887276
-0.07707831 -0.675361 0.3989092 0.5062121 0.718177
0.3378549 -0.5003923 1.332831 0.8394606 0.1469196
0.1677353 -0.559105 1.22501 0.6780473 0.2111588
0.3787318 -0.5928441 1.195867 0.9035111 0.2362996
0.3757559 -0.6714302 0.9983954 0.9499254 0.3441001
-0.1172776 -0.618794 1.151103 0.3695903 0.2726063
-0.2885801 -0.6795399 0.8474561 0.1594872 0.4310747
-0.3046048 -0.6753465 0.8640124 0.1384601 0.4213382
-0.09252109 -0.6030018 1.300456 0.3886904 0.2199854
0.2995776 -0.6813279 1.034003 0.8506885 0.3386052
0.503515 -0.5777664 1.193856 1.038038 0.2263782
0.4797061 -0.5832429 1.157928 1.026139 0.24002
0.4983729 -0.5637828 1.192423 1.037842 0.218614
0.07483985 -0.6599677 1.29207 0.5605424 0.2514339
0.4857616 -0.5824926 1.357793 0.9584454 0.1878124
0.4908609 -0.5807282 1.183552 1.028174 0.2311321
-0.02845082 -0.6786702 0.4457121 0.5828471 0.6739431
0.1092332 -0.6822869 0.6263467 0.746788 0.5359694
-0.2476231 -0.6641605 0.8199772 0.2110611 0.433873
-0.05847256 -0.5658654 1.340438 0.4211046 0.187898
-0.2384295 -0.679387 0.9313319 0.2307337 0.3914498
0.4352773 -0.6560779 1.015836 1.013479 0.3279371
0.2104258 -0.632632 1.117155 0.7389227 0.2854036
0.05267398 -0.6766118 0.4750335 0.7134115 0.6425071
0.09901811 -0.6724501 0.5612243 0.7572635 0.573264
0.006193787 -0.6771542 0.4156836 0.6535214 0.6966466
0.01938769 -0.6380286 1.330555 0.5011988 0.2301965
-0.25216 -0.6611786 0.8917583 0.2083148 0.3985237
-0.3072286 -0.6686699 0.9890947 0.1456663 0.3634242
-0.3075089 -0.6567073 0.86264 0.1303608 0.4110195
0.07491867 -0.7033393 1.002347 0.6036897 0.3676112
-0.1728842 -0.6401469 0.6451076 0.3150793 0.5134827
-0.07898456 -0.6380908 1.190603 0.4106846 0.2708493
0.08230449 -0.6766651 0.5453346 0.7359239 0.5877612
0.1466169 -0.6780315 1.027721 0.6827943 0.3425934
-0.04005092 -0.5604516 1.385877 0.4367874 0.1736696
0.0862271 -0.6734037 0.4681195 0.7734528 0.6438393
0.0485739 -0.6729006 0.5367868 0.6860049 0.5937648
0.1270548 -0.6721777 0.5201223 0.8183677 0.6005113
0.3792612 -0.6659435 1.006536 0.9522951 0.3380321
0.4358938 -0.624545 1.029838 1.018736 0.3050884
-0.2451986 -0.6781003 0.9175385 0.2212997 0.3968459
-0.2971215 -0.5496997 0.9884959 0.1348501 0.2889678
-0.09740517 -0.650481 1.148008 0.3933427 0.2914503
-0.2463553 -0.6686136 0.6645354 0.2043513 0.5224274
-0.2551941 -0.6774327 0.5166507 0.1798182 0.6316326
0.2259866 -0.6204574 1.126275 0.7556152 0.2752693
0.4365768 -0.5531436 1.414473 0.9007841 0.1591217
0.03365912 -0.6762373 0.4000973 0.708773 0.7080021
0.414344 -0.6297045 1.13097 0.9537902 0.2757816
-0.3036715 -0.571054 0.9761478 0.1292633 0.3081405
0.3246579 -0.6745935 0.8683173 0.9416999 0.398501
-0.2186317 -0.6567401 0.6417798 0.2446282 0.5281701
0.1709576 -0.67501 0.5810715 0.8585618 0.5573341
0.1253275 -0.6160825 1.217509 0.6278104 0.2471994
0.4262287 -0.5739119 1.230176 0.945762 0.2153162
0.3430974 -0.6746615 1.056301 0.8922855 0.326261
0.4318184 -1.091303 0.8203471 0.9562082 0.6021525
-0.2432028 -0.5256767 0.9712548 0.2025321 0.2778306
0.1624018 -0.684393 1.02122 0.7012171 0.3480839
0.2032044 -0.6888636 0.9528722 0.7650403 0.3753363
0.1633637 -0.6686396 0.8125655 0.7625402 0.4253457
0.05165398 -0.6818305 0.4655434 0.7139827 0.6531544
0.06743304 -0.692093 0.5539222 0.7062241 0.5914105
0.1163491 -0.6815712 0.696403 0.7337599 0.4941162
0.08797653 -0.6207215 1.194851 0.5915643 0.2569684
-0.03612825 -0.6841511 0.3584737 0.5923838 0.7585082
-0.1934471 -0.6804147 0.577417 0.2874336 0.5840096
-0.2163865 -0.551524 0.990222 0.2437152 0.287752
-0.1566562 -0.677022 0.6474233 0.3438389 0.533471
-0.1415937 -0.6037596 1.120925 0.3418663 0.2737716
-0.1354521 -0.6789603 0.6794566 0.3743424 0.5140033
-0.2437719 -0.5422919 1.331531 0.2213741 0.1778556
-0.139438 -0.471595 1.371232 0.3291972 0.1232992
0.1187942 -0.6594153 1.340868 0.596831 0.2376874
0.01967068 -0.6678977 0.3289671 0.7137055 0.7750978
-0.2508937 -0.5559773 1.003175 0.1991581 0.2866358
-0.2512598 -0.6785532 0.6014741 0.1940116 0.569647
-0.2910832 -0.5522752 0.9611419 0.1408215 0.3011786
0.1658667 -0.4448957 1.466718 0.6411036 0.08550757
-0.2413054 -0.6723278 0.5386879 0.2045799 0.6106625
-0.2589505 -0.4579234 1.002747 0.1702567 0.2171352
0.06079058 -0.6801097 0.5565866 0.6974337 0.5831481
-0.194628 -0.6838041 0.3777904 0.2851807 0.7539602
-0.1992798 -0.6793779 0.3767704 0.2753629 0.7531042
-0.2260799 -0.6776916 0.9734986 0.247397 0.3726428
-0.1649434 -0.6588247 0.6561865 0.3291417 0.5176036
-0.2580194 -0.6730767 0.9812661 0.2073497 0.3677558
-0.2929195 -0.6403846 0.9728881 0.1570686 0.3528337
-0.2538178 -0.6620268 0.6851367 0.1929753 0.5062713
-0.249421 -0.6803155 0.3210487 0.170251 0.8186185
-0.1427988 -0.6788083 0.3128957 0.3913152 0.8153974
-0.2772159 -0.505397 0.9728029 0.1513944 0.2635652
-0.1705477 -0.6767296 0.3252122 0.3332461 0.8035293
-0.09705731 -0.6771193 0.3717417 0.4736167 0.7472903
0.08347787 -0.6784447 0.5930472 0.7206019 0.5562943
-0.2855169 -0.629559 0.7016446 0.1380936 0.4778417
-0.2806786 -0.6723099 0.5179164 0.1339217 0.6294601
-0.1529147 -0.6802823 0.3015659 0.3715739 0.8302578
-0.2549402 -0.6599996 0.6272877 0.1862289 0.5414938
-0.270218 -0.6751498 0.9674959 0.191633 0.3748565
0.186249 -0.6610577 0.7434298 0.8182684 0.4540444
0.05747148 -0.6442102 1.199722 0.5566208 0.2692611
-0.06811426 -0.6793936 0.4020061 0.5219221 0.7166732
0.0590864 -1.252651 0.4526167 0.6364647 0.8731692
-0.2829457 -0.6849712 0.5165808 0.1332645 0.6379368
-0.07918479 -0.6939738 0.6926723 0.4559379 0.5122651
0.04705143 -1.159887 0.4449095 0.6344482 0.8554524
0.03181 -0.7167407 0.4674368 0.6728623 0.6719582
-0.2248278 -0.6797075 0.2983796 0.2198642 0.8419985
-0.1591641 -0.6772211 0.3259034 0.3565449 0.8017885
0.02382435 -0.6699155 0.4721346 0.6669292 0.6431066
0.09911059 -1.144659 0.3570805 0.7234691 0.9131011
0.09580372 -1.219068 0.388255 0.6984165 0.9077356
-0.2365365 -0.6677027 0.8688323 0.2290733 0.412284
-0.2213889 -0.6916031 0.2879298 0.229332 0.8597065
-0.2673327 -0.6910501 0.3286784 0.1373222 0.8171912
0.003787681 -0.6831532 0.35529 0.6690934 0.7573984
0.1203937 -1.141923 0.3816948 0.74383 0.8916892
-0.3072457 -0.6616127 0.6528645 0.1055213 0.5286969
-0.2476929 -0.6547526 0.6194076 0.1962582 0.5431314
-0.1984955 -0.6811239 0.2730124 0.2757487 0.8704728
-0.002569839 -0.6724742 0.3473691 0.6621933 0.7604819
