-0.1465993 -0.007664991 0.03638041 
0.99946 1
0.99946 0
0.0005400776 1
0.0005400777 0
257
-0.01848499 -0.6386909 1.207028 0.4913572 0.2513629
-0.2167832 -0.502608 1.316516 0.2559658 0.1432285
-0.2672691 -0.4803787 1.352353 0.19606 0.1209503
-0.2572074 -0.5154132 1.632633 0.2210459 0.08332461
-0.181411 -0.4650644 1.34826 0.2914095 0.1098145
-0.2820266 -0.662329 0.872763 0.1888858 0.402185
-0.2601563 -0.6561612 0.8246568 0.2154905 0.4208024
-0.02424538 -0.6363899 1.213584 0.4843477 0.2482424
-0.2845417 -0.6428175 0.9261106 0.1844485 0.3663103
-0.2543845 -0.5646838 0.9359643 0.2099314 0.3108447
-0.2498192 -0.6526379 0.7949611 0.2284038 0.4333181
-0.1444651 -0.6794194 0.9131749 0.3720873 0.3871563
-0.1020548 -0.6427273 1.143589 0.4048922 0.2764038
-0.05959016 -0.5956287 1.316137 0.4356897 0.1966896
0.1292167 -0.5890595 1.231426 0.6496723 0.2109931
-0.270005 -0.5607562 0.9363346 0.1874001 0.3087109
0.002421558 -0.622085 1.27703 0.5053911 0.2209209
-0.04249544 -0.5797909 1.321638 0.4528827 0.1855116
0.07795841 -0.603441 1.080108 0.6217716 0.2682872
0.07709311 -0.6007875 1.073519 0.6223313 0.2689476
-0.07325053 -0.6100383 1.236214 0.4282484 0.2277483
0.003320679 -0.5460944 1.474172 0.4842807 0.1282986
0.05210227 -0.6286727 1.337905 0.5485479 0.2068738
-0.1897335 -0.679381 0.8700802 0.3152217 0.4088662
0.1219422 -0.6707898 1.02584 0.6782181 0.3256018
-0.2130584 -0.6665157 0.978186 0.2818539 0.3551391
0.07361504 -0.6303655 1.085935 0.6134272 0.2825898
-0.2641182 -0.5686554 0.9361274 0.1972511 0.3138632
-0.2637547 -0.5693401 0.9366729 0.1979247 0.3140749
0.3851097 -0.591494 1.329545 0.8886493 0.1797676
0.3961714 -0.5751288 1.343205 0.8988762 0.1667272
0.3607278 -0.5878278 1.318413 0.8685113 0.1810325
0.1906055 -0.6194407 1.19475 0.720587 0.2377263
0.1047394 -0.5980335 1.044744 0.6617796 0.2762989
0.1761005 -0.5842043 1.093196 0.735453 0.2487806
-0.2063461 -0.6695832 0.9755746 0.2906643 0.3577007
0.1539515 -0.6048576 1.190556 0.6836926 0.2315282
0.4275078 -0.574297 1.366008 0.9226379 0.1600822
0.3743464 -0.5976669 1.297609 0.8865777 0.1916559
0.4334564 -0.5675861 1.410881 0.9155408 0.1457819
-0.02518843 -0.6513954 1.184087 0.4867459 0.2658486
0.1164847 -0.659425 1.027858 0.6727294 0.3185758
-0.04083467 -0.678012 0.9169878 0.5028361 0.3799586
0.4192145 -0.5305121 1.38266 0.9190676 0.1306778
-0.1505238 -0.675171 0.6427284 0.3828252 0.5287015
0.3742238 -0.5647935 1.233198 0.915287 0.1892985
0.395025 -0.5694059 1.268261 0.9238062 0.1822216
-0.2168994 -0.6671223 0.8048256 0.277649 0.4350775
-0.122216 -0.6782882 0.8102876 0.4092323 0.4337664
0.3733351 -0.5724028 1.252462 0.9059383 0.1887276
0.4019575 -0.5688018 1.233485 0.943453 0.1909133
0.005493507 -0.6279263 1.263363 0.510258 0.2280033
0.3592327 -0.5148504 1.328357 0.8792799 0.1348851
-0.2300784 -0.4663023 1.349268 0.2361052 0.1114665
0.4994321 -0.5732603 1.285337 1.023196 0.1775184
0.5083659 -0.4574382 1.395635 1.02311 0.08065712
-0.2098754 -0.5754546 0.9478127 0.2731181 0.3111664
0.48295 -0.5744413 1.274202 1.010471 0.1814655
0.5051123 -0.5793726 1.342954 1.005289 0.1667205
0.3744208 -0.5963644 1.189251 0.9231377 0.2204897
0.4769584 -0.5771413 1.313111 0.9890609 0.1733677
-0.08794952 -0.6741176 0.586407 0.4881361 0.5610967
0.06584883 -0.5871717 1.090311 0.6067388 0.2552378
0.06551707 -0.672919 0.6495955 0.708063 0.5085176
-0.0861561 -0.6771295 0.7162915 0.47065 0.4812511
0.4943165 -0.578079 1.377752 0.9826421 0.1580137
0.4902102 -0.5744073 1.368865 0.9827501 0.1580724
0.1968002 -0.4359457 1.477746 0.6846096 0.05598831
0.03327511 -0.6741124 0.610198 0.6718265 0.5362841
0.3530508 -0.6017056 1.205552 0.8936058 0.2195555
0.05510564 -0.6418017 1.277138 0.5598934 0.2305375
0.3273291 -0.6612644 1.174313 0.8636811 0.2634227
0.4449654 -0.5713066 1.250275 0.9814913 0.1868089
-0.01544322 -0.6706591 0.4688038 0.6372012 0.642283
0.05918506 -0.6709371 0.5659096 0.7274587 0.562398
0.1528947 -0.6717296 0.7039238 0.814766 0.4706802
0.008001536 -0.6708567 0.5127337 0.6628617 0.6052834
-0.07241459 -0.6482963 1.138366 0.4390756 0.2803409
0.1015572 -0.6707791 0.6220693 0.7718705 0.5219747
0.3837524 -0.6535102 1.134792 0.9380493 0.2695803
0.3838747 -0.6539383 1.136035 0.9376212 0.2694258
0.004340291 -0.6729084 0.5527068 0.6440574 0.5770885
-0.05923449 -0.5492836 1.35024 0.431766 0.1603583
-0.07939843 -0.6702062 0.3979875 0.5421972 0.7114595
0.338788 -0.5013618 1.335367 0.8586337 0.1252288
0.3375844 -0.5003833 1.331067 0.8589199 0.1256353
0.1680611 -0.5586826 1.223381 0.6969831 0.1937707
0.3784208 -0.5905225 1.193987 0.927176 0.2155487
0.3751269 -0.6679007 0.9960912 0.9779233 0.3253342
-0.1152239 -0.6209722 1.148485 0.3883359 0.262526
0.4179049 -0.6179927 1.079337 1.006633 0.2658343
-0.2887765 -0.6774433 0.8468693 0.1814067 0.4238706
-0.3043887 -0.6733145 0.8635507 0.1603446 0.4141657
0.07090515 -0.6226386 1.095153 0.6090844 0.2749767
-0.09168824 -0.6029443 1.29934 0.4032312 0.2063087
-0.1347058 -0.6460111 1.121156 0.3692419 0.2869145
0.2990312 -0.6784934 1.031847 0.8760866 0.3211098
0.5029077 -0.5755688 1.192418 1.064162 0.2035831
0.4792104 -0.5804281 1.156022 1.053009 0.2176241
0.4975213 -0.5613277 1.191043 1.063767 0.1954672
0.07554299 -0.6598196 1.290165 0.578083 0.2362494
0.4855521 -0.5811969 1.355482 0.9811962 0.1652212
0.4897993 -0.5790753 1.181658 1.053746 0.2090967
-0.03124707 -0.6740524 0.4446048 0.6165898 0.6661944
-0.2479045 -0.6620764 0.8191742 0.2335934 0.42645
0.03065328 -0.6699612 0.4032312 0.7437431 0.6949302
0.5247903 -0.5610543 1.231422 1.075099 0.1835974
-0.05792437 -0.5664343 1.339137 0.4346254 0.1734468
-0.2377573 -0.677813 0.9301947 0.2520366 0.3830494
0.2151371 -0.5663514 1.218645 0.7485991 0.1985227
0.4353318 -0.6530324 1.013946 1.042917 0.3080981
0.2088933 -0.6311454 1.112524 0.7600784 0.2695834
0.05014566 -0.6722952 0.4735958 0.7478734 0.6333482
0.09701817 -0.66794 0.5602555 0.7900538 0.5617365
0.1047479 -0.6658365 0.6376877 0.7718564 0.509084
0.003885329 -0.6719709 0.4151325 0.6899003 0.687812
0.01973149 -0.6386695 1.329926 0.5165902 0.2153537
-0.2525365 -0.6600326 0.8914557 0.2289043 0.3906815
-0.3076369 -0.6679927 0.9888529 0.1637749 0.3556482
-0.09960385 -0.6391919 1.164894 0.4059059 0.2673528
-0.3077824 -0.6546168 0.8614568 0.1511514 0.4042604
0.07460886 -0.7006851 1.000623 0.6260915 0.353667
-0.1744484 -0.6371516 0.6448426 0.3411353 0.5061706
-0.07853118 -0.6383425 1.189786 0.4273578 0.2583185
-0.230221 -0.5142646 0.9886143 0.235601 0.2537419
0.07970664 -0.6726171 0.5450771 0.7676059 0.576511
0.1464075 -0.676279 1.02674 0.7054439 0.3274409
-0.2568783 -0.4883311 1.693816 0.2192748 0.05659187
-0.03904352 -0.5612082 1.385362 0.4501964 0.1584356
0.08422343 -0.6681983 0.4674274 0.8096844 0.6330225
0.04672429 -0.6684096 0.5357105 0.7190048 0.583481
0.124885 -0.6675894 0.5188466 0.8531858 0.589167
0.4585899 -0.5807245 1.149503 1.033426 0.2203262
0.5051875 -0.5711523 1.165601 1.079861 0.2084627
0.5026791 -0.5682863 1.139819 1.089852 0.2143031
0.5063409 -0.572047 1.145512 1.089883 0.2148262
0.378581 -0.6631932 1.003959 0.980019 0.3196319
0.4353381 -0.6212604 1.027312 1.047757 0.2847763
0.3651515 -0.5586981 1.321121 0.8782195 0.1631895
-0.2451178 -0.6768657 0.9163187 0.2421615 0.3889585
-0.2964295 -0.5503194 0.9876816 0.1521571 0.2817864
-0.09643477 -0.6505835 1.146256 0.4114137 0.2798476
-0.2473097 -0.6661006 0.6631919 0.2306751 0.5169914
-0.2563872 -0.673447 0.5158772 0.2111996 0.6269977
0.2256508 -0.6189869 1.124022 0.7775074 0.2581993
-0.1292152 -0.6782792 0.8816147 0.3938757 0.3999444
0.3480061 -0.4593342 1.335064 0.8775129 0.09791577
0.4372978 -0.552725 1.411701 0.9223031 0.1369473
0.03134874 -0.6704603 0.3990361 0.7467127 0.6990238
0.4140634 -0.6273701 1.12821 0.9799289 0.2557942
-0.3036323 -0.5695784 0.9743367 0.1458353 0.3003409
-0.2367042 -0.6580152 0.6461749 0.2452667 0.522349
0.3233208 -0.6713904 0.8658406 0.9710252 0.3818222
-0.2198475 -0.6539431 0.6405237 0.27127 0.5223988
0.1684844 -0.6707652 0.5788218 0.8919513 0.5454019
0.1255416 -0.6143012 1.215038 0.6467478 0.2306666
0.4260836 -0.571628 1.228081 0.9700552 0.1934415
0.3431026 -0.67203 1.052595 0.9191818 0.3085544
0.4251371 -1.07229 0.8053194 0.9899191 0.5867899
-0.2433959 -0.5237963 0.9707548 0.2185435 0.2679644
0.1618448 -0.6794875 1.016226 0.7253891 0.332552
0.2028254 -0.6830097 0.9486352 0.791886 0.3590506
0.1630393 -0.6626152 0.8101934 0.7918185 0.4098472
0.04944867 -0.6762939 0.4647476 0.7493708 0.6428803
0.06649129 -0.6861196 0.5529025 0.7406251 0.5796443
0.1141317 -0.6779372 0.6949087 0.7621008 0.4816942
0.08801202 -0.6188477 1.191693 0.6102582 0.2413586
-0.03830709 -0.6777472 0.3582341 0.6311015 0.7501299
-0.194558 -0.6757295 0.5769442 0.3168073 0.576849
-0.2166979 -0.5492695 0.9878531 0.2599947 0.2778479
0.009730726 -0.668598 0.3662075 0.7211872 0.7319939
-0.1576529 -0.6727246 0.6469262 0.3712561 0.5250818
-0.1415433 -0.6027274 1.119968 0.3580292 0.2618513
-0.136963 -0.6754819 0.6786862 0.4002756 0.5055606
-0.2430082 -0.5426935 1.329695 0.2324454 0.1659769
-0.1385977 -0.471938 1.368863 0.3397674 0.1086888
0.119065 -0.6595461 1.339502 0.6136516 0.2215922
0.01682499 -0.6614404 0.3283158 0.7539396 0.7667196
-0.2524925 -0.5626828 1.016228 0.2152967 0.2773296
-0.2508607 -0.5545551 1.001332 0.2153846 0.277537
-0.2204382 -0.6127244 0.9986818 0.2649148 0.3149253
-0.2525477 -0.6755393 0.6010138 0.2221164 0.5641844
-0.1387273 -0.6705927 0.3207124 0.442554 0.7987864
-0.2908413 -0.5506672 0.959083 0.1576665 0.2932742
0.1651414 -0.4449106 1.463146 0.6541348 0.06516206
-0.2423021 -0.6677732 0.5381134 0.235239 0.6050372
-0.2598681 -0.4573614 1.002538 0.1828731 0.2074308
0.05879106 -0.6730839 0.5548421 0.7304391 0.5714414
-0.1962892 -0.677709 0.3776176 0.3221977 0.7482737
-0.2008588 -0.6733124 0.3762111 0.312551 0.747979
-0.2260709 -0.6761885 0.9715977 0.2669356 0.3639909
-0.1658183 -0.653877 0.6543677 0.3561407 0.5097204
-0.1847818 -0.6665677 0.6567255 0.3280162 0.5170974
-0.2575586 -0.6700926 0.9772348 0.2266074 0.3595012
0.3583502 -0.6749494 1.140632 0.904 0.2804307
-0.2930375 -0.6390756 0.9714553 0.1752279 0.3450778
-0.2550181 -0.6586884 0.6839629 0.2178888 0.5001415
-0.2512538 -0.6738183 0.3206399 0.2097374 0.8147953
-0.1454854 -0.6726475 0.3125186 0.4301406 0.8099521
-0.2762925 -0.4994297 0.963429 0.1663758 0.2545955
-0.2777666 -0.5049385 0.9732307 0.1663027 0.2548246
-0.1973383 -0.5391821 1.31369 0.282493 0.1668108
-0.1729154 -0.6703643 0.3244665 0.3718186 0.7987538
-0.09948009 -0.6713183 0.3710018 0.5104451 0.7407815
-0.1726563 -0.6757551 0.3191153 0.3735668 0.8073732
0.3312756 -0.662043 1.198153 0.8602039 0.2565627
0.3258584 -0.6533279 1.184988 0.8604714 0.2558404
-0.01078618 -0.6708328 0.4882717 0.6390457 0.6260713
0.08101514 -0.6717903 0.5897017 0.7525843 0.5450551
-0.268849 -0.6696764 0.831713 0.2063792 0.4257727
-0.2680357 -0.6672119 0.8281854 0.2068513 0.4260375
-0.2859731 -0.626332 0.7001828 0.1627471 0.47235
-0.2506045 -0.6785219 0.3123897 0.2119959 0.8265146
-0.2818864 -0.6681873 0.5167643 0.1649757 0.6255545
-0.14051 -0.6726992 0.3214094 0.4388969 0.799246
0.5264436 -0.554084 1.209694 1.088709 0.1851347
-0.1551479 -0.6718556 0.3000809 0.4118775 0.8253076
-0.2552039 -0.6576182 0.6261823 0.2148303 0.53663
-0.2699023 -0.674883 0.9668716 0.2115532 0.3671085
0.1829034 -0.655531 0.7382405 0.8470826 0.440756
0.05759203 -0.6406071 1.192826 0.5757238 0.2544593
-0.07058999 -0.6724139 0.3997976 0.5580646 0.7099774
0.3347096 -0.6732877 0.8983901 0.9701139 0.368496
0.05847931 -1.240806 0.4474311 0.6751444 0.8604875
0.05074519 -1.200534 0.4036758 0.6812947 0.8821132
-0.2834812 -0.6768119 0.5140204 0.1644438 0.6327803
-0.1297631 -0.6633916 0.3191183 0.460983 0.7959368
-0.06226409 -0.6830842 0.6279541 0.5206249 0.5366436
-0.07896988 -0.6963858 0.6985456 0.4837837 0.5020789
-0.1502035 -0.665974 0.302509 0.421433 0.8190218
-0.2373208 -0.673005 0.3088786 0.2383112 0.8263347
0.04863745 -1.16071 0.4422084 0.6740938 0.8449214
0.02867895 -0.7084806 0.4635869 0.7078106 0.6630366
0.112785 -1.020795 0.3334503 0.8161036 0.8859901
-0.2263503 -0.6694148 0.2964498 0.2604829 0.8380731
-0.1609589 -0.6644197 0.3225277 0.3960474 0.7965314
0.01987754 -0.6568154 0.4665246 0.7018132 0.6331039
0.09267902 -1.198273 0.3792685 0.7388719 0.895998
-0.3383336 -0.6889263 1.010087 0.1317343 0.3602902
-0.1566869 -0.655346 0.2954081 0.4078382 0.8232715
-0.2981248 -0.6746137 0.4687416 0.1324908 0.6711179
-0.2223973 -0.6788566 0.2848947 0.2712455 0.8559072
-0.2165951 -0.674694 0.3558564 0.2820686 0.7717869
-0.2686933 -0.6842069 0.327243 0.1771941 0.8143406
-0.0004927814 -0.6706442 0.3504639 0.7079032 0.7501531
0.1180708 -1.127089 0.3743674 0.7848418 0.8803732
-0.3080184 -0.6573568 0.6509691 0.1315224 0.523839
-0.247851 -0.6498297 0.617165 0.2246731 0.5375118
-0.1819954 -0.6815686 0.3215233 0.3549618 0.8085828
-0.1076441 -0.6652696 0.358039 0.4975296 0.751892
-0.2348154 -0.6667204 0.3447217 0.2430378 0.7820894
0.06895639 -0.9995649 0.3740458 0.7444373 0.8499205
-0.1998939 -0.6682293 0.2701547 0.3182151 0.8665326
-0.3195449 -0.5929106 0.5626527 0.0776476 0.5464022
0.5357568 -0.55948 1.196077 1.102798 0.1919111
0.4747183 -0.5725927 1.113073 1.069846 0.2258521
-0.1635718 -0.6375157 0.6522202 0.3580514 0.5009289
