-0.2886668 0.01464977 -0.0855793 
0.99946 1
0.99946 0
0.0005400776 1
0.0005400777 0
403
-0.1895703 -0.6472988 0.7756035 0.4940967 0.4048778
-0.2178982 -0.4778121 0.9431504 0.4457987 0.2329754
-0.1464733 -0.6454941 0.3056808 0.6502049 0.6999243
0.3439809 -0.6285666 1.064469 1.024768 0.2830837
0.3242256 -0.6150317 1.099239 0.9963862 0.2658246
0.1703011 -0.6471995 0.6782787 0.980013 0.4418933
0.1719457 -0.5841156 1.157347 0.833414 0.2336279
0.1442732 -0.5602326 0.9829292 0.8607286 0.2708797
0.1729881 -0.5760713 1.390484 0.7794827 0.174081
0.1471449 -0.5700616 1.197155 0.8010565 0.2155167
0.1402939 -0.6487691 0.9928423 0.8322659 0.3181534
0.1438725 -0.5972014 1.185101 0.7956126 0.2336193
0.1319661 -0.5286093 1.211912 0.7900745 0.1882302
0.124166 -0.5808178 1.015862 0.8235271 0.2727864
0.1334036 -0.5676964 1.20452 0.7859957 0.2123652
0.1219683 -1.171954 0.366203 0.8770423 0.8381102
0.09480077 -0.5789043 1.036628 0.7861708 0.2654735
0.09932438 -0.6551192 1.020797 0.7800829 0.3129078
0.07927489 -0.6471588 0.5435297 0.9177862 0.5161836
0.07961896 -0.5580029 1.036483 0.7737635 0.2533172
0.07454047 -0.6222705 1.240069 0.7118049 0.2332073
0.0658071 -0.5264965 1.409032 0.6848104 0.1434644
0.03952107 -0.647105 0.5053574 0.8770758 0.5407805
0.02811819 -0.6432568 0.4867913 0.8694719 0.5508209
0.02045932 -0.6467351 0.4791119 0.8600576 0.5581492
0.0005188584 -0.6218259 1.176294 0.6510131 0.2499268
0.005628884 -0.6451063 0.4464532 0.8519663 0.5798478
-0.01891828 -0.549148 1.354745 0.6113607 0.1671184
-0.0201714 -0.5678557 1.295522 0.6171097 0.1906912
-0.03702447 -0.5478864 1.295005 0.6025142 0.179702
-0.04966944 -0.5476335 1.27041 0.5935012 0.1852742
-0.0564141 -0.620355 1.155345 0.5969348 0.2551587
-0.06900883 -0.5883597 1.266089 0.5717444 0.2089989
-0.07945377 -0.6148827 1.090101 0.5828792 0.2710062
-0.1404061 -0.4668308 1.532608 0.4823942 0.08637458
-0.1368574 -0.4597598 1.272385 0.5093752 0.1323393
-0.1468911 -0.4558497 1.299965 0.4962554 0.1239194
-0.1924831 -0.4882413 1.273067 0.4499686 0.1496309
-0.2071522 -0.4546575 1.311806 0.4322682 0.1204396
-0.2413548 -0.4671021 1.306638 0.3967506 0.129136
-0.2221918 -0.520191 0.9572902 0.438895 0.2567664
-0.2412697 -0.544074 1.237364 0.4010288 0.1913139
-0.2275451 -0.5459705 0.8984224 0.4365123 0.2940879
-0.2611681 -0.6479665 0.9274303 0.3946199 0.3451964
-0.2759618 -0.5551793 0.9426633 0.3736461 0.2846054
-0.2767625 -0.6651337 0.8456868 0.3797608 0.3868455
-0.2406399 -0.6124806 0.6827681 0.4359294 0.428867
-0.1534746 -0.642261 0.2360808 0.6604591 0.7664586
-0.3019858 -0.5756421 0.9532484 0.3423795 0.2938686
-0.3111484 -0.6031719 0.9794438 0.3326256 0.301462
-0.3006733 -0.5522714 0.9571264 0.3426781 0.2779832
-0.1647085 -0.6416065 0.245699 0.6356531 0.7570344
-0.175895 -0.6535059 0.2499765 0.6105928 0.7598014
-0.3185833 -0.5629229 0.7922173 0.3216209 0.3482394
-0.2216528 -0.6473579 0.301878 0.5132576 0.7094062
-0.2552654 -0.6492822 0.3351953 0.4467403 0.6825613
-0.2682429 -0.6536348 0.3350148 0.4233131 0.6859482
-0.3060931 -0.6528395 0.4784561 0.3504312 0.5757011
-0.2667718 -0.6497212 0.346431 0.42484 0.6737393
-0.2841127 -0.6546036 0.9556956 0.3670333 0.3389487
0.2296872 -0.549422 1.183942 0.8917075 0.2070195
0.1895274 -0.5506238 1.208192 0.8443547 0.201719
0.1848098 -0.5716779 1.068673 0.8751722 0.2512056
0.1343521 -0.598098 1.00099 0.8350394 0.28737
0.1336347 -0.6372532 0.992371 0.8278612 0.3121015
0.115759 -0.5605435 1.188561 0.7734445 0.2124238
0.09036103 -0.6026193 1.043992 0.7747964 0.2768368
0.06893656 -0.6454262 0.4496788 0.9478738 0.5750883
0.1005385 -0.6710983 1.389864 0.7016344 0.2221865
0.06045815 -0.5131703 1.404601 0.6822346 0.1369343
0.02282694 -0.6395274 0.3897145 0.9079108 0.6170077
-0.003192902 -0.6180797 1.183087 0.6465658 0.2460996
0.02568859 -1.374759 0.5283364 0.6984846 0.7991313
-0.03909576 -0.5604004 1.269357 0.6030655 0.1927114
-0.01084349 -0.6407637 0.4174735 0.8400815 0.5986813
-0.2678214 -0.5300162 1.286912 0.3714117 0.1712857
-0.2634346 -0.6573792 0.8382925 0.3962681 0.3852781
-0.1679658 -0.6524258 0.236566 0.6300206 0.7723985
-0.1791683 -0.6443975 0.2639623 0.6019964 0.7411939
-0.2211136 -0.6598688 0.2904749 0.5153552 0.7268212
-0.1112722 -0.6606083 0.8501756 0.5794498 0.3797086
-0.05131343 -0.5879342 1.196846 0.5989267 0.2261493
-0.09670635 -0.6462396 0.7697691 0.612869 0.4050134
-0.1853372 -0.6596789 0.7358973 0.5036781 0.429907
0.1020881 -0.6500825 0.5701152 0.9367803 0.5017933
0.05113217 -0.6429805 0.3783773 0.9584268 0.6262345
-0.2395151 -0.5386699 1.260303 0.4017721 0.1825973
-0.2660559 -0.5232061 0.932325 0.3854341 0.2675554
-0.2638378 -0.5261508 0.94065 0.3879506 0.2665914
-0.2245893 -0.6378749 0.8567204 0.4427827 0.3660105
-0.2216794 -0.6319521 0.7631361 0.4543731 0.4020962
-0.2213981 -0.6514642 0.2929094 0.5150603 0.7200238
-0.1647774 -0.6491534 0.2319838 0.6383146 0.7752439
-0.2791632 -0.6508039 0.4473447 0.3955578 0.5953144
-0.1951651 -0.6553788 0.2687198 0.5688439 0.7435282
-0.06537935 -0.6506996 0.5594739 0.7038904 0.5137064
-0.05052707 -0.6182069 1.085814 0.6139161 0.2739305
0.0900996 -0.5998919 1.05606 0.7719927 0.2716308
-0.2167971 -0.4598249 1.283109 0.4237733 0.129768
-0.01732692 -0.64191 0.3328629 0.8681974 0.6661205
-0.2015873 -0.6465809 0.3819298 0.5340908 0.638778
-0.08307561 -0.6435702 0.3408145 0.7506702 0.6641852
-0.2039304 -0.6472188 0.3854944 0.5293579 0.6364265
0.2096967 -0.649956 0.732803 1.00395 0.4173408
-0.2225832 -0.6475119 0.3058947 0.510795 0.7058376
0.2103037 -0.4185986 1.433562 0.8325152 0.07735109
-0.2158643 -0.5397345 0.9132837 0.4501276 0.2845952
-0.2185688 -0.530694 0.8952819 0.4483317 0.2852317
0.1008907 -0.6382312 0.4427553 1.003658 0.5742983
-0.2788021 -0.6505718 0.3572632 0.4024491 0.6656829
-0.3297434 -0.6525537 0.5082012 0.3123717 0.5564218
-0.2635032 -0.6511503 0.4759978 0.4188819 0.5745792
-0.1632173 -0.652801 0.402957 0.5936278 0.6238772
-0.290364 -0.6499915 0.3689759 0.3811772 0.6562014
0.02583066 -0.6080322 1.222368 0.6696854 0.2302935
-0.3403423 -0.6562106 0.5093658 0.2960097 0.558215
-0.2907862 -0.6535035 0.357431 0.3812292 0.6678947
-0.2175294 -0.648452 0.3419186 0.5134239 0.6739522
0.1590173 -0.642714 0.9768322 0.8584108 0.3199661
-0.3036339 -0.6518104 0.3825108 0.3573624 0.6468608
0.1037349 -0.639312 0.4483769 1.004391 0.5709603
-0.2643619 -0.6525421 0.4379173 0.420678 0.6024973
-0.3289827 -0.6497958 0.5197363 0.3133669 0.5472175
-0.3175485 -0.6521106 0.3951433 0.3328811 0.6376265
-0.2534443 -0.6475978 0.3347461 0.4501142 0.6818999
-0.24489 -0.6576769 0.3056587 0.4692211 0.7130907
-0.3189886 -0.66012 0.3865868 0.331166 0.6491077
-0.3300055 -0.592443 0.5108553 0.3060946 0.5176982
-0.1594811 -0.6711991 0.571867 0.5625967 0.5213562
-0.1981794 -0.644452 0.2792695 0.5620955 0.7276121
-0.3120886 -0.4382837 0.5348945 0.321891 0.3876737
0.1110197 -0.6403594 0.5286129 0.9727525 0.5200191
-0.3309254 -0.5296061 0.5131441 0.2977182 0.4733755
0.09226915 -0.6709154 0.9561175 0.7861257 0.3430039
-0.2921312 -0.4671909 0.9300413 0.3495052 0.2302599
-0.3280572 -0.6535284 0.4068776 0.3148292 0.629735
-0.1150677 -0.6659718 0.8938636 0.567804 0.3657243
-0.1183181 -0.6624416 0.8872194 0.5652968 0.3663571
-0.3252017 -0.4187703 0.5661145 0.2957818 0.3525746
-0.2591439 -0.6592519 0.3204072 0.4412904 0.7014474
0.08172396 -0.6465033 0.5310661 0.9271672 0.5231318
-0.3896786 -0.538391 1.551676 0.2545429 0.1214536
-0.2752142 -0.6541283 0.3592215 0.4087313 0.6658213
-0.3411103 -0.6556412 0.4200785 0.2929223 0.621406
-0.3160397 -0.4230845 0.5239135 0.3128567 0.3815669
0.09274098 -0.6430416 1.043739 0.7697436 0.2992199
0.1033169 -0.6429433 1.021448 0.7864941 0.3060977
-0.03520378 -0.654953 0.6973218 0.7065948 0.4420271
-0.3745558 -0.450975 0.653196 0.2188454 0.333199
-0.2337792 -0.5108872 1.60902 0.3934752 0.09736288
-0.2316046 -0.5150611 1.627031 0.3948488 0.09662092
-0.3245658 -0.6515546 0.5095847 0.3204621 0.5547157
-0.355065 -0.6615945 0.4222205 0.2700647 0.6238731
-0.3540339 -0.6557839 0.4310134 0.2713833 0.6138325
-0.3125827 -0.6560169 0.479003 0.3401942 0.5774502
-0.339739 -0.6585779 0.4039026 0.2952679 0.6355599
0.04605514 -0.5403959 1.421079 0.6628833 0.1486152
-0.05601539 -0.6095135 1.169634 0.5962115 0.2453196
-0.1253887 -0.6684844 0.2956906 0.6862187 0.7200506
-0.04782417 -0.6435902 0.3781671 0.7955059 0.6318743
-0.1361052 -0.6414366 0.3040163 0.6704257 0.6985146
-0.3343148 -0.5747432 1.202045 0.304939 0.2182165
-0.3259075 -0.5943941 0.5099332 0.3130671 0.5194106
-0.2753014 -0.6672272 0.3400344 0.410377 0.6894614
-0.2989547 -0.6521798 0.3820037 0.3655734 0.6472247
-0.06178899 -0.6622922 0.6958662 0.6711051 0.4475448
-0.4124865 -0.6637536 0.5643163 0.1884601 0.5303873
-0.3078515 -0.6655537 0.377645 0.3510785 0.6587847
-0.2882678 -0.6553352 0.4852636 0.3788472 0.5717217
0.1499907 -0.5842099 1.189391 0.8030976 0.225355
-0.04314689 -0.6469644 0.5417325 0.7423421 0.5213196
-0.3179652 -0.6138939 0.9890641 0.3252041 0.3045225
-0.2014204 -0.5046994 0.941637 0.4664316 0.2516617
0.11281 -0.6036227 1.030449 0.8022023 0.2814093
0.06944099 -0.6427903 0.542992 0.9055929 0.514294
-0.3716539 -0.6562002 0.4492746 0.2428094 0.6013649
-0.1773835 -0.6451295 0.2689289 0.6038799 0.7365594
-0.2372956 -0.647489 0.3035721 0.4839965 0.7089525
-0.1105451 -0.4693123 1.531036 0.5100313 0.08822095
-0.08481473 -0.5515943 1.270725 0.5580254 0.1874652
-0.3338004 -0.4371333 0.5122198 0.280585 0.4016222
-0.1960015 -1.401778 0.4577399 0.4911228 0.8535771
-0.4308645 -0.6672368 0.6509272 0.1708279 0.4831555
-0.433361 -0.6647298 0.6471559 0.1663726 0.4838213
-0.2995054 -0.6644534 0.3640404 0.3660489 0.6689413
-0.1102832 -0.4590682 1.266523 0.5381461 0.1332796
-0.2816673 -0.6603088 0.3478298 0.3983023 0.679331
-0.1511958 -0.462269 1.276523 0.4937238 0.1329548
-0.1235627 -0.4577639 1.536601 0.4979259 0.08062875
-0.182578 -0.6187637 0.6476308 0.5216397 0.4492578
-0.171235 -0.6476806 0.430918 0.5748262 0.6004114
0.2075588 -0.5260863 1.175437 0.8775037 0.1956997
-0.2182819 -0.6413768 0.8185202 0.4536819 0.383538
-0.3616408 -0.6291586 0.5434418 0.2602675 0.5209252
-0.3166862 -0.653374 0.3987968 0.3344288 0.6354027
-0.3306836 -0.5121003 1.034277 0.3032069 0.2274827
-0.1513886 -0.6551637 0.525954 0.5850148 0.5396402
0.1087441 -1.407365 0.3809301 0.8054831 0.8852764
-0.255631 -0.588546 1.332082 0.3837964 0.1937582
-0.3300892 -0.4051509 0.5422572 0.284202 0.3547391
-0.3376256 -0.6550068 0.419023 0.2987548 0.6216742
-0.405016 -0.6623374 0.4838267 0.1918254 0.5817835
-0.4187407 -0.6625956 0.4975452 0.1711844 0.573088
-0.06515361 -0.6426364 0.2651554 0.8157161 0.7308437
-0.6821899 -0.6321734 1.272539 -0.04468786 0.2330006
-0.08542889 -0.6473903 0.2477503 0.7843632 0.7520056
-0.344405 -0.5394686 0.5189013 0.2756879 0.4771137
-0.1564505 -0.4555451 1.322778 0.4842464 0.1189145
-0.1594476 -0.4479133 1.299977 0.4833461 0.1188986
-0.1727157 -0.6432861 0.2534893 0.6175183 0.7506045
-0.1692696 -0.649422 0.2576956 0.621705 0.7493833
-0.1468188 -0.6468699 0.3170054 0.6458374 0.690522
-0.08929701 -0.649537 0.259917 0.7709867 0.7413719
-0.0581248 -0.6622412 0.8008859 0.6523379 0.3999403
0.08662015 -1.137612 0.3942468 0.8367641 0.8121718
-0.2624732 -0.4944708 0.9383532 0.3889599 0.2462491
-0.3415934 -0.6649116 0.4029575 0.2928059 0.6399767
-0.4200093 -0.6682386 0.4889019 0.169282 0.5823135
-0.07903793 -0.6283198 0.4488295 0.7224697 0.5720147
-0.2623234 -0.6638641 0.4362234 0.4242366 0.6101162
-0.4301401 -0.6619511 0.5074248 0.1539572 0.5665119
-0.1430385 -0.4766618 1.270277 0.5023786 0.1432775
-0.288583 -0.6557463 0.4344284 0.3809181 0.6080711
-0.07739285 -0.643866 0.3990895 0.738436 0.6173891
-0.8399795 -1.052215 1.371705 -0.07961529 0.3944696
-0.112647 -0.6802664 0.8869857 0.570437 0.376117
-0.2516971 -0.6510236 0.4093586 0.4445756 0.622444
-0.2577229 -0.6501675 0.4167144 0.4336767 0.616634
-0.109986 -0.6514586 0.539987 0.6439221 0.5273318
-0.1203195 -0.649623 0.3538819 0.6802368 0.658824
-0.1288833 -0.649415 0.4103055 0.648975 0.6146534
-0.1427238 -0.6673235 0.592343 0.5830516 0.5068383
-0.1579074 -0.6527427 0.5529032 0.570277 0.5219453
-0.1176475 -0.6550962 0.5743084 0.6240959 0.5093325
-0.1230229 -0.653906 0.5826539 0.6147048 0.5040151
-0.08899046 -0.615124 1.126353 0.5677844 0.2606375
0.1372264 -1.377427 0.3785878 0.840534 0.8789306
0.02021441 -0.6376576 0.3927809 0.902886 0.6137319
-0.8258406 -1.085243 1.441017 -0.05096722 0.3877913
-0.8582604 -1.002537 1.365221 -0.1068267 0.3778639
-0.2666196 -0.5643432 0.9372199 0.3856553 0.2921677
-0.4223767 -0.6550177 0.626035 0.1782889 0.489467
-0.3103858 -0.6272562 0.9154204 0.3355154 0.3384409
-0.228417 -1.438363 0.4498079 0.4588404 0.8675449
-0.4454361 -0.6623702 0.5211319 0.1315422 0.5582641
-0.3704872 -0.6585941 0.4526412 0.2453305 0.6002338
-0.4464632 -0.6729318 0.5152351 0.1315245 0.5682871
-0.3659751 -0.6719396 0.4301012 0.2535504 0.6242819
-0.2844486 -0.6141937 0.5213678 0.3815161 0.5229213
-0.221876 -0.6441223 0.3131233 0.51105 0.6972915
-0.2752442 -0.6450619 0.4730724 0.4001133 0.5735424
0.1756506 -0.4211597 1.400757 0.8070418 0.0844847
-0.4723807 -0.6726938 0.7199904 0.1220923 0.4517295
-0.1382654 -0.5787987 1.145954 0.5157773 0.2349548
-0.074145 -0.6404192 0.2789718 0.7935365 0.7170548
-0.3859951 -0.5689681 0.5724798 0.2139006 0.4652976
-0.1429536 -0.545903 1.132446 0.5137421 0.2194567
0.1819387 -0.6419574 0.5362707 1.068642 0.5139976
-0.1279913 -0.6468032 0.3420487 0.6713586 0.6675922
-0.1156705 -0.6556998 0.5710531 0.6275905 0.5115049
-0.2455027 -0.6384624 0.9269803 0.4129412 0.3397713
0.08689392 -0.622377 1.219741 0.7277762 0.2383872
0.1280487 -1.179691 0.359515 0.8840485 0.8442497
0.07561037 -1.13587 0.4058478 0.8211612 0.8047798
0.07321179 -1.177249 0.3896462 0.8137687 0.8268241
0.05301902 -0.6509228 0.4981285 0.8987736 0.5470356
0.04553366 -0.640349 0.4879676 0.8960981 0.5476872
-0.4668661 -0.6651748 0.5435727 0.1019646 0.5461897
-0.4007952 -0.6631873 0.4850862 0.1989632 0.5812154
-0.4028881 -0.6799968 0.4699606 0.1972435 0.6014444
-0.002350718 -0.6390414 0.3121442 0.9060595 0.6814418
-0.2339835 -0.4596239 0.9648507 0.4235441 0.2133073
-0.264203 -0.6502085 0.3555338 0.4285302 0.666086
0.1537111 -0.6455783 0.4995179 1.047236 0.5393118
-0.15003 -0.529263 1.175203 0.5023382 0.1981305
-0.05274673 -0.6491768 1.079417 0.6095341 0.2927746
0.0608457 -0.660128 1.207614 0.6996979 0.2613134
0.1740423 -0.5393286 1.374468 0.7902196 0.1577474
-0.3006804 -0.4237893 0.5448169 0.3416029 0.3689491
-0.3450516 -0.4274058 0.5101469 0.2573884 0.3949009
-0.3035958 -0.4117621 0.5489277 0.3350668 0.3560435
-0.2020522 -0.6401401 0.3962921 0.5311923 0.6237314
-0.1252894 -1.438029 0.4262808 0.5625136 0.8762118
-0.1716405 -0.6435966 0.2943135 0.6078637 0.7110192
0.03002363 -0.5529557 1.42719 0.6458743 0.1541349
0.1467049 -0.5824608 1.136531 0.813731 0.2384171
0.1471287 -1.421967 0.3406726 0.8511592 0.9107587
-0.2415252 -0.6212739 0.8275003 0.4238438 0.3684142
-0.3558122 -0.5624062 1.258246 0.282211 0.1968964
-0.2423096 -0.4611052 1.011637 0.410052 0.1999227
-0.2472783 -0.600516 0.6680284 0.4277422 0.4290476
-0.2021303 -1.399183 0.4664997 0.4843636 0.84829
-0.5113306 -0.6803972 0.5795329 0.04430175 0.5342101
-0.48742 -0.6764196 0.5572377 0.07540244 0.5448081
-0.1671844 -1.449877 0.4999092 0.5134978 0.839523
-0.07609002 -0.642945 0.3056748 0.7774413 0.6939822
-0.1808735 -0.6660019 0.2485751 0.5993799 0.7680416
-0.3169309 -0.655382 0.5179278 0.3327021 0.5511945
-0.07290941 -0.6361158 0.2659557 0.8033544 0.7270719
-0.02355959 -0.5345463 1.411064 0.6003785 0.1473012
-0.2935813 -0.637497 0.535768 0.3675019 0.5283189
-0.4146617 -0.6596209 0.5344936 0.1812396 0.5467666
0.08597425 -0.6589264 1.237002 0.71812 0.2528916
-0.4639029 -0.6672019 0.7124106 0.1316113 0.4521231
-0.363221 -0.5244061 1.097113 0.2669283 0.2168725
-0.2770132 -0.6501078 0.4844297 0.3966594 0.5687693
-0.1247328 -0.6440863 0.3013926 0.6913211 0.7016358
-0.1860682 -0.5699847 0.9668779 0.4809571 0.2846803
-0.3388015 -0.575472 0.5141921 0.2896068 0.5047013
-0.5108222 -0.6705023 0.5890114 0.04416454 0.5228015
-0.08147511 -0.5129684 1.249227 0.5668343 0.1701347
-0.2257284 -0.6515709 0.3757567 0.4932579 0.6479085
-0.230927 -0.650712 0.4217779 0.4778592 0.6118002
-0.1392677 -0.6613753 0.6908948 0.5705425 0.451344
-0.2536585 -0.6303506 0.8785137 0.4057345 0.3535103
-0.441309 -1.424136 0.3317252 0.2402477 0.9482974
-0.4082149 -1.442877 0.3750293 0.2785781 0.9220862
-0.2260981 -0.6518958 0.3598474 0.4950735 0.6611977
-0.1348878 -0.6582211 0.548268 0.6043946 0.527105
0.3321927 -0.4929807 1.224193 0.9961997 0.1644098
0.4055252 -0.5795209 1.31428 1.009958 0.1923323
0.3720957 -0.5595391 1.225649 1.01485 0.2021492
-0.07961877 -0.5098699 1.515545 0.5380056 0.113665
0.3746307 -0.5081737 1.287348 1.010783 0.1591457
0.07125175 -0.6507457 0.4625753 0.9427392 0.5693398
-0.06760883 -0.6383827 0.3476898 0.7761997 0.6545924
-0.07336856 -0.6511108 0.3550028 0.7596028 0.6560813
-0.2505796 -0.6366193 0.8307226 0.4123391 0.3762558
-0.3436425 -0.56728 0.5171139 0.2805353 0.4974725
-0.2327197 -0.6258503 0.7805361 0.4385815 0.3909656
-0.5758704 -1.456613 0.412519 0.1077586 0.9101241
-0.1775579 -1.440886 0.4698016 0.5067462 0.8545058
-0.4439663 -0.6743156 0.5085418 0.1348323 0.5734397
-0.3401783 -0.652117 0.2691748 0.2904719 0.752087
-0.3520877 -0.6531349 0.2763905 0.2676347 0.746273
-0.4936802 -0.6681135 0.5708147 0.06605741 0.5318443
0.07125232 -0.6075279 1.296253 0.6999744 0.2117412
-0.1389542 -0.629698 0.2315088 0.6936862 0.7634176
-0.3145567 -0.6529041 0.4069446 0.3379262 0.6286223
-0.3115016 -0.6703246 0.3683552 0.3453124 0.6692725
-0.3679751 -0.6674284 0.4348668 0.2498027 0.6182669
-0.03261667 -0.6523203 0.3117943 0.8479882 0.6909727
-0.8229562 -0.9920508 1.348148 -0.08185887 0.3781145
0.1172893 -0.6349208 1.028449 0.8010379 0.299384
-0.1543556 -0.6576964 0.3056298 0.6335908 0.7071548
0.3604436 -0.4991143 1.297609 0.9963309 0.1517159
0.1454127 -0.647075 0.5008487 1.0338 0.5396522
0.1395476 -0.5806081 1.005476 0.84349 0.2758064
0.03914157 -0.6729974 1.198027 0.6789628 0.2705593
-0.3310836 -0.6542672 0.4456239 0.3099919 0.6010036
-0.1372202 -0.6488342 0.5667255 0.598281 0.5107548
-0.8333932 -1.261637 1.408421 -0.02972734 0.4549713
-0.01951127 -0.6607342 0.2857811 0.8806075 0.7179822
-0.3958332 -0.4792206 0.5861305 0.1812936 0.3924365
-0.05563009 -0.6489229 0.5453835 0.7225649 0.5207003
-0.4080787 -0.6438658 0.6085584 0.1957807 0.4923025
-0.243227 -0.6345249 0.530239 0.4458947 0.5281705
-0.1884799 -0.6404554 0.7835141 0.494873 0.3974192
-0.3658969 -0.5249358 1.112787 0.2643625 0.2127618
-0.1162575 -0.6072635 1.053178 0.5488049 0.2781712
-0.3696566 -0.567803 1.25372 0.2681332 0.2011212
-0.1521571 -0.6416385 0.2631759 0.6540421 0.7385067
-0.3922763 -1.454199 0.3679633 0.2959313 0.9278753
-0.03262359 -0.5773045 1.271361 0.607645 0.2016039
-0.1056451 -0.4773867 1.398961 0.5271409 0.1169802
0.01686549 -1.425291 0.4946779 0.6898082 0.8290762
-0.1486593 -0.6440341 0.2368073 0.6691343 0.7662566
-0.1242954 -0.6559315 0.4365394 0.6479845 0.5988874
-0.2372893 -0.5491117 0.898038 0.4241884 0.2963418
-0.3642898 -0.5297754 1.084466 0.2658083 0.2239004
-0.4137473 -0.5246142 0.6018546 0.162735 0.4179476
-0.2073339 -1.391157 0.4381001 0.4817595 0.8631104
-0.4482682 -0.6597185 0.5287989 0.1275622 0.5518122
-0.5208703 -0.6736458 0.5820404 0.02831432 0.5291635
-0.3252621 -0.6432287 0.2583326 0.3186653 0.7572819
-0.3052454 -0.6392211 0.2481924 0.3585074 0.7641438
-0.2342114 -0.647499 0.4981304 0.4631331 0.5562777
-0.3261694 -0.6555234 0.267106 0.3182295 0.7549233
-0.2972411 -0.6299568 0.2449138 0.374228 0.7619756
-0.2009451 -0.6513748 0.265933 0.5591139 0.7445723
-0.1990935 -0.6406064 0.2819773 0.5602292 0.7229612
-0.05993468 -1.180465 0.429527 0.6550517 0.8090973
-0.1664843 -0.6637868 0.3506165 0.5991359 0.6720589
-0.2144692 -0.6453722 0.4488036 0.5013168 0.5881319
-0.2390912 -0.6454751 0.3174909 0.4786549 0.6951949
-0.2916304 -0.5234649 0.540097 0.3645988 0.450425
-0.1002146 -0.5864435 1.181146 0.5511062 0.2296193
-0.3252457 -0.4392392 0.5050702 0.2969891 0.407822
-0.4326178 -0.572014 0.6614611 0.1506281 0.4185688
-0.4788723 -0.6538419 0.4088448 0.05182487 0.6363412
-0.1925703 -0.4386561 1.274527 0.4503371 0.1182768
-0.3022316 -0.6289287 0.5331548 0.3536173 0.5251118
-0.3183345 -0.6489279 0.3064644 0.3323217 0.7125038
-0.2956513 -0.6686653 0.9760609 0.3538855 0.3396231
-0.3021391 -0.4500819 0.5414416 0.3411343 0.3932345
-0.2007383 -0.6500345 0.9229593 0.4656434 0.3472005
-0.2640139 -0.6470466 0.8207363 0.3961937 0.3866864
-0.2444382 -0.6467767 0.3649099 0.4624184 0.655135
-0.3050378 -0.6486877 0.2653708 0.3588943 0.7514546
-0.3060588 -0.6481779 0.4875372 0.349954 0.5667439
-0.2161653 -0.5035183 1.574813 0.410415 0.09922361
-0.3579673 -0.6465236 0.4616946 0.2648437 0.5860907
-0.1973776 -0.6455976 0.2956727 0.5596442 0.7125883
