-0.5675836 0.05203611 0.5326059 
0.99946 1
0.99946 0
0.0005400776 1
0.0005400777 0
335
-0.007739484 -0.6304173 1.189718 0.8486741 0.5461861
-0.1446031 -0.4754795 1.582186 0.5258053 0.3248462
-0.202551 -0.4905722 1.30373 0.5788371 0.4329705
-0.2539766 -0.467808 1.339196 0.4982275 0.4081799
-0.3289032 -0.6002013 0.9908998 0.5545928 0.6983983
-0.4075164 -0.5468495 1.60188 0.225587 0.3762382
-0.2402993 -0.5109897 1.619803 0.4077535 0.3401838
-0.3308468 -0.6116326 0.9925752 0.5486984 0.7044646
-0.1133413 -0.4718593 1.567265 0.5654336 0.3252284
-0.3367545 -0.6302108 1.000904 0.5318408 0.7104826
-0.2698981 -0.5238755 1.167832 0.5540869 0.5265953
-0.250415 -0.5315289 1.313312 0.508245 0.4597832
-0.4138141 -0.520291 1.600103 0.2168501 0.3616154
-0.3850433 -0.5419385 1.547456 0.2639104 0.3894152
-0.4052341 -0.5571684 1.788582 0.1937266 0.3290696
-0.01540345 -0.5789995 1.303803 0.7828298 0.4690075
-0.2664002 -0.5308883 0.9405276 0.7076782 0.6792539
0.06696647 -0.6559567 1.241784 0.8884032 0.5281218
-0.4016391 -0.5438015 1.794936 0.1954771 0.3200684
-0.3875312 -0.5107863 1.608419 0.2454069 0.3517955
-0.4691655 -1.042854 1.070343 0.3019037 0.8752214
-0.580268 -1.074366 1.181974 0.1429374 0.836437
-0.2737044 -0.5260618 1.625963 0.3694257 0.3489341
-0.5606927 -0.5493089 1.916269 0.01467347 0.3006284
-0.2650543 -0.5413066 1.211388 0.5359205 0.5147246
-0.2718724 -0.5215982 0.9408739 0.7009867 0.6738887
-0.005231738 -0.6372258 1.179058 0.8565686 0.5546365
-0.269556 -0.5040841 0.9694099 0.6873095 0.6390033
-0.2319955 -0.4478096 1.619763 0.4190283 0.3021635
-0.4022387 -0.5330817 1.589078 0.2336488 0.3718949
-0.1616173 -0.4413133 1.570022 0.5151121 0.3083141
-0.1444428 -0.4318027 1.574551 0.5331081 0.3003339
-0.1656998 -0.4949576 1.291681 0.631111 0.4373224
-0.1721622 -0.433432 1.602619 0.4917762 0.2951128
-0.4237177 -0.5656835 1.778532 0.1766055 0.3371429
-0.3823979 -0.5069966 1.594161 0.2544713 0.353551
-0.5948374 -0.7755659 1.171414 0.0850848 0.7217325
-0.1310272 -0.4722292 1.300523 0.6737442 0.4156927
-0.274885 -0.4701915 1.347609 0.46697 0.4082592
-0.1869532 -0.4333535 1.626313 0.4670703 0.2895249
-0.2803673 -0.5224239 1.652962 0.3547072 0.3396093
-0.3859064 -0.556347 1.204293 0.3670325 0.5440346
-0.4006588 -0.5238184 1.561421 0.2411135 0.3751417
-0.2498936 -0.4980544 1.244055 0.5456018 0.4689705
0.02250338 -0.6401849 1.212054 0.8647672 0.5376986
-0.1114987 -0.4142993 1.574573 0.5709785 0.2878554
-0.3101052 -0.477969 1.360952 0.4146663 0.4112285
-0.1676875 -0.4682075 1.613536 0.4900528 0.3131079
-0.3216223 -0.5535734 0.9799885 0.581448 0.6756654
-0.2505509 -0.4964025 1.333418 0.5025341 0.4290503
-0.2892075 -0.5392683 1.147254 0.5352489 0.5506766
-0.2185248 -0.5311393 1.584375 0.4417787 0.3607428
-0.2316985 -0.5516255 1.099462 0.6435026 0.577481
-0.5546447 -0.5763062 1.487178 0.06575435 0.4451932
-0.2791558 -0.4794919 1.349911 0.4597318 0.4139091
-0.5972777 -0.5604119 1.28251 0.02557474 0.5337279
-0.1755869 -0.4442345 1.317355 0.6134279 0.3941085
-0.6190633 -0.5748077 1.203469 0.001716822 0.591889
-0.4376001 -0.5531586 1.333816 0.251249 0.4840742
0.01010585 -0.3390826 1.482418 0.763798 0.2573441
0.02220458 -0.3357609 1.466325 0.7875864 0.2587994
-0.3039698 -0.6762463 1.001517 0.5743697 0.7290096
-0.5811229 -0.6727817 1.174135 0.0880554 0.6631681
-0.599363 -0.6687484 1.169179 0.05913115 0.6674063
-0.2050391 -0.4877459 1.626657 0.4444009 0.3229312
-0.2983209 -0.5178956 1.324549 0.4425284 0.4511719
-0.4140765 -0.5649375 1.556861 0.2285355 0.4017612
-0.597101 -0.5727983 1.321362 0.02417052 0.5214199
-0.3641168 -0.5118219 1.532346 0.2916424 0.3749212
-0.4406691 -0.5642139 1.347477 0.2440691 0.4851055
-0.4891179 -0.5642428 1.39134 0.1676799 0.4709483
-0.4565166 -0.5628526 1.372494 0.2161403 0.4748802
-0.4410452 -0.6678137 1.082989 0.3296252 0.6946186
0.06556618 -0.5320612 1.444159 0.7991424 0.3861552
-0.4829549 -0.5594099 1.223778 0.2150298 0.549054
-0.5402454 -0.5578252 1.349005 0.1024391 0.4915764
-0.5223526 -0.5700067 1.23166 0.1533208 0.557168
0.03093761 -0.335742 1.460143 0.8010789 0.2600819
0.03033113 -0.3357851 1.459791 0.8006067 0.2602297
-0.2051013 -0.4512288 1.646891 0.4394204 0.2958946
-0.3413132 -0.5407994 1.1249 0.4691366 0.5725452
-0.396354 -0.5374327 1.56373 0.2464661 0.3821944
-0.3788278 -0.5736125 1.513459 0.2808539 0.4190023
-0.1986525 -0.4573376 1.346848 0.5669895 0.3935006
-0.5563588 -0.5678087 1.421582 0.07040584 0.4670486
-0.1185471 -0.5363102 1.2177 0.7243268 0.4910921
-0.2819285 -0.5444433 1.142176 0.5477871 0.5558298
-0.1748435 -0.4422986 1.581452 0.496051 0.3064263
-0.2480765 -0.4556579 0.9554315 0.7505232 0.6096132
-0.1781306 -0.4936441 1.597232 0.4829261 0.3331132
-0.324615 -0.7136704 0.9979519 0.5403911 0.7558881
-0.2422954 -0.5535338 1.09149 0.6328586 0.5851226
-0.514024 -0.5637158 1.311965 0.148331 0.509967
-0.3257152 -0.5547982 0.9798758 0.5744893 0.6774424
-0.1812775 -0.5219533 1.282418 0.6119285 0.4600069
-0.1219411 -0.4749802 1.590165 0.5468017 0.3211969
-0.1131726 -0.4694431 1.304919 0.6938086 0.4105535
-0.1801908 -0.4880075 1.304691 0.6071274 0.4288068
-0.2094257 -0.4960885 1.328732 0.5570841 0.4269726
-0.1009502 -0.4223035 1.563431 0.5862362 0.2953745
-0.1720224 -0.5218698 1.274026 0.6279983 0.4626297
-0.2507158 -0.5234522 1.095054 0.6243755 0.5646259
-0.2825601 -0.6235334 0.8516768 0.7247015 0.8186758
-0.4654146 -0.6729413 1.075511 0.2945506 0.7075549
-0.5740895 -1.062214 1.161026 0.1527204 0.8439608
-0.439613 -0.566112 1.724247 0.1683175 0.3528367
-0.3767528 -0.557472 0.8079002 0.606987 0.854517
0.1032643 -0.4873 1.456763 0.8406641 0.3541867
-0.06792635 -0.5722319 1.29631 0.7300733 0.4732145
-0.4396544 -0.5555877 1.217326 0.2825599 0.54399
-0.4897857 -0.5607747 1.29327 0.1875895 0.5143508
-0.07627964 -0.4728381 1.293309 0.7448093 0.41413
-0.2944688 -0.5551836 1.162913 0.5176275 0.5529764
-0.3968456 -0.6803991 0.8785149 0.4974374 0.8571892
-0.2835527 -0.4607895 1.379162 0.4432519 0.3904362
-0.3073378 -0.5165756 1.563507 0.3498883 0.3640696
-0.1322258 -0.5476359 1.231104 0.6967294 0.4934819
-0.004882753 -0.6179361 1.210799 0.8416939 0.5292503
-0.5935537 -0.6775545 1.20231 0.06522277 0.6502959
-0.6477273 -0.5619761 1.373462 -0.0594865 0.4951284
-0.5771252 -0.7812665 1.174478 0.1114678 0.7192739
-0.7147946 -1.177492 1.286616 -0.01307273 0.8337719
-0.1338229 -0.4506631 1.561206 0.5481849 0.3151476
-0.2091804 -0.4427402 1.615963 0.4457608 0.2990054
-0.3306237 -0.4983487 1.692083 0.2899678 0.3177233
-0.6289247 -0.5645261 1.400047 -0.0320639 0.4822042
-0.6283017 -0.5668234 1.403018 -0.03079557 0.4822293
-0.6616846 -0.5681325 1.320583 -0.0776071 0.5272499
-0.2434604 -0.5348282 1.328923 0.5098239 0.4545677
-0.3072933 -0.55714 0.9988867 0.5918651 0.6607778
-0.4581867 -0.5650001 1.35 0.2194164 0.4863759
-0.458989 -0.5637969 1.347827 0.2187429 0.4867034
0.01022893 -0.3275189 1.505708 0.7532172 0.2433742
-0.3184295 -0.5480834 1.165951 0.4824543 0.5501848
0.07342178 -0.6386772 1.269503 0.8825082 0.5068122
0.07254368 -0.6377577 1.26926 0.8820167 0.5065135
0.02469498 -0.6190603 1.242105 0.8538599 0.5127879
-0.2847145 -0.6283905 0.906424 0.6765936 0.7727026
-0.4077175 -0.6774039 0.8654481 0.4864953 0.8716546
-0.1849632 -0.4524014 1.616381 0.4715309 0.3036753
-0.35742 -0.5567166 1.266814 0.3838311 0.5085284
-0.05828303 -0.5110627 1.481814 0.6562122 0.3704036
-0.1347786 -0.4712671 1.314289 0.6615595 0.409946
-0.2213628 -0.6447043 0.8410919 0.8268979 0.8231252
-0.219705 -0.6467798 0.8414329 0.8284181 0.8234836
-0.5613317 -0.5653578 1.441222 0.06060058 0.4577553
-0.5518873 -0.5599426 1.219636 0.1074207 0.5618903
-0.5531609 -0.5529642 1.213462 0.1053239 0.5610868
-0.1440158 -0.4964316 1.309999 0.6478682 0.4287676
-0.009826064 -0.6160523 1.251212 0.8112109 0.5109313
-0.2729463 -0.6452131 0.8816525 0.7097942 0.8007276
-0.2512586 -0.631325 1.026778 0.6444624 0.6754624
-0.6063689 -0.6711509 1.17419 0.04770741 0.6667873
-0.7210968 -1.203571 1.283117 -0.01555574 0.8451324
-0.4217674 -0.6378573 1.07075 0.3643225 0.6821635
-0.5309688 -0.5628004 1.457023 0.099343 0.4468271
-0.121375 -0.5456674 1.218385 0.7182176 0.4968923
-0.2626304 -0.6405939 0.830659 0.7704018 0.8426084
-0.2496881 -0.6403758 0.8138517 0.8072608 0.8551455
-0.4183855 -0.570152 1.561962 0.2226847 0.4033592
-0.07655257 -0.6053748 1.180084 0.7819656 0.545202
-0.148621 -0.4718557 1.313488 0.6447451 0.4118499
-0.2040885 -0.4775909 1.306564 0.5772942 0.4234052
-0.6860934 -0.5656476 1.270935 -0.1176211 0.5562512
-0.6862923 -0.5637945 1.268158 -0.1185614 0.5566579
-0.2349634 -0.4369642 1.314988 0.5380261 0.3950675
-0.2630478 -0.5369095 1.154748 0.5690362 0.5412555
-0.1542785 -0.4369483 1.589581 0.515966 0.2999413
-0.2721277 -0.527979 1.156129 0.5566532 0.5359329
-0.281671 -0.5382394 1.160883 0.5390255 0.5413835
-0.3533244 -0.547188 1.209189 0.4126977 0.5310846
-0.3447899 -0.5243971 1.104141 0.4757353 0.5747942
-0.2854941 -0.6597614 0.9003534 0.6716871 0.7956908
-0.5825144 -0.5468944 1.924878 -0.009277284 0.2982147
-0.3608623 -0.521028 1.308193 0.3645768 0.4668241
-0.3820224 -0.5115871 1.640761 0.2446929 0.3423797
-0.4971004 -0.5592057 1.121304 0.2211531 0.6132464
-0.6458708 -0.5656348 1.249851 -0.04943013 0.5623505
-0.08200294 -0.5315662 1.270126 0.7380943 0.4612292
-0.2592558 -0.5242755 0.9315687 0.7290256 0.6803393
-0.5732953 -0.549235 1.247216 0.06629038 0.5423347
-0.5449033 -0.5726898 1.395548 0.09082229 0.4801691
-0.3367136 -0.4950675 1.41711 0.3595004 0.4029386
-0.1985835 -0.6214687 1.096464 0.6762958 0.6165593
-0.2024257 -0.5415928 1.250656 0.5985774 0.4886647
-0.1863132 -0.5196497 1.29449 0.5997413 0.4539138
-0.2601193 -0.6582715 0.8136004 0.7832838 0.8681649
-0.0869239 -0.4259649 1.562914 0.601133 0.2971581
-0.231934 -0.6440808 0.9494371 0.7224216 0.7343924
-0.2503736 -0.6390589 0.8384179 0.7844238 0.8307396
-0.1006469 -0.4438421 1.567122 0.5823131 0.3077062
0.2137846 -0.4383818 1.509437 0.9301165 0.3050086
-0.1797667 -0.4446544 1.603404 0.4823521 0.3021703
-0.2505326 -0.5118207 0.9766808 0.7107142 0.6350791
-0.6849831 -0.5618147 1.344065 -0.1170003 0.5140832
-0.2773903 -0.5104213 1.673518 0.3523573 0.3270025
-0.6873014 -0.5626565 1.280422 -0.1206111 0.5490661
-0.4367517 -1.078263 1.077432 0.3399309 0.8760795
-0.444524 -1.079874 1.086264 0.3281001 0.8724372
-0.5388612 -0.5588198 1.189645 0.1343926 0.576852
-0.4925332 -0.5551348 1.151021 0.2196441 0.5906094
-0.2417292 -0.5531436 1.11364 0.6202096 0.5717158
0.174192 -0.5940358 1.423257 0.900806 0.4189897
-0.2315091 -0.4532991 1.672441 0.4027931 0.29176
-0.4882298 -0.5567191 1.230321 0.2049493 0.5444602
-0.2243299 -0.6539719 0.8418966 0.8178622 0.8282505
-0.5841345 -0.5737069 1.401767 0.03472617 0.4822543
-0.1160401 -0.5541542 1.207083 0.7297691 0.5067549
-0.2730845 -0.641844 0.9707473 0.6462799 0.7260176
-0.0833773 -0.4761968 1.288154 0.738579 0.4189858
-0.2534952 -0.6726546 0.9691374 0.6694961 0.7400862
-0.3296037 -0.569341 0.821234 0.6840346 0.8314072
-0.1490931 -0.4769287 1.291936 0.655121 0.4238878
-0.2509888 -0.6546555 0.9667287 0.6790977 0.7314363
0.1435912 -0.6144853 1.365644 0.9002517 0.4513478
-0.407353 -0.5915244 0.8001906 0.5437332 0.8948672
0.1875835 -0.4160044 1.466131 0.9386474 0.3042151
0.1829044 -0.4141319 1.461873 0.937344 0.3044366
-0.11504 -0.5047461 1.305704 0.6838347 0.4331235
-0.1013526 -0.4621967 1.560432 0.5821617 0.3207242
0.04650599 -0.3369548 1.448206 0.8254867 0.2634962
-0.2707069 -0.5525994 1.048572 0.6180096 0.6162952
-0.4154047 -0.5553352 1.087023 0.3689722 0.6187254
0.01587492 -0.3657528 1.467637 0.7725007 0.2792909
0.06274384 -0.5365565 1.431753 0.802108 0.3928358
-0.009080768 -0.596163 1.197914 0.8517787 0.5233504
-0.269562 -0.6335862 0.915159 0.6929219 0.7645359
-0.07901269 -0.6133032 1.147583 0.7980236 0.5662838
-0.2815457 -0.5289299 0.966964 0.6625514 0.6605863
-0.2191383 -0.653002 0.833195 0.8343556 0.8343507
-0.5920451 -0.5613492 1.448713 0.01641628 0.4551747
-0.5921518 -0.5621564 1.450152 0.01629046 0.4550846
-0.4944259 -0.5578699 1.401796 0.1576539 0.4630777
-0.4944628 -0.5569264 1.401097 0.157633 0.4627951
-0.4024034 -0.5643833 1.345116 0.2965549 0.482115
-0.4619229 -0.6698694 1.066536 0.303067 0.7115058
-0.4602275 -1.050848 1.048254 0.3195212 0.8911636
-0.4699841 -0.7648615 1.088744 0.2867408 0.7474016
-0.5782671 -0.7780116 1.188202 0.1070267 0.7092041
-0.7709607 -1.094593 1.325738 -0.09749801 0.7933098
-0.6224202 -0.5588877 1.226301 -0.01011884 0.5681366
-0.3518056 -0.5510912 1.229476 0.406383 0.5228563
-0.3504127 -0.545539 1.069996 0.4825764 0.6118295
-0.4663864 -0.5773035 1.619012 0.1562723 0.3921283
-0.2510174 -0.6134333 0.8120201 0.8175555 0.8423928
-0.6691151 -0.5674041 1.354094 -0.09040231 0.5106347
-0.06487691 -0.6291562 1.181011 0.7889425 0.5567077
-0.543928 -0.5564666 1.170162 0.1297655 0.5880992
-0.720349 -1.275522 1.267373 -0.001573622 0.8757159
-0.2129591 -0.4514093 1.34625 0.5498244 0.3909123
-0.6400374 -0.5630069 1.227588 -0.03896189 0.5728608
-0.56997 -0.5558858 1.409076 0.0507881 0.4664373
-0.5914752 -0.5613642 1.208275 0.04447293 0.5756818
-0.04629517 -0.6637722 1.20718 0.7852355 0.5607098
-0.1925265 -0.5941017 1.130128 0.6696849 0.5802995
-0.3712099 -0.5788719 0.8317134 0.5935689 0.8395261
-0.3406152 -0.6554326 0.87489 0.600335 0.8310782
-0.6897779 -1.184624 1.205141 0.02334687 0.8792024
0.05910093 -0.5774068 1.354683 0.8324503 0.4422326
-0.1084156 -0.6027899 1.131817 0.7751051 0.5724541
-0.633091 -0.5641564 1.288689 -0.0312869 0.5377637
-0.4228952 -0.575128 0.809716 0.5078184 0.879622
-0.544573 -0.573674 1.298003 0.1070282 0.5270873
-0.2910578 -0.5392601 0.9516758 0.6554773 0.6815561
-0.2162454 -0.4269274 1.622193 0.4366042 0.2878757
0.0328818 -0.3694238 1.445322 0.8036175 0.2871954
0.04745036 -0.6262829 1.253168 0.869189 0.5096152
-0.2596619 -0.6349525 0.8200595 0.7869074 0.84903
-0.03782851 -0.6318735 1.139221 0.847526 0.5754829
-0.3862037 -0.5379212 1.366839 0.3110126 0.4546469
-0.5146716 -0.5694956 1.45034 0.123076 0.452047
-0.5170467 -0.5654614 1.46159 0.1175789 0.4453287
-0.426341 -0.5764458 1.401694 0.2500366 0.4675992
-0.5805944 -0.6721376 1.190292 0.08614561 0.6524748
-0.5972804 -0.8001879 1.201632 0.08111373 0.7150274
-0.6071306 -0.5560804 1.282941 0.008887261 0.5320227
-0.5920472 -0.770827 1.170365 0.08859524 0.7195431
-0.4781443 -0.7447472 1.098934 0.2707132 0.7320041
-0.09703088 -0.4783131 1.379911 0.6698367 0.3870296
-0.5352701 -0.5627087 1.435538 0.09669897 0.4559424
-0.2871377 -0.5492065 0.965059 0.6496499 0.6767982
-0.5166785 -0.5605304 1.113607 0.1902353 0.6228685
-0.4296727 -0.5542746 1.316827 0.2670438 0.4917139
-0.6096108 -0.6844337 1.210301 0.04068315 0.6519684
-0.2945501 -0.6637557 0.8867773 0.6660691 0.8120887
-0.448405 -0.5523573 1.2674 0.2542517 0.5167609
-0.5887955 -0.5617337 1.348516 0.03146631 0.4999704
-0.6164292 -0.5653458 1.284684 -0.003977537 0.5383906
-0.5422145 -0.5525957 1.140552 0.1385569 0.6042184
-0.6579872 -1.404137 1.269037 0.08245701 0.8997529
-0.4650952 -0.5609737 1.220322 0.2434369 0.5494169
-0.2767319 -0.5591848 0.9437515 0.6799942 0.6977058
-0.232333 -0.5421619 1.19465 0.5889387 0.5195526
-0.2786831 -0.5002547 0.9477854 0.6901121 0.6549867
-0.2389736 -0.6629789 0.9415706 0.7124724 0.7525382
-0.3380623 -0.5596313 0.821843 0.6704439 0.8274422
-0.2908313 -0.5528732 1.028648 0.5996579 0.6335819
-0.3853104 -0.5583211 1.11075 0.4066428 0.5999365
-0.3092582 -0.5388334 1.332018 0.4241754 0.4623001
-0.281366 -0.5760558 1.589185 0.3710134 0.3883922
-0.2523707 -0.4501133 0.9727927 0.729992 0.5932333
-0.2897317 -0.6637471 0.892246 0.6698155 0.805993
-0.2593821 -0.476577 0.9780534 0.705463 0.6106645
-0.3958846 -0.5643799 0.7956847 0.5763639 0.8798656
-0.5772865 -0.5599367 1.455742 0.03596225 0.4499671
-0.3858225 -0.57825 1.543751 0.2654237 0.4117125
-0.4785495 -1.074654 1.077608 0.2892236 0.8832195
-0.5991459 -1.068884 1.161 0.1223978 0.8511173
-0.6029744 -0.7869005 1.200761 0.0708468 0.7101536
-0.6108616 -0.6789191 1.193916 0.03963712 0.6593269
-0.6385817 -0.5870466 1.226118 -0.02993262 0.5891024
-0.2469723 -0.4962073 1.310255 0.5176772 0.4381715
-0.3345852 -0.5269992 1.096917 0.4952267 0.5793706
-0.1609064 -0.555653 1.237497 0.6557694 0.4986922
-0.3463539 -0.5462773 1.178813 0.4359409 0.5459005
-0.489848 -0.5624015 1.204734 0.2096983 0.5627223
-0.5934041 -0.5672026 1.287091 0.03258958 0.5351392
0.03967488 -0.207326 1.461333 0.8462586 0.1630573
-0.2182387 -0.6249814 1.745477 0.3914269 0.365778
-0.2246336 -0.4990029 0.9403847 0.7878187 0.6481038
-0.3640589 -0.536254 1.310011 0.3593977 0.4761265
-0.2051245 -0.5140315 1.616749 0.4462726 0.3408791
-0.5089844 -0.5572032 1.185273 0.1838068 0.5736741
-0.4612609 -0.5559584 1.362478 0.2114648 0.4755172
-0.5036745 -0.5622097 1.319402 0.1617206 0.5041432
-0.6531997 -0.5607983 1.321971 -0.06617296 0.5206667
-0.2041622 -0.6364194 1.107604 0.6589744 0.6195224
-0.5286329 -0.5659685 1.393094 0.1129718 0.4753789
-0.77159 -1.477703 1.385519 -0.02902812 0.876873
-0.4657362 -0.5562277 1.236965 0.2373886 0.537402
-0.3381529 -0.5782673 0.7816309 0.7005011 0.8838141
-0.2639655 -0.5308868 0.9723852 0.6867927 0.65408
-0.2041201 -0.5419598 1.133805 0.6628399 0.5476636
-0.2139922 -0.546704 1.120871 0.6561784 0.5593134
-0.2620732 -0.4898122 0.9444627 0.724511 0.6464695
