-0.5952246 0.06145993 0.5665077 
0.99946 1
0.99946 0
0.0005400776 1
0.0005400777 0
346
-0.00899291 -0.6296383 1.190156 0.915275 0.5723215
-0.0274964 -0.5736701 1.313202 0.829174 0.4881935
-0.141956 -0.4763521 1.58571 0.5836139 0.3469713
-0.2004296 -0.4918106 1.305917 0.6466124 0.4590818
-0.2518963 -0.4687096 1.341852 0.5651927 0.4338856
-0.3292453 -0.5998149 0.9912866 0.6340061 0.7333024
-0.4070731 -0.5480278 1.60355 0.281379 0.4001315
-0.2402021 -0.5113584 1.62033 0.4627663 0.3630815
-0.3307546 -0.6115308 0.9926898 0.628234 0.7395303
-0.1126616 -0.4720887 1.568652 0.6225049 0.3476574
-0.3373598 -0.6282547 1.000066 0.6097282 0.7449962
-0.2699038 -0.5237997 1.16792 0.6262895 0.556127
-0.2500784 -0.5320176 1.314097 0.5730982 0.4862059
-0.4139026 -0.520408 1.600044 0.273037 0.3856992
-0.3838463 -0.5441507 1.549349 0.3218998 0.4141992
-0.385143 -0.5427158 1.547203 0.3209097 0.4141978
-0.4051542 -0.5580117 1.789749 0.2449448 0.351427
-0.4045903 -0.5550634 1.785281 0.2462188 0.3509941
-0.01340359 -0.5799642 1.305732 0.8476777 0.493404
-0.2651455 -0.5315274 0.9417353 0.797017 0.7155783
0.06801057 -0.6569782 1.243102 0.9533758 0.55309
-0.4013174 -0.5448825 1.796478 0.246968 0.3424646
-0.3870696 -0.5120516 1.61046 0.3015797 0.3756822
-0.4687952 -1.043392 1.070705 0.3621127 0.9064029
-0.5798805 -1.076834 1.183301 0.198896 0.8654308
-0.5852078 -1.098713 1.193374 0.1925162 0.8675909
-0.5606357 -0.5503435 1.917785 0.06511849 0.323047
-0.2650067 -0.5413557 1.211577 0.6051581 0.5431584
-0.271635 -0.5217459 0.9412129 0.7901084 0.7110074
-0.003779531 -0.6380516 1.180407 0.9254048 0.5810182
-0.2678114 -0.505172 0.9708748 0.7760823 0.6743938
-0.231285 -0.4480751 1.621429 0.4755422 0.3249222
-0.4016341 -0.5332428 1.590698 0.2901804 0.395377
-0.1612853 -0.4413332 1.571119 0.5726807 0.3311198
-0.1423569 -0.4329577 1.577744 0.5915521 0.3230672
-0.1621647 -0.4972502 1.295223 0.6998967 0.4632645
-0.1717809 -0.4337838 1.603671 0.5486244 0.3179654
-0.1300445 -0.4294651 1.572378 0.6077353 0.3217498
-0.2201141 -0.5281849 1.606115 0.4881735 0.3755798
-0.4225902 -0.5672746 1.781512 0.2288232 0.3594643
-0.3832776 -0.5052379 1.590752 0.3107999 0.3775694
-0.5946029 -0.774352 1.170709 0.1489048 0.7525145
-0.1302804 -0.4730698 1.301859 0.740844 0.4416474
-0.274558 -0.47069 1.348402 0.5322614 0.4346536
-0.1869404 -0.4336292 1.626713 0.5231697 0.3124242
-0.2808006 -0.5219375 1.651889 0.4087805 0.362408
-0.3698054 -0.5802527 1.811094 0.2778208 0.3556936
-0.4010488 -0.5230454 1.559916 0.2981434 0.3994951
0.02232885 -0.6399475 1.212062 0.9314372 0.5635561
-0.1114009 -0.4146504 1.575182 0.6287154 0.310795
-0.3102749 -0.4777786 1.360699 0.4791582 0.4376747
-0.167832 -0.4683295 1.613598 0.5457219 0.3358408
0.03039169 -0.3708751 1.461665 0.8535445 0.3068904
-0.3213976 -0.5537707 0.9803241 0.6650048 0.7115526
-0.2503872 -0.4967451 1.33395 0.5674961 0.4553614
-0.2883862 -0.5404186 1.148636 0.6082344 0.5807337
-0.2159139 -0.5351313 1.589137 0.4981873 0.3843219
-0.2279826 -0.5549256 1.102408 0.7212502 0.6080448
-0.5529885 -0.5799739 1.492196 0.1265702 0.4709938
-0.2781839 -0.479958 1.351791 0.525012 0.4397167
-0.5974407 -0.559782 1.28137 0.09180295 0.5637379
-0.1764569 -0.4434581 1.317077 0.6799086 0.4199997
-0.6188352 -0.5755061 1.203035 0.07159445 0.6243496
-0.4352313 -0.5568103 1.33802 0.3171852 0.5115468
0.01047611 -0.3395823 1.48343 0.8262411 0.2806072
0.02431214 -0.3372839 1.469613 0.8509347 0.2821454
-0.3024074 -0.679026 1.003474 0.6508221 0.7627959
-0.7056136 -0.6175434 1.278973 -0.0678705 0.6178232
-0.5808606 -0.6725113 1.174076 0.1551892 0.6944541
-0.5991015 -0.6682371 1.168924 0.1266578 0.6990236
-0.2012483 -0.4927435 1.63581 0.5000736 0.345747
-0.6829057 -0.5695489 1.337125 -0.04652298 0.5516357
-0.5967144 -0.5747359 1.323601 0.08932742 0.5502519
-0.363671 -0.5128024 1.533765 0.3498077 0.3994213
-0.440388 -0.5646987 1.348106 0.3073186 0.512273
-0.4879994 -0.5681135 1.396274 0.2300827 0.4978066
-0.4550133 -0.5673552 1.378155 0.279113 0.5017985
-0.4404221 -0.6690715 1.08413 0.4011647 0.7272151
0.06398839 -0.530917 1.442678 0.858482 0.4088051
-0.4828134 -0.5592157 1.22373 0.2836056 0.5790089
-0.5409839 -0.5526128 1.342585 0.1656779 0.5195045
-0.5224091 -0.5686579 1.230409 0.2212004 0.5872259
0.0323438 -0.33677 1.462489 0.8646096 0.2833698
0.02999985 -0.3345394 1.458692 0.8651161 0.2829774
-0.340235 -0.5427586 1.126924 0.5434042 0.6037471
-0.3952265 -0.5404331 1.568455 0.3034396 0.4064308
-0.378404 -0.5747139 1.515001 0.3381791 0.4434476
-0.1982195 -0.4579118 1.347857 0.6324619 0.4193426
-0.5342498 -0.5706052 1.503975 0.1478953 0.4590285
-0.5562592 -0.5677714 1.421481 0.1316353 0.4938849
-0.1165107 -0.5386372 1.220463 0.7937018 0.518134
-0.281534 -0.5450734 1.142926 0.6206949 0.5860144
-0.1738078 -0.4437814 1.584239 0.5532504 0.3295939
-0.2489778 -0.4541621 0.9546266 0.8424879 0.646193
-0.1781444 -0.4939114 1.597569 0.5386046 0.3559319
-0.3241232 -0.7146137 0.998598 0.6150463 0.7900038
-0.2414435 -0.5548275 1.092766 0.7085971 0.6162251
-0.5137184 -0.5656044 1.314139 0.2131373 0.5384176
-0.3253548 -0.5552948 0.9804035 0.657988 0.7133858
-0.1803557 -0.5232537 1.284114 0.6783707 0.4864991
-0.123748 -0.4732494 1.586794 0.6028022 0.3438044
-0.1129134 -0.4697886 1.305547 0.7607214 0.4363316
-0.1794879 -0.4889766 1.306091 0.6735469 0.4550548
-0.2089409 -0.4968499 1.329845 0.6222056 0.4530406
-0.1021549 -0.4213983 1.561498 0.644079 0.3182942
-0.1724837 -0.5212854 1.273475 0.6947579 0.4891739
-0.2490224 -0.5255628 1.096569 0.7020659 0.5961668
-0.3212862 -0.7165448 0.994198 0.621531 0.7937499
-0.4652478 -0.6724994 1.075492 0.3660697 0.7405995
-0.4740442 -0.6586519 1.083743 0.3489473 0.728683
-0.573365 -1.063783 1.161088 0.2100846 0.8738848
-0.4362995 -0.5731108 1.736632 0.2227643 0.3757005
-0.6357075 -0.5590554 1.367874 0.02205682 0.522901
-0.3749803 -0.5596049 0.8082778 0.709702 0.9016931
0.1055521 -0.4906443 1.458936 0.9010181 0.3777561
-0.06068754 -0.5784513 1.303765 0.7967567 0.4982055
-0.7164461 -0.5727378 1.311999 -0.09934682 0.572348
-0.4387194 -0.556522 1.219416 0.3518693 0.5731113
-0.4885102 -0.5635136 1.296183 0.2542508 0.5429982
-0.07624042 -0.4742616 1.292953 0.8122611 0.4409151
-0.2943678 -0.5551235 1.163148 0.5889586 0.5826115
-0.005260468 -0.5978407 1.241504 0.8936854 0.530192
-0.3973413 -0.6779 0.8778651 0.5816546 0.8976543
-0.2841149 -0.4600411 1.378058 0.5073567 0.416483
-0.3057714 -0.5193972 1.568056 0.4069519 0.3878863
-0.2664823 -0.5418727 0.9310312 0.800657 0.7318454
-0.1269906 -0.553796 1.237928 0.7655617 0.5203568
-0.001921535 -0.6210821 1.214037 0.9091766 0.5553291
-0.5933898 -0.6766554 1.201677 0.1309522 0.6809492
-0.6475464 -0.5612789 1.372538 0.004210413 0.5234782
-0.5768136 -0.7825582 1.175492 0.1750628 0.7498511
-0.7148831 -1.183126 1.289705 0.03863195 0.8609779
-0.1330403 -0.4516876 1.563101 0.6057376 0.3381743
-0.209209 -0.4429561 1.616237 0.5020612 0.3220762
-0.3320631 -0.4959185 1.687027 0.3436678 0.3406132
-0.629216 -0.5616972 1.396982 0.02962598 0.5096512
-0.6281608 -0.5656459 1.401429 0.03156319 0.5098857
-0.6616371 -0.5708483 1.323722 -0.01183796 0.5567056
-0.2416754 -0.5375706 1.332494 0.5741167 0.4807056
-0.265471 -0.6309213 0.9542164 0.7534423 0.7665299
-0.3058487 -0.5595298 1.000829 0.6740514 0.6955885
-0.4568229 -0.5696756 1.355723 0.2829121 0.5136756
-0.459412 -0.5617309 1.345782 0.2817429 0.5137788
0.005792737 -0.3250019 1.499844 0.8146486 0.2663806
-0.3176648 -0.5495943 1.167542 0.5539108 0.580124
0.07271445 -0.6369296 1.268923 0.9470464 0.5308946
0.07367575 -0.6389349 1.269972 0.9467077 0.5314064
0.02715147 -0.6216878 1.244874 0.9197725 0.5381809
-0.2843381 -0.6288115 0.9068263 0.7624044 0.8107561
-0.4073363 -0.6781093 0.8658682 0.5721374 0.9133435
-0.1830755 -0.4550025 1.621415 0.527584 0.32658
-0.3593085 -0.5520495 1.261697 0.4498628 0.5365214
0.04436612 -0.3651213 1.39804 0.9132112 0.3211128
-0.6911249 -0.5642332 1.295025 -0.05986333 0.572779
-0.132385 -0.4740397 1.318242 0.7280884 0.4357682
-0.2190232 -0.6476188 0.8419654 0.9198385 0.8637236
-0.2225581 -0.642214 0.839759 0.9188712 0.8640268
-0.5613416 -0.5653284 1.441021 0.121197 0.4844072
-0.5531797 -0.552127 1.212617 0.1747195 0.5920984
-0.5519489 -0.5584592 1.218309 0.1762287 0.5925596
-0.1419076 -0.4990352 1.313535 0.7138432 0.4546329
-0.006713569 -0.6189117 1.254416 0.8772115 0.5362769
-0.2721234 -0.6461799 0.8825229 0.797016 0.839407
-0.2464199 -0.637889 1.030523 0.7236869 0.7085128
-0.6057104 -0.6736 1.174748 0.1159449 0.6993389
-0.7202131 -1.208947 1.284227 0.03698266 0.8731853
-0.42378 -0.6326401 1.068591 0.4354339 0.7143965
-0.5288199 -0.5708269 1.46646 0.1614093 0.4736841
-0.110462 -0.5565495 1.229788 0.7903045 0.5238877
-0.2595036 -0.6442631 0.8318385 0.8652809 0.8843185
-0.2471437 -0.64301 0.8150983 0.9033448 0.8971577
-0.4162807 -0.5752696 1.568477 0.2800333 0.4279736
-0.08564472 -0.5963639 1.17251 0.8480517 0.5724989
-0.1475649 -0.4725111 1.315433 0.7113577 0.4373449
-0.1999572 -0.4816199 1.312864 0.6451748 0.4494468
-0.6863582 -0.5610285 1.265426 -0.05182695 0.5873734
-0.6858863 -0.5646825 1.269313 -0.05012327 0.5873423
-0.2344461 -0.4387622 1.31538 0.6059314 0.4228885
-0.2620586 -0.5382624 1.156347 0.6417063 0.570888
-0.1493946 -0.4421922 1.59984 0.5735789 0.3229945
-0.2751348 -0.5230719 1.151689 0.6286646 0.5656294
-0.2786522 -0.5429829 1.165728 0.6117837 0.5710613
-0.3525176 -0.5485799 1.210835 0.4821911 0.5602585
-0.2739058 -0.6653885 0.8990779 0.773738 0.8350306
-0.2852655 -0.6596078 0.9007311 0.7561966 0.833511
-0.604916 -0.5016779 1.366345 0.05745596 0.4823216
-0.5820196 -0.551356 1.933685 0.04170951 0.3207772
-0.3552671 -0.532229 1.32216 0.4317643 0.4943413
-0.3776433 -0.5212033 1.658008 0.3010159 0.3660336
-0.7016802 -0.5578674 1.282592 -0.07914138 0.5774941
-0.7023544 -0.5633509 1.288844 -0.07869011 0.5775042
-0.4955215 -0.5646714 1.126258 0.2958128 0.646095
-0.4421138 -0.5243796 1.811395 0.2002228 0.3295712
-0.2357277 -0.6625061 0.8825129 0.8487637 0.8381768
-0.6456047 -0.5637497 1.24791 0.01861823 0.593177
-0.0750556 -0.538891 1.278854 0.8056687 0.4871114
-0.2082171 -0.6171581 1.074617 0.7520726 0.6597883
-0.2561615 -0.5285783 0.9345978 0.8196334 0.7174776
-0.2084436 -0.6419159 1.07586 0.7444846 0.6731701
-0.5721718 -0.5563962 1.25504 0.1358102 0.5727241
-0.1914914 -0.6319973 1.104729 0.7503129 0.6466817
-0.1943522 -0.5524845 1.2629 0.6672446 0.5158001
-0.1852584 -0.5209855 1.296325 0.6658124 0.4802104
-0.2586215 -0.660405 0.8147725 0.8766693 0.910273
-0.07917213 -0.4330205 1.57681 0.6598175 0.3200709
-0.2312305 -0.6448223 0.9502683 0.8041801 0.7694813
-0.2489566 -0.6409776 0.8396068 0.8765448 0.8714286
-0.09366298 -0.4506002 1.580015 0.6404671 0.3305879
-0.1753107 -0.4499411 1.613811 0.539301 0.3252107
-0.1984069 -0.4485497 1.594852 0.5215714 0.3308592
-0.2458732 -0.5185893 0.9816586 0.7980219 0.6704014
-0.6847638 -0.5614502 1.343585 -0.05189073 0.5432886
-0.7149323 -0.5633358 1.34691 -0.09965683 0.5468615
-0.2783583 -0.5091062 1.670811 0.4060705 0.349677
-0.7028804 -0.5604293 1.299815 -0.08059829 0.5693347
-0.7032243 -0.5664855 1.307327 -0.07944167 0.5690194
-0.6874818 -0.5668779 1.2851 -0.05274588 0.5796801
-0.4346974 -1.088657 1.082016 0.3995781 0.9067554
-0.4433923 -1.085051 1.088642 0.3871688 0.9028916
-0.5379511 -0.5638532 1.194661 0.2052887 0.6082789
-0.4920686 -0.5564545 1.152422 0.2920613 0.6225791
-0.2366232 -0.5610442 1.120701 0.6953042 0.6022118
0.1803297 -0.59914 1.430039 0.9603045 0.4411559
-0.2259463 -0.4608254 1.687938 0.4580852 0.3145651
-0.4858408 -0.5665579 1.240645 0.2742333 0.5744788
-0.2200906 -0.6609381 0.8447738 0.9093527 0.8683665
-0.5844526 -0.567557 1.393882 0.0961245 0.5094842
-0.1092504 -0.5622436 1.215512 0.7996372 0.5339916
-0.2699349 -0.6476069 0.9742355 0.7267765 0.7609354
-0.07835567 -0.4811871 1.294906 0.8065685 0.4447837
-0.2574409 -0.6644694 0.9652511 0.7474664 0.774435
-0.3307699 -0.5662743 0.8205041 0.7818254 0.8755579
-0.1408433 -0.4862315 1.304285 0.723355 0.4502071
-0.2766522 -0.456338 1.355154 0.5278577 0.4224843
-0.168478 -0.5101313 1.281476 0.697389 0.4781296
-0.2494061 -0.6572043 0.9684379 0.7590776 0.7661083
0.1332924 -0.6054773 1.355657 0.9604791 0.4741434
-0.4058579 -0.595023 0.801702 0.6424766 0.9420631
0.1786807 -0.4108519 1.456782 0.9996071 0.3261331
0.1898534 -0.4174877 1.469085 1.000042 0.3261744
-0.1112311 -0.5089723 1.311292 0.7500327 0.4587873
-0.097781 -0.4659658 1.567376 0.6396488 0.3435409
0.04257154 -0.3347835 1.443695 0.8890692 0.2867236
-0.2697486 -0.5539466 1.049932 0.6967111 0.6489164
0.2171353 -0.5867481 1.529497 0.9382368 0.4016525
-0.4137274 -0.5596597 1.090782 0.4451984 0.6518143
0.01406676 -0.3646789 1.465475 0.8348551 0.302493
0.05947649 -0.5337625 1.427913 0.8619177 0.4156175
-0.01590919 -0.5886196 1.191063 0.9200855 0.5497167
-0.2688362 -0.6347108 0.9159067 0.7778136 0.8019197
-0.3758143 -0.5346521 1.125743 0.4900734 0.6052099
-0.281193 -0.5293159 0.9674522 0.7487857 0.6966428
-0.2175375 -0.6555236 0.8343112 0.9263077 0.8750031
-0.5922185 -0.5596805 1.446519 0.07687044 0.4818339
-0.4944156 -0.5572738 1.401461 0.2192937 0.4896064
-0.4026185 -0.5637816 1.34437 0.3594922 0.5090681
-0.4613306 -0.672253 1.06821 0.3751484 0.7450365
-0.4598045 -1.052712 1.048988 0.3802496 0.9230372
-0.4702045 -0.7628384 1.087539 0.3540751 0.7796426
-0.5780644 -0.7807856 1.190174 0.1700647 0.7395911
-0.7710812 -1.096439 1.326667 -0.04522663 0.8204677
-0.6223108 -0.5569945 1.224309 0.05886307 0.5994569
-0.4492804 -0.5476423 1.104283 0.3810512 0.6413933
-0.3550785 -0.5432282 1.221236 0.4741456 0.5515527
-0.3099301 -0.5361552 1.428649 0.4490986 0.4472331
-0.4325273 -0.7356228 1.084192 0.4109333 0.7606749
-0.3522506 -0.5410055 1.066507 0.5596058 0.6447709
-0.4677149 -0.5717766 1.609749 0.2109776 0.4159962
-0.2530993 -0.6090778 0.8107443 0.9139584 0.8852365
-0.6694754 -0.5717189 1.359266 -0.02599525 0.5395771
-0.2774986 -0.6596763 0.9068921 0.76351 0.8259127
-0.0661155 -0.6275153 1.179789 0.8571583 0.5837972
-0.5440989 -0.5541812 1.168025 0.2009735 0.620122
-0.719346 -1.265417 1.26189 0.04832867 0.9030483
-0.2141189 -0.4500091 1.344242 0.6153951 0.4169201
-0.6399573 -0.5628604 1.227407 0.0300034 0.6043069
-0.569807 -0.5584227 1.412342 0.1128142 0.4937184
-0.5913299 -0.5641302 1.211067 0.1141409 0.6071799
-0.0387615 -0.6734444 1.215728 0.8515598 0.5871652
-0.6739699 -0.5562974 1.277221 -0.03284848 0.5753311
-0.3707508 -0.5795816 0.8321976 0.6895026 0.8839959
-0.3419665 -0.6681982 0.8737638 0.6819475 0.879854
-0.2142842 -0.6464643 0.8329587 0.9371497 0.8705637
-0.3389383 -0.6594072 0.8767066 0.6871239 0.8714078
-0.6890587 -1.176019 1.200598 0.0760892 0.9079588
0.07455218 -0.5922902 1.372878 0.8949463 0.4659552
-0.3057247 -0.5101907 0.9572441 0.7216722 0.6977215
-0.3400765 -0.6624257 0.8825918 0.6798672 0.8675704
-0.6328834 -0.5602028 1.284146 0.03497055 0.5676625
-0.4916548 -0.5577402 1.241789 0.2645315 0.5691013
-0.4225358 -0.5756825 0.8101077 0.6061445 0.9269282
-0.5445462 -0.5736173 1.2979 0.1721488 0.5559829
-0.2399364 -0.5849782 0.9298204 0.8291166 0.7535598
-0.2939864 -0.5334412 0.9483024 0.7420816 0.7182539
-0.2190189 -0.4235101 1.616255 0.4925622 0.310572
0.02442622 -0.3632791 1.435976 0.8656313 0.3095374
0.07383096 -0.4577266 1.455798 0.8797663 0.3612698
0.04376006 -0.6222417 1.250453 0.9336892 0.5341541
-0.2587287 -0.6361929 0.8204931 0.8814179 0.8915455
-0.04015332 -0.6284223 1.138167 0.9173304 0.6023395
-0.4242138 -0.5319533 1.585674 0.2647168 0.3978824
-0.3807387 -0.5500438 1.381155 0.3761262 0.4819391
-0.5183175 -0.554808 1.429446 0.1806192 0.4784703
-0.5171372 -0.5652728 1.459872 0.177433 0.4719185
-0.2723625 -0.5640712 1.684766 0.4071159 0.3757179
-0.4252428 -0.5785146 1.405056 0.3113273 0.4934235
-0.4617501 -0.7736859 1.062873 0.3756085 0.8011329
-0.5804313 -0.6712377 1.188867 0.1526737 0.683884
-0.5991646 -0.7778576 1.182883 0.1404181 0.7469547
-0.6072553 -0.5528396 1.278636 0.0752933 0.5622238
-0.5919392 -0.768697 1.167624 0.152683 0.751309
-0.4792276 -0.7385518 1.096158 0.3374263 0.7633015
-0.07598227 -0.4977652 1.410089 0.7362944 0.4110935
-0.5360968 -0.5593318 1.429053 0.1569809 0.4832648
-0.2847847 -0.5524469 0.9677034 0.7355341 0.7124789
-0.5162288 -0.5615463 1.113957 0.2648588 0.6566808
-0.429408 -0.5548958 1.317034 0.3318011 0.5196785
-0.609688 -0.6809634 1.20525 0.105811 0.6839805
-0.2964168 -0.6598852 0.8850073 0.7509605 0.8513033
-0.2787072 -0.4910869 0.9265738 0.8029256 0.7040272
-0.6110983 -0.5110015 1.183978 0.07419747 0.5921067
-0.4486461 -0.5511544 1.266209 0.3208376 0.5454985
-0.5893581 -0.5564578 1.341182 0.09470004 0.5287387
-0.6160662 -0.5667114 1.285265 0.06309754 0.56872
-0.5412676 -0.5559423 1.143111 0.2126955 0.6374695
-0.6580123 -1.37473 1.255216 0.1289349 0.9263974
-0.2687148 -0.5918157 0.9785144 0.7410253 0.7248462
-0.4659759 -0.5573206 1.217337 0.3113707 0.5789219
-0.2800436 -0.5533023 0.9412616 0.7650527 0.7338441
-0.2700738 -0.6483706 0.8276799 0.8499069 0.8941194
-0.2329507 -0.5414658 1.193728 0.6589289 0.5482668
-0.2605079 -0.4828896 0.9891445 0.7799701 0.6428203
-0.277964 -0.5019836 0.9476767 0.7805762 0.6934479
-0.3685724 -0.562227 1.004491 0.5677767 0.708366
-0.3502402 -0.5486359 0.8022817 0.7694465 0.8931274
-0.2279248 -0.6536546 1.065361 0.722063 0.6900768
-0.2401044 -0.661591 0.9396523 0.7939981 0.7894235
-0.3400555 -0.5552238 0.8208682 0.7679772 0.8715917
-0.2257126 -0.6487269 0.8796496 0.8723925 0.830654
-0.2848714 -0.6789475 0.9741111 0.6964633 0.7815615
-0.3657495 -0.5506594 0.8092709 0.7304882 0.8916179
-0.2557331 -0.6117717 0.9370959 0.7884293 0.7672886
-0.2891479 -0.5551919 1.030809 0.6800845 0.6669727
-0.2181688 -0.6645286 0.931279 0.832533 0.7925923
-0.4025679 -0.5587782 1.079432 0.4690706 0.6570505
-0.3866568 -0.5543952 1.108625 0.4800106 0.631201
