-0.02509841 0.01443723 0.00113112 
0.99946 1
0.99946 0
0.0005400776 1
0.0005400777 0
12
0.0354578 -0.5478078 1.141183 0.5998954 0.2495819
-0.08607478 -0.3918154 1.162762 0.4621852 0.1362383
0.1856237 -0.4878995 1.067885 0.7941788 0.2379335
-0.1884537 -0.5826768 0.7588984 0.2825136 0.4144861
0.009011643 -0.6214457 0.3673686 0.5638426 0.7235497
0.0229015 -0.5086905 1.200859 0.5876992 0.2079375
-0.1508036 -0.630131 0.3005719 0.2305021 0.7914231
-0.3138125 -0.6323612 0.4848203 0.004124165 0.6131366
-0.1989531 -0.4928099 0.836444 0.2721602 0.3164461
-0.1479869 -0.626155 0.2933364 0.2328348 0.7976593
-0.1427438 -1.143399 0.3739372 0.3326106 0.9093863
-0.2692096 -0.630401 0.4854558 0.08082709 0.6132174
