-0.1620315 0.002426937 -0.05405322 
0.99946 1
0.99946 0
0.0005400776 1
0.0005400777 0
413
0.3555729 -0.4817904 1.300559 1.048684 0.1367332
0.04119956 -0.6081113 1.264699 0.6992447 0.2106844
-0.1832218 -0.6412946 0.7684504 0.4506816 0.3970976
-0.2104649 -1.397079 0.4493687 0.3979242 0.8565341
-0.2120302 -0.4763163 0.9417425 0.424522 0.2162987
-0.1408859 -0.6451039 0.3071279 0.4982805 0.7140388
0.3502397 -0.6313648 1.068425 1.05615 0.2897128
0.3348671 -0.6221977 1.113712 1.029776 0.2696846
0.1722354 -0.6397487 0.6711445 0.9515361 0.4564655
0.1938841 -0.5576261 1.048857 0.908754 0.2481934
0.2026516 -0.6029356 1.207837 0.8738862 0.2275357
0.1726104 -0.5767325 1.140649 0.8606666 0.2307889
0.149226 -0.5592293 0.9812781 0.869805 0.2705529
0.1767482 -0.5732399 1.384456 0.8256648 0.1658539
0.1493103 -0.5647618 1.185092 0.8304333 0.2103482
0.1419893 -0.6406492 0.9811679 0.8393148 0.3190506
0.1496087 -0.598188 1.189913 0.8224059 0.228379
0.1331036 -0.5223316 1.19612 0.8207546 0.1812178
0.1260453 -0.5741318 1.004589 0.83327 0.2710083
0.1336682 -0.5571116 1.188139 0.8147754 0.2045105
0.1314595 -0.6125415 1.248036 0.7920631 0.2199892
0.09970535 -0.5789311 1.037636 0.7954521 0.2620145
0.1029621 -0.6501432 1.014813 0.7868595 0.3113345
0.0820028 -0.6392193 0.5375618 0.8554547 0.5328659
0.08631817 -0.560756 1.04146 0.7832901 0.2492141
0.07975686 -0.6108173 1.042736 0.7648089 0.2786867
0.08462599 -0.5831692 1.394057 0.7337433 0.166679
0.07765494 -0.6158319 1.229989 0.7386627 0.2251972
0.06904419 -0.5227079 1.401615 0.7273302 0.1304504
0.05710603 -0.5871829 1.347772 0.7107913 0.178867
0.04497711 -0.5477625 1.400393 0.7000064 0.1444489
0.04224025 -0.6358941 0.4975139 0.8028548 0.556798
0.03125061 -0.633028 0.4801128 0.7896236 0.5671222
0.02369024 -0.6380594 0.473473 0.7769412 0.5746872
0.008278489 -0.6249241 1.181558 0.6696713 0.2418487
0.01026975 -0.6408187 0.4447627 0.7594546 0.5973526
-0.01503613 -0.5445504 1.344406 0.6448862 0.1534983
-0.009865291 -0.6032906 1.216357 0.6510457 0.2194731
-0.01204767 -0.5804862 1.25472 0.6491424 0.1962277
-0.01693448 -0.5595357 1.276071 0.6453039 0.1785449
-0.03170548 -0.5498163 1.299092 0.6298449 0.1667879
-0.04481564 -0.5479226 1.272163 0.6177984 0.1718954
-0.04689346 -0.5005177 1.279008 0.6204615 0.1413906
-0.05070484 -0.6167022 1.149786 0.6098615 0.2448069
-0.05953567 -0.4595053 1.297439 0.6104464 0.1107009
-0.06440747 -0.5834396 1.257378 0.5944312 0.1957636
-0.08212124 -0.4421489 1.271822 0.5884406 0.1043332
-0.07261753 -0.6253026 1.137993 0.5858466 0.2525612
-0.07364941 -0.6117163 1.08444 0.587778 0.2612141
-0.1354294 -0.4645188 1.526772 0.5276019 0.06592643
-0.1314031 -0.4560011 1.261877 0.5326984 0.1142449
-0.142613 -0.4610226 1.315689 0.5201483 0.105077
-0.1868972 -0.487468 1.270772 0.4703034 0.1308712
-0.200546 -0.4494949 1.293641 0.4571107 0.1005905
-0.2104051 -0.5179904 1.263062 0.4439292 0.1511651
-0.1800128 -0.6427457 0.9358042 0.4622298 0.3275667
-0.2346845 -0.4615829 1.29207 0.4194697 0.1078089
-0.1077475 -0.6369355 0.2991585 0.5636988 0.7186371
-0.2033755 -0.6500548 0.8853089 0.4311185 0.3508602
-0.2618811 -0.4648145 1.305271 0.3907405 0.1061358
-0.2167712 -0.5208412 0.9604384 0.4195288 0.2408406
-0.2168512 -0.5209605 0.8945625 0.4146624 0.264851
-0.2211635 -0.5439737 0.8948955 0.4090773 0.2802352
-0.2899494 -0.4684731 1.306744 0.3605178 0.1073114
-0.2291357 -0.4419852 0.9637149 0.403028 0.1828911
-0.2531182 -0.6367924 0.9111355 0.3716043 0.3313402
-0.243538 -0.6204896 0.8121267 0.3735463 0.3627179
-0.2584122 -0.5378826 0.9290032 0.3633349 0.2621349
-0.2097555 -0.61734 0.6109077 0.4014721 0.463937
-0.2668275 -0.4945964 0.9631391 0.3543377 0.2200727
-0.2682424 -0.548589 0.9284471 0.3510033 0.2691389
-0.2695958 -0.5243747 0.9282892 0.3480802 0.2528745
-0.2693636 -0.6540986 0.8316335 0.3434566 0.3736112
-0.3020138 -0.6645615 0.9675669 0.3203427 0.3246803
-0.1472447 -0.638024 0.2361532 0.4834447 0.7851334
-0.2663633 -0.6172932 0.8020908 0.341893 0.3644477
-0.296447 -0.576278 0.9554756 0.3200617 0.2763321
-0.3052167 -0.6037167 0.9783544 0.3140399 0.2849579
-0.3375863 -0.5343403 1.169267 0.2962039 0.1816157
-0.293846 -0.5493447 0.9515799 0.3210893 0.2604225
-0.1585242 -0.6394042 0.2467218 0.4605162 0.7735493
-0.2207034 -0.641616 0.4863747 0.3707253 0.5590905
-0.1698887 -0.6474812 0.2495328 0.4371223 0.774221
-0.2488669 -0.5923967 0.6563367 0.3464011 0.4208592
-0.1767585 -0.6533 0.2572914 0.4238629 0.7685096
-0.3005758 -0.5741014 0.8064344 0.2929747 0.3337904
-0.3011285 -0.5778708 0.7763528 0.2876068 0.3496686
-0.3036828 -0.6530334 0.7145564 0.2809223 0.4264826
-0.3118569 -0.5599459 0.7885541 0.2728213 0.3318318
-0.2153344 -0.6433167 0.3019654 0.3530885 0.7155327
-0.260588 -0.6444591 0.441702 0.2962438 0.5924814
-0.232293 -0.6435285 0.3180994 0.3231578 0.6992659
-0.2483438 -0.6445314 0.3340424 0.2959014 0.6841441
-0.2619738 -0.6505824 0.335026 0.2711541 0.6861483
-0.2985973 -0.6489193 0.4769695 0.2401602 0.5675375
-0.2600958 -0.6455356 0.345834 0.2765435 0.6734135
-0.1386276 -0.4618643 1.27464 0.524331 0.1149367
-0.2806752 -0.6630546 0.9660028 0.3450871 0.3250185
0.2290223 -0.540391 1.170516 0.9264113 0.2021506
0.2232364 -0.6035315 1.057213 0.9268506 0.273869
0.1840462 -0.5310985 1.167488 0.8799806 0.195958
0.1680228 -0.5337278 1.000568 0.8960095 0.2482648
0.1242313 -0.6332336 0.5816417 0.910605 0.5026115
0.1358746 -0.5905201 0.9885157 0.8437119 0.2868733
0.1377062 -0.6333828 0.9882402 0.8349031 0.3122342
0.1309169 -0.5211586 1.182544 0.8208343 0.1840707
0.1266496 -0.5826068 1.257126 0.7918398 0.2006979
0.09274383 -0.5941736 1.028886 0.7852869 0.2738827
0.07299852 -0.6403294 0.4484288 0.8647792 0.5964156
0.09250908 -0.6336674 1.309293 0.7420155 0.2144766
0.07367842 -0.5933092 1.102139 0.7536052 0.2492396
0.06494966 -0.5116872 1.399999 0.7251733 0.12423
0.02789345 -0.6359507 0.3888052 0.8042424 0.6402438
0.01658173 -0.5618314 1.3679 0.6727489 0.1589001
-7.298589E-05 -0.6079602 1.164772 0.6643816 0.2368913
0.0006107092 -0.628727 1.142598 0.6639273 0.2551637
-0.03412627 -0.5289516 1.301444 0.6295695 0.1537975
-0.03459602 -0.5491263 1.244912 0.6298331 0.1797739
-0.006184325 -0.6354973 0.4147047 0.7384747 0.6173432
-0.009182453 -1.407842 0.528554 0.5994444 0.8170525
-0.1726018 -0.6366818 0.9211179 0.470844 0.3298497
-0.1769709 -0.5620442 0.9638805 0.4693626 0.2680869
-0.1811782 -0.5761717 0.9415081 0.4628348 0.2850144
-0.2335043 -0.5183314 1.278867 0.4199807 0.1468781
-0.261191 -0.5230688 1.270554 0.3898806 0.1509663
-0.2112075 -0.6273404 0.769664 0.4131648 0.387182
-0.2553816 -0.6500464 0.8256971 0.3605549 0.374226
-0.1626437 -0.6432623 0.3524513 0.4592639 0.6695486
-0.1620122 -0.6485348 0.2369421 0.4522278 0.7890797
-0.1727869 -0.6399753 0.2637004 0.4326667 0.7547746
-0.3092542 -0.5752907 0.802874 0.2805341 0.3358377
-0.1946176 -0.6511181 0.2694456 0.389425 0.7537714
-0.2147735 -0.652326 0.2895133 0.3526717 0.7329433
-0.1030174 -0.6655828 0.8613007 0.5540677 0.3726805
-0.1627423 -0.5309686 1.159215 0.4927157 0.1876131
-0.04615549 -0.5862353 1.188331 0.6162416 0.2163901
-0.09304762 -0.6148101 0.7272817 0.5755327 0.4036434
-0.1794445 -0.659251 0.7337033 0.4536092 0.4245601
-0.2041497 -0.6358132 0.7825105 0.4236022 0.386616
0.1044077 -0.6426749 0.5640932 0.8818015 0.5185372
0.1246999 -0.6447718 0.597531 0.9023199 0.4998335
0.0741993 -0.6391264 0.5966572 0.8291091 0.4953434
0.05512293 -0.6379508 0.3766949 0.8556334 0.6527162
0.06888205 -0.6341445 0.5042403 0.8450399 0.5519584
-0.2318015 -0.5247047 1.225766 0.4187254 0.1639609
-0.2605183 -0.5225179 0.9316673 0.3602752 0.2506926
-0.255963 -0.5118434 0.9130718 0.363845 0.2502484
-0.2183006 -0.6360984 0.8524488 0.4101824 0.3556771
-0.2806829 -0.5850291 0.6154346 0.2902215 0.437839
-0.2159981 -0.6307485 0.7630481 0.4061651 0.3922108
-0.2150851 -0.6479122 0.293135 0.3523796 0.7268938
-0.158426 -0.6393589 0.2290022 0.4594803 0.7936227
-0.2722223 -0.6467285 0.445481 0.2773046 0.5905309
-0.1885234 -0.6454029 0.2663876 0.4011166 0.7542204
-0.2452149 -0.6420596 0.4917259 0.3309583 0.5547137
-0.2064134 -0.638195 0.5079969 0.3966829 0.5423623
-0.06029312 -0.6436941 0.5544769 0.6293783 0.5197743
-0.08759623 -0.6094894 1.132363 0.5711599 0.2448023
-0.04665875 -0.6076645 1.06452 0.6194941 0.2659957
-0.1489396 -0.6398376 0.7538098 0.496385 0.4042391
-0.01134048 -0.6724294 0.9082076 0.6623279 0.3601462
-0.1328174 -0.6589299 0.4497737 0.5143111 0.5991647
0.1884985 -0.6386845 0.552797 1.0163 0.526179
0.09021363 -0.5882896 1.038107 0.7822624 0.2672136
0.02308349 -0.6318855 0.3264999 0.8132219 0.6937468
-0.2106655 -0.456143 1.276091 0.4450964 0.1085843
-0.05121924 -0.6368341 0.3740889 0.6641542 0.650615
0.02487832 -0.6191493 1.172726 0.6887177 0.2416216
-0.01290028 -0.6341633 0.3299284 0.7432952 0.6904972
-0.195007 -0.6435601 0.3814185 0.4024855 0.6431267
-0.07790212 -0.6386074 0.339407 0.6181617 0.6818289
0.2400367 -0.6391342 0.6051941 1.073071 0.4956914
-0.1989453 -0.6536849 0.3914193 0.3967544 0.6403413
0.308616 -0.667853 1.240395 0.9577432 0.2563365
-0.1118408 -0.5514771 1.142304 0.5487914 0.2066588
0.2126325 -0.6449817 0.7292728 0.9872296 0.4306767
0.3556376 -0.4134979 1.483966 1.022902 0.05651587
0.3266913 -0.645909 0.9543242 1.058722 0.337278
0.1241574 -0.6297356 0.6007096 0.9062887 0.4889241
-0.2163581 -0.6444008 0.3061517 0.3518794 0.7119518
-0.2966657 -0.6444611 0.5332379 0.2554886 0.5260555
-0.4223741 -0.6642433 1.060264 0.1969794 0.2889433
0.2177708 -0.4227093 1.44831 0.8897717 0.06473666
-0.2117501 -0.5298493 0.894232 0.4214684 0.2712585
-0.2101417 -0.527266 0.8901252 0.4233336 0.2711157
0.1057133 -0.6350575 0.4416475 0.92449 0.5996622
-0.2722616 -0.6481017 0.3573354 0.2570354 0.6640666
-0.3232602 -0.6514318 0.5085899 0.2078694 0.5459309
-0.2564999 -0.645365 0.4733479 0.3093057 0.5694919
-0.1580681 -0.642287 0.3956179 0.4700923 0.6316847
-0.2837 -0.6460048 0.3686348 0.2384961 0.6524791
0.01025037 -0.6420872 0.5759228 0.73566 0.5076549
0.0305609 -0.6053579 1.218599 0.6927522 0.2211533
-0.3333156 -0.6521779 0.5071963 0.1912997 0.5469917
-0.285012 -0.653398 0.3599461 0.2350506 0.6643075
0.04102837 -0.6642511 0.8539584 0.7330449 0.3792947
-0.07062086 -0.6406307 0.3493509 0.6304433 0.6740993
-0.2114684 -0.6460939 0.3415181 0.3669895 0.6793978
0.1601947 -0.6344193 0.9644391 0.8653761 0.3221291
-0.2192236 -0.6463019 0.9060268 0.4129574 0.339948
-0.2189984 -0.6488963 0.9100462 0.4135238 0.3398913
-0.2965693 -0.6476184 0.3814408 0.218768 0.641893
0.1062423 -0.6311229 0.4426475 0.9268167 0.5965922
-0.2578009 -0.651782 0.4392387 0.301336 0.5987944
-0.0005563647 -0.6323954 0.5788209 0.7210721 0.4996651
0.001662552 -0.6399707 0.4732877 0.7398981 0.5751991
-0.3196365 -0.6370928 0.5089341 0.2113359 0.5371332
-0.2660202 -0.6490509 0.455292 0.2901912 0.5846995
-0.2341561 -0.6534536 0.9276627 0.3964998 0.3352603
-0.3099053 -0.6482187 0.3937995 0.1983598 0.6313403
-0.2457578 -0.641528 0.333352 0.3003065 0.6831805
-0.2387561 -0.6577724 0.3095235 0.3104666 0.7151621
-0.3128079 -0.6605437 0.3890753 0.1943136 0.6422847
-0.3229586 -0.5904249 0.5103778 0.197468 0.5062276
-0.0106133 -0.6478429 0.3359752 0.7420362 0.6925106
-0.1548075 -0.6719409 0.5760914 0.4815657 0.5196587
-0.1913452 -0.6399609 0.2789719 0.3969476 0.7379478
-0.001243368 -0.6323768 0.3075112 0.7712237 0.7115877
-0.3127382 -0.4549005 0.5568367 0.2017695 0.3740314
0.0001713336 -0.6267371 0.2862956 0.781299 0.7299693
-0.1115562 -0.4595892 1.333409 0.5534224 0.1012676
0.116923 -0.6403013 0.530122 0.9119769 0.5396134
-0.3243645 -0.528332 0.5126453 0.1827486 0.4609399
-0.3239464 -0.512091 0.5123117 0.1797684 0.4489148
0.09592216 -0.6658326 0.9502544 0.7850247 0.3433043
-0.2956946 -0.4951436 0.9870098 0.3198466 0.2114662
0.04516216 -0.6333332 0.4448285 0.8212052 0.5941008
-0.3019164 -0.4059003 0.544226 0.2081952 0.3387299
-0.32068 -0.6488633 0.404917 0.1825845 0.6221516
-0.1131951 -0.6499885 0.8714171 0.5425986 0.3592005
0.0392644 -0.6210577 0.3045516 0.8555549 0.7096559
-0.2811184 -0.5450087 0.9302799 0.334415 0.2656657
-0.1606361 -0.6463112 0.3414807 0.4622046 0.6813393
-0.03595632 -0.6401603 0.5849978 0.6645722 0.4993767
-0.00420554 -0.6459516 0.4919644 0.7254915 0.5650912
-0.2561456 -0.5569724 0.9187526 0.3658948 0.2786485
-0.252723 -0.6582021 0.3230322 0.2868654 0.7019392
0.07889734 -0.6341031 0.518869 0.8573073 0.5422167
0.08112144 -0.6363777 0.5218495 0.8592285 0.5416315
-0.2662971 -0.6460925 0.354867 0.2671943 0.6653382
-0.3322579 -0.6488741 0.4163468 0.1656646 0.6124965
0.0854152 -0.6257389 0.4347036 0.8961192 0.5988516
-0.3098808 -0.4242263 0.5253977 0.1905261 0.3673643
0.1004854 -0.6504912 1.056373 0.7780291 0.297305
-0.05336647 -0.5615361 1.251344 0.608341 0.1849259
0.1097865 -0.644559 1.024871 0.7942773 0.3049152
-0.03009804 -0.651841 0.695194 0.6600404 0.4444028
-0.3692077 -0.4539883 0.6563143 0.1329108 0.3139961
-0.2270159 -0.5045449 1.59193 0.4414079 0.07526189
-0.3178435 -0.6505532 0.5095834 0.2167645 0.5449082
-0.3982235 -0.6442708 0.5958346 0.1133793 0.4831926
-0.3485363 -0.6600413 0.423371 0.1421792 0.6128594
-0.3466262 -0.6521603 0.4302401 0.1458267 0.6029304
-0.3040251 -0.6484773 0.4748233 0.2305017 0.5686414
0.06058922 -0.6324677 0.4931438 0.8350009 0.5584629
0.06022939 -0.6284398 0.4895898 0.8367547 0.5585581
-0.3339492 -0.6585684 0.406466 0.1617857 0.6260602
0.04960844 -0.5357779 1.403105 0.7060414 0.1371436
-0.05086119 -0.6040707 1.159082 0.6106203 0.2348711
-0.1187773 -0.6384655 0.2852969 0.542099 0.7331647
-0.1094078 -0.6326764 0.2978153 0.5611032 0.7175727
-0.04301652 -0.6314404 0.3717951 0.6807184 0.6497835
-0.09505592 -0.6310015 0.2412241 0.5933843 0.7775908
-0.2899498 -0.6504119 0.4046704 0.2373604 0.6243289
-0.1296318 -0.638285 0.3038423 0.5206859 0.7139322
-0.3205054 -0.552328 1.149603 0.3142113 0.1987944
-0.2241921 -0.4672341 1.305412 0.4316068 0.1088346
-0.3204738 -0.596154 0.5120524 0.203271 0.5089588
-0.2686909 -0.662128 0.3390829 0.2612852 0.6885623
-0.2920135 -0.6479254 0.3809745 0.2269654 0.642629
-0.05745377 -0.6526164 0.6884137 0.6223482 0.4475339
-0.4069581 -0.6653018 0.5678187 0.09616178 0.5126711
-0.3009104 -0.6607727 0.3765281 0.2120448 0.6534661
-0.2799592 -0.6442475 0.4774602 0.2707396 0.5650286
-0.01137579 -0.6380501 0.4540122 0.7219188 0.587938
0.1531077 -0.5797908 1.183633 0.8312916 0.2196705
-0.03803462 -0.6446207 0.5407946 0.6652237 0.529929
-0.05819316 -0.6628513 1.081588 0.5998444 0.2914177
-0.07432213 -0.542568 1.253509 0.5879827 0.1725143
-0.3096369 -0.6055529 0.97321 0.3081463 0.2877644
-0.1957727 -0.505275 0.9390189 0.4456259 0.2383881
0.1142063 -0.5951275 1.016329 0.8120515 0.2793454
0.3722614 -0.5595841 1.266822 1.048676 0.1919161
0.07375401 -0.6379436 0.5402718 0.8422849 0.5300462
-0.05149758 -0.6441727 0.5850521 0.6402456 0.5012328
-0.2494263 -0.4806843 0.9416454 0.3745093 0.2181569
-0.3650032 -0.6545635 0.4493704 0.1212778 0.5890043
-0.1708309 -0.6407128 0.2689283 0.4371076 0.7496504
-0.2297485 -0.6397784 0.3015044 0.3244622 0.713522
-0.08308145 -0.5833904 1.181745 0.5770616 0.2155042
-0.1056676 -0.4668123 1.522433 0.5561972 0.06890714
-0.07972945 -0.5498746 1.267532 0.5811866 0.1731979
-0.3265996 -0.4360992 0.5109469 0.155438 0.3869044
0.1044509 -0.6295828 0.3880782 0.9440997 0.6398563
-0.07428207 -0.4549855 1.236022 0.5972498 0.1214547
0.1273885 -0.6376262 0.4731114 0.9487022 0.5782415
0.02059752 -0.6663123 1.15959 0.6785246 0.271196
-0.03517619 -0.6347263 0.2849331 0.7087098 0.7344784
-0.3963768 -0.6528086 0.4919795 0.08329707 0.5557994
-0.1036901 -0.652905 0.5397548 0.5612375 0.5333237
-0.1893074 -1.38251 0.4545032 0.4198734 0.8506813
-0.4244945 -0.6602628 0.6443377 0.0933327 0.4640644
-0.4126375 -0.6388085 0.6218165 0.09842896 0.4641263
-0.2931903 -0.6605455 0.3653268 0.2228421 0.6633105
-0.1046944 -0.4559851 1.256234 0.5624892 0.1163889
-0.2768974 -0.6636055 0.3519336 0.2495847 0.6774365
-0.2772829 -0.5140846 0.5205129 0.2674215 0.4467823
-0.03177669 -0.6482995 0.4637922 0.6837583 0.5859385
-0.145411 -0.4505947 1.245402 0.5173367 0.1140316
-0.2947267 -0.6231813 0.5305328 0.2551061 0.5147856
-0.1180379 -0.4556996 1.529846 0.544896 0.06058806
-0.1757238 -0.617375 0.6448847 0.4553725 0.4457218
-0.2510714 -0.646808 0.8014582 0.3634257 0.3831359
-0.2483472 -0.6394673 0.7921155 0.3657377 0.3830403
-0.1643167 -0.6400156 0.4260702 0.4608234 0.6053907
0.03130791 -0.6381647 0.4576609 0.7930535 0.5867276
0.2160685 -0.5312385 1.192658 0.9100293 0.1901094
0.08935922 -0.9651802 0.3908676 0.7976781 0.7856355
-0.212046 -0.638364 0.8154865 0.4155304 0.3730875
-0.2415852 -0.4744237 0.9079125 0.3815444 0.2258284
-0.2419364 -0.4797508 0.9177935 0.3821898 0.2261577
-0.2549334 -0.5299437 1.266239 0.3963654 0.1564122
-0.3513694 -0.6187518 0.5352809 0.1630368 0.5068539
-0.3088738 -0.6488043 0.3971328 0.201304 0.6289434
-0.09740458 -0.5599396 1.139209 0.5643671 0.2131599
-0.1801117 -0.6330551 0.3292696 0.4246518 0.684537
-0.1817982 -0.6409535 0.3336076 0.4218383 0.6848841
-0.002710551 -0.665971 1.131413 0.6562428 0.2789215
-0.08368976 -0.6387038 0.330301 0.6079711 0.6901929
-0.1904271 -0.6294281 0.3540684 0.4076546 0.6591176
-0.3271913 -0.5151889 1.043898 0.2896873 0.2059164
-0.295786 -0.6494526 0.7188399 0.2922466 0.4224389
-0.2971839 -0.6505239 0.7201451 0.2906216 0.4223838
-0.3143882 -0.4104657 0.5509066 0.186919 0.3382143
-0.1445445 -0.6425543 0.5165655 0.497418 0.5412494
-0.02179284 -0.6270921 0.5506325 0.6932772 0.5135047
0.1138016 -0.5992929 1.157946 0.7887969 0.2371484
0.110321 -1.382927 0.3757727 0.7348801 0.9042518
0.01380669 -0.6370987 0.4602494 0.7634501 0.5835561
0.05261213 -0.6307427 0.3756842 0.8543569 0.6493649
-0.3290504 -0.4153962 0.5586185 0.1623193 0.3373086
-0.2454802 -0.6458597 0.4853396 0.3297703 0.5615223
-0.3315039 -0.653493 0.419857 0.1691482 0.6124258
-0.398414 -0.6609752 0.4836073 0.0792132 0.5665137
-0.411488 -0.65917 0.4961405 0.06186929 0.5561592
-0.05736387 -0.6620768 0.2770073 0.6590028 0.7562757
-0.3912014 -0.5542223 1.172422 0.2382855 0.1914946
0.1302376 -0.9195161 0.3017175 0.8909599 0.8430901
-0.3354036 -0.53067 0.5119687 0.1631547 0.4626949
-0.1546126 -0.4536809 1.316363 0.5075924 0.09980166
-0.1151792 -0.5850457 1.116546 0.5428588 0.2344207
-0.1665533 -0.64017 0.2538441 0.4445001 0.7657971
-0.02338499 -0.6264471 0.2679656 0.7383642 0.7482702
-0.1408924 -0.6383302 0.3140141 0.4989924 0.7035605
-0.07417706 -0.6538843 0.5434561 0.6069544 0.5324664
-0.1671451 -0.5147604 1.249608 0.4902936 0.1537546
-0.08521005 -0.6272866 0.2523974 0.6137081 0.7634702
-0.05259469 -0.6583326 0.7974775 0.621088 0.3978217
-0.01440401 -0.6402965 0.7628743 0.6768872 0.4044546
-0.1464476 -0.6342204 0.2885015 0.487559 0.7265652
0.08667809 -1.10912 0.3866839 0.7598888 0.832584
0.1350093 -1.380317 0.3711704 0.7621254 0.9071039
0.1436252 -0.6428047 0.6220374 0.9239135 0.4848239
0.1179791 -0.632037 0.5290276 0.9173549 0.5354561
-0.6937281 -0.569911 1.306187 -0.05326021 0.1580344
-0.3673811 -0.4491679 0.6467562 0.1315882 0.3150673
-0.2556999 -0.4892492 0.9292888 0.3650978 0.2284266
-0.2246525 -0.6316736 0.7861774 0.3964831 0.3817789
-0.8056439 -0.8545558 1.407799 -0.06484228 0.2747591
-0.3356203 -0.6636787 0.4052088 0.1596442 0.6299545
-0.4144299 -0.6695186 0.4910404 0.05825472 0.5657205
-0.07046108 -0.6315235 0.4534737 0.6231745 0.5824051
-0.2508366 -0.6139274 0.6859129 0.3486148 0.4188733
-0.2254961 -0.4453898 0.9378791 0.4058629 0.1942161
-0.2553507 -0.657405 0.4353634 0.3053693 0.6051484
0.103053 -0.6419261 0.5182676 0.892977 0.5480904
-0.4246233 -0.6635554 0.5096429 0.04701906 0.5489897
-0.06014344 -0.6268713 0.2853183 0.6610987 0.728888
-0.1380547 -0.477852 1.273018 0.5240076 0.1256925
-0.07678583 -0.6503512 0.5627074 0.6022847 0.5179521
-0.2801289 -0.6461017 0.4772637 0.2706527 0.5662767
-0.05317388 -0.64626 0.2894679 0.669408 0.7353969
-0.2862148 -0.6681519 0.4463084 0.2566015 0.6018999
-0.07245205 -0.635974 0.3945922 0.6238685 0.6318641
-0.8271335 -1.042502 1.357594 -0.05626208 0.3634955
0.09688908 -0.6376739 1.036682 0.7794816 0.2966352
-0.1074906 -0.6820806 0.8900228 0.5468285 0.3700222
0.1566865 -0.6462925 0.9789919 0.8552634 0.3234624
-0.2427746 -0.6372101 0.4009468 0.3189498 0.6212944
-0.2517977 -0.6477041 0.4159385 0.3068167 0.6149412
-0.005300984 -0.6437826 0.4897762 0.7246252 0.5653288
-0.1847904 -0.527277 0.9337816 0.4592357 0.2557356
-0.1047746 -0.6505638 0.5399871 0.5598021 0.5317518
-0.1478112 -0.6401613 0.3885598 0.4882936 0.6367369
-0.1150435 -0.6455221 0.352822 0.54722 0.6721618
-0.300872 -0.5495381 0.9346452 0.309827 0.266418
-0.1238304 -0.6535715 0.4139245 0.5299727 0.6243757
-0.1385749 -0.6627587 0.5894678 0.5067506 0.5066773
-0.09105128 -0.6031809 0.8914259 0.5741817 0.3238193
-0.1517396 -0.6425816 0.543863 0.4867222 0.5228788
0.1561165 -0.6420233 0.7055145 0.9183241 0.4391847
-0.1049351 -0.6439364 0.3637626 0.5657064 0.6618516
0.291375 -0.6347902 0.881914 1.043919 0.3582596
-0.1121141 -0.6534294 0.573585 0.5474675 0.5117945
-0.1179485 -0.6527823 0.5825543 0.538563 0.5056894
-0.85163 -1.036323 1.372958 -0.07375783 0.3565956
-0.7916472 -1.043107 1.385567 -0.02105355 0.356981
-0.8492012 -0.9990239 1.359823 -0.08284032 0.3458412
-0.8636843 -0.9920565 1.36369 -0.09539306 0.341801
-0.4386243 -0.6613365 0.5217814 0.02854675 0.5389949
-0.4396409 -0.6720728 0.5165113 0.02828589 0.5488316
-0.4773236 -0.692716 0.7426174 0.05850393 0.4303473
-0.8716252 -1.154405 1.362496 -0.06845856 0.4014701
