-0.4889877 0.04031426 0.3762154 
0.99946 1
0.99946 0
0.0005400776 1
0.0005400777 0
336
-0.006124735 -0.6300685 1.188923 0.6634373 0.4385592
-0.1421387 -0.4776282 1.583119 0.3795413 0.235085
-0.2007025 -0.4918984 1.303492 0.4033696 0.3291583
-0.2493874 -0.4721452 1.342775 0.3296125 0.3059002
-0.3247241 -0.6039522 0.9923068 0.3492836 0.5578912
-0.05263194 -0.5564803 1.283001 0.5796712 0.3655527
-0.4058292 -0.5484939 1.602758 0.09165376 0.2829438
-0.2393406 -0.5108576 1.616917 0.2684524 0.2500048
-0.3295651 -0.6101014 0.9914873 0.3423091 0.5629027
-0.1120987 -0.4736113 1.56624 0.4162128 0.2357253
-0.2493839 -0.5325882 1.311753 0.339586 0.3556703
-0.4097947 -0.527344 1.607553 0.08368376 0.2694225
-0.3835493 -0.5421835 1.545538 0.1249937 0.2942744
-0.3834491 -0.5436128 1.54517 0.1253341 0.2952207
-0.4032537 -0.5552256 1.78111 0.07260352 0.2418367
-0.4030247 -0.5591998 1.788012 0.07253841 0.2424128
-0.009165525 -0.5856155 1.308316 0.6114288 0.370341
-0.2642851 -0.532653 0.9405867 0.4694831 0.5337735
0.0683471 -0.6577894 1.241261 0.7106354 0.4268004
-0.399088 -0.547393 1.798103 0.07392114 0.233564
-0.3852062 -0.5157779 1.613425 0.1093994 0.2598783
-0.2885297 -0.4931841 1.569149 0.2245736 0.2538188
-0.2698423 -0.5304676 1.201349 0.3500308 0.3992481
-0.2712999 -0.5221601 0.9396541 0.4598929 0.5283251
-0.004102111 -0.6385758 1.178144 0.6694305 0.4473052
-0.2301622 -0.4477887 1.618357 0.2758002 0.2114942
-0.3954815 -0.5460939 1.608302 0.1022446 0.279536
-0.1590906 -0.44235 1.569462 0.3660935 0.2175047
-0.1415595 -0.4339031 1.57583 0.383284 0.2101208
-0.1599835 -0.5008801 1.297565 0.4549013 0.3341717
-0.1698995 -0.4342486 1.602473 0.3450356 0.2049392
-0.2195075 -0.5333652 1.608109 0.2920636 0.2643384
-0.4209687 -0.568926 1.782539 0.05595139 0.2495896
-0.3764717 -0.5179708 1.609138 0.1202131 0.2619355
-0.1304529 -0.4726652 1.298494 0.4924897 0.3135723
-0.2738622 -0.4713244 1.345831 0.2976647 0.305878
-0.1868374 -0.4340912 1.623312 0.3211661 0.2005262
-0.278206 -0.5241942 1.652194 0.2203954 0.2504718
-0.1115163 -0.4152662 1.571314 0.4175871 0.1985184
-0.3091007 -0.4782391 1.358827 0.249216 0.3083402
-0.3224489 -0.5525929 0.9772464 0.3594799 0.5339506
-0.2499409 -0.4954245 1.330579 0.3328789 0.325393
-0.2895409 -0.536783 1.143376 0.3437083 0.4309946
-0.2175042 -0.5289502 1.579767 0.3009844 0.2690523
-0.2321551 -0.5514227 1.096524 0.4410683 0.4561393
-0.2825158 -0.4734865 1.338465 0.2888222 0.3103943
-0.1677983 -0.4513741 1.326122 0.4375245 0.2925153
-0.4342698 -0.5593373 1.339421 0.09842682 0.3767218
0.009662569 -0.3392473 1.477656 0.592152 0.1664742
0.02125186 -0.3365058 1.461872 0.612555 0.1679336
-0.3056257 -0.6747962 0.9985527 0.3734629 0.5922666
-0.5788194 -0.6760137 1.175669 -0.05999291 0.535543
-0.2052843 -0.4878039 1.624788 0.3019401 0.2332832
-0.2911289 -0.5281974 1.336697 0.2802464 0.3470774
-0.4139328 -0.5660039 1.554636 0.09142715 0.3072022
-0.3627478 -0.5137894 1.533183 0.1482127 0.279707
-0.4885636 -0.5643367 1.390325 0.02043769 0.3651263
-0.4548846 -0.5617657 1.369763 0.06692308 0.3684739
-0.4409195 -0.6636407 1.078889 0.1543784 0.5610471
0.06983322 -0.5356056 1.444665 0.6399006 0.2955267
0.02965254 -0.3357464 1.455393 0.6249918 0.1687101
0.0313375 -0.3368952 1.458371 0.625253 0.1687819
-0.210977 -0.4466074 1.630714 0.293535 0.207273
-0.3430705 -0.5389633 1.119114 0.2756411 0.4501042
-0.3974037 -0.531541 1.551291 0.1066762 0.287003
-0.3457773 -0.5723632 1.234135 0.2399678 0.4191864
-0.1970635 -0.4586045 1.345493 0.3940273 0.2927704
-0.2819948 -0.5444418 1.139304 0.3556132 0.437032
-0.17866 -0.4925859 1.591989 0.338505 0.2431434
-0.1796993 -0.5236391 1.282092 0.4355115 0.3555464
-0.1203953 -0.4735995 1.588083 0.4008513 0.2306883
-0.113449 -0.4691021 1.301813 0.5118808 0.3090159
-0.2143358 -0.4893686 1.316419 0.3819714 0.3239381
-0.09644124 -0.427144 1.568687 0.4339831 0.2061674
-0.1654459 -0.5284472 1.28003 0.4532323 0.3582089
-0.2519095 -0.5218265 1.090792 0.4177993 0.4418619
-0.2676829 -0.6545739 0.8637145 0.4911045 0.6608931
-0.4658603 -0.6636502 1.067574 0.1199522 0.5712849
-0.5716385 -1.061972 1.160032 0.03108895 0.7166154
-0.06425822 -0.5772213 1.297919 0.557615 0.3732501
-0.08635378 -0.4639284 1.276244 0.5563223 0.3125127
-0.2992898 -0.5410351 1.148451 0.3283359 0.4324795
-0.2688869 -0.5411645 0.9306481 0.4665481 0.5465292
-0.1452231 -0.5317007 1.211817 0.5056587 0.3844359
-0.008583337 -0.6142433 1.205096 0.6556551 0.4237205
-0.5752432 -0.7794969 1.17235 -0.02924705 0.5916011
-0.1294252 -0.4569238 1.567291 0.3982337 0.2260054
-0.2057002 -0.4466859 1.61907 0.3021384 0.2098719
-0.2462692 -0.5302418 1.319713 0.3409102 0.3511063
-0.3105863 -0.5498993 0.9927597 0.3714899 0.5210351
-0.3195176 -0.5450439 1.160109 0.2962764 0.4319029
0.007834733 -0.6027609 1.22301 0.6668326 0.4090449
-0.2813764 -0.6339359 0.9074478 0.4503752 0.6217948
-0.1864844 -0.4498133 1.60765 0.3258286 0.2138737
-0.3451823 -0.5872644 1.295224 0.2260795 0.4032075
-0.2620118 -0.6543444 0.8583734 0.5025731 0.6633936
-0.140429 -0.465571 1.302761 0.4792634 0.3080897
-0.2208865 -0.6441883 0.8399 0.5768017 0.662429
-0.2225606 -0.6405236 0.8382519 0.5759381 0.6618786
-0.1520783 -0.4891797 1.295645 0.4660833 0.3267678
-0.0009778142 -0.6247959 1.258247 0.6366797 0.4089295
-0.2674258 -0.6564639 0.8852024 0.4802194 0.6469855
-0.1190754 -0.5483598 1.2178 0.5329687 0.3901491
-0.2601368 -0.6447138 0.8310544 0.5217824 0.6774223
-0.2452608 -0.6462995 0.8148725 0.5540979 0.6872021
-0.06417075 -0.6197066 1.191571 0.5992644 0.4372724
-0.1528741 -0.4659632 1.302722 0.4640558 0.309163
-0.259386 -0.5436774 1.15856 0.3793599 0.4253212
-0.2803487 -0.5399858 1.161236 0.3499668 0.4239404
-0.007328957 -0.6348037 1.20416 0.6537793 0.4352719
-0.3495371 -0.554298 1.215047 0.2388981 0.4164373
-0.3365847 -0.5430881 1.11813 0.2855812 0.4525374
-0.3586691 -0.5245226 1.310498 0.2000727 0.3595328
-0.2774071 -0.5366918 1.678991 0.2166837 0.2509711
-0.08351678 -0.5308096 1.266054 0.5555587 0.3584828
-0.2624554 -0.5193908 0.9267856 0.481187 0.533069
-0.1931997 -0.5571528 1.265535 0.4235031 0.3834455
-0.259118 -0.6586429 0.813567 0.5312942 0.698123
-0.1788901 -0.4462328 1.602213 0.3354331 0.2127116
-0.2238272 -0.551089 1.232775 0.3979708 0.3951417
-0.2749915 -0.5150734 1.676336 0.218418 0.2392839
0.1766743 -0.5961105 1.423988 0.7400506 0.3283912
-0.08912522 -0.466906 1.27667 0.5524125 0.314518
-0.1495337 -0.4776976 1.289354 0.4726345 0.3212912
0.1339635 -0.6067877 1.353487 0.7310745 0.3573966
0.1332794 -0.6062003 1.35264 0.7309415 0.3573921
-0.4150703 -0.5526955 1.083536 0.1786324 0.4867054
0.01857114 -0.3683003 1.468644 0.601708 0.1882739
0.05929816 -0.5331731 1.424673 0.6385172 0.3002936
0.008847475 -0.6174099 1.214564 0.669369 0.4202867
-0.2694359 -0.6333165 0.9133053 0.4655096 0.6153663
-0.06181371 -0.6335105 1.163418 0.6131101 0.4562755
-0.2808378 -0.5295813 0.965801 0.431042 0.5188715
-0.2212108 -0.646624 0.8304244 0.5815728 0.6706973
-0.467602 -0.760276 1.085606 0.1277526 0.6129783
-0.5772119 -0.770107 1.180551 -0.03480679 0.5829063
-0.3366936 -0.5814478 1.26057 0.2454234 0.412848
-0.3414755 -0.5595081 1.081448 0.2912192 0.4824721
-0.06158224 -0.6390296 1.183837 0.6028459 0.4508511
-0.2173043 -0.6405916 0.8294688 0.5892311 0.6671689
-0.08236194 -0.64241 1.159461 0.5900944 0.4649614
-0.2080822 -0.4364819 1.63965 0.2941954 0.1988935
0.04210293 -0.37464 1.454664 0.6325168 0.1952248
0.05458272 -0.6318584 1.257853 0.6935478 0.4083042
-0.03071517 -0.6401951 1.144263 0.6566398 0.4648214
-0.3892223 -0.5265676 1.348365 0.1518046 0.3491457
-0.5144103 -0.5659197 1.460806 -0.01984727 0.3430896
-0.578471 -0.6710417 1.187709 -0.06163049 0.526435
-0.09055406 -0.4854058 1.387203 0.5017409 0.2908919
-0.3070049 -0.5388193 1.328916 0.2629097 0.3577145
-0.2581815 -0.4425956 0.9639606 0.4764745 0.4531649
-0.2769289 -0.6626486 0.8759526 0.4699787 0.6586741
-0.2768594 -0.6646556 0.8766454 0.4695393 0.6592902
-0.6003267 -0.7827331 1.198201 -0.06479424 0.5833241
-0.005512595 -0.6320554 1.247003 0.6358797 0.4173654
-0.3495782 -0.5375057 1.167991 0.2511306 0.4266118
-0.2245932 -0.6683995 0.9235649 0.5213627 0.6206007
-0.2714477 -0.662773 0.8327445 0.5008566 0.6886715
0.1973106 -0.4177269 1.460482 0.7796969 0.2166039
0.06447756 -0.2188063 1.442308 0.6932837 0.08319676
-0.03574407 -0.6451528 1.186094 0.6295903 0.4507373
-0.359259 -0.551381 1.54281 0.1543617 0.2991723
-0.4535923 -0.5904821 1.630204 0.04050866 0.3015988
-0.5873671 -1.061305 1.165791 0.01206031 0.7157988
-0.1219501 -0.4393247 1.385973 0.4701765 0.2632896
-0.1737256 -0.4589568 1.329799 0.4284137 0.2967456
-0.1022448 -0.4065372 1.561919 0.4310403 0.1948634
-0.4000925 -0.5511575 1.236996 0.1635269 0.4099778
-0.239044 -0.5561109 0.9235795 0.5150875 0.5558499
-0.04976207 -0.6114864 1.199162 0.6132466 0.4282709
-0.2376463 -0.5498798 1.589627 0.2778684 0.2792811
-0.2357977 -0.5527079 1.594359 0.2787952 0.2795362
-0.07921103 -0.4556462 1.35857 0.5293171 0.280043
-0.01177782 -0.6415716 1.211712 0.6441504 0.4364104
-0.3119703 -0.6716858 0.9950364 0.3659344 0.5936435
-0.06099388 -0.6462586 1.114112 0.6361729 0.4845055
-0.05397397 -0.6414434 1.11543 0.6445123 0.4804909
-0.4201632 -0.5476265 1.812816 0.0506866 0.2311096
-0.2467856 -0.5475358 1.596442 0.2665867 0.2765842
-0.4291394 -0.5421232 1.824489 0.03950554 0.2258121
-0.4518295 -0.6660424 1.090635 0.1361981 0.5575047
-0.4463392 -0.7671838 1.067144 0.1617678 0.6235003
-0.4470334 -0.7675246 1.067265 0.1608256 0.6237117
-0.4477546 -0.7690726 1.08605 0.1559809 0.6140255
-0.4393328 -0.7651814 1.074208 0.1695881 0.6173999
-0.378741 -0.5491197 1.244726 0.1909761 0.4033187
-0.2245144 -0.528342 1.301546 0.3736023 0.354831
-0.08766833 -0.4533583 1.553391 0.4469207 0.2257488
-0.06263888 -0.650876 1.100754 0.6402175 0.4932325
-0.2427953 -0.5395519 0.9677497 0.4877628 0.5185529
-0.244599 -0.5360976 0.9638063 0.4874685 0.5188537
-0.3188786 -0.5771662 0.8249955 0.4367396 0.6545825
-0.2385006 -0.6359647 0.7785547 0.5893394 0.7081223
-0.3245803 -0.5619238 0.972124 0.3581395 0.5435511
0.1706035 -0.6834044 1.272073 0.7896481 0.4205117
-0.2747983 -0.53181 1.304684 0.3100856 0.3597255
-0.2408973 -0.471152 1.335776 0.3425359 0.3070612
0.1309536 -0.5457149 1.233867 0.8048156 0.3627537
-0.3938757 -0.5658791 0.7839233 0.3217668 0.7000257
0.1508867 -0.6198237 1.223859 0.8115436 0.4061595
-0.1019316 -0.6075937 1.106959 0.5977469 0.4704984
-0.3412914 -0.5562261 1.534596 0.1767347 0.3034061
-0.5307174 -0.5736206 1.869415 -0.0634352 0.2362876
-0.5999491 -0.7804679 1.171517 -0.06314719 0.5961202
-0.3668258 -0.5590987 1.273301 0.2011166 0.3967144
-0.4618032 -0.7617587 1.082883 0.136499 0.6143422
-0.04996586 -0.5748957 1.284938 0.5792487 0.3753846
0.05338979 -0.5797392 1.389393 0.6407716 0.3369355
-0.3525336 -0.5233594 1.622383 0.1454667 0.260594
-0.3006144 -0.5353666 1.5139 0.225534 0.2950178
-0.339659 -0.5506791 1.513215 0.1822234 0.3063791
0.152474 -0.6046734 1.21085 0.8244352 0.4024864
-0.2191541 -0.4113222 1.657411 0.2771996 0.1794931
-0.026263 -0.6372222 1.189478 0.6397687 0.444157
-0.4052745 -0.5808617 0.8039787 0.2916114 0.6948511
-0.3346257 -0.5612099 1.374212 0.2185958 0.3573017
-0.1575745 -0.5511314 1.281349 0.4605203 0.3710186
-0.4405169 -0.6629679 0.8350013 0.2220136 0.7258764
-0.2327508 -0.6433197 0.8293192 0.5652854 0.6720719
-0.2822359 -0.6282541 0.914767 0.4460128 0.6137925
-0.1469777 -0.5498512 1.272758 0.4765029 0.3725584
-0.249001 -0.641902 0.8257395 0.5425891 0.6773855
-0.3983479 -0.571604 0.7832803 0.3136249 0.7054406
-0.4076515 -0.5665112 0.7829008 0.2957262 0.7049921
-0.2475136 -0.6482809 0.8631204 0.52273 0.6537136
0.1317961 -0.6143628 1.171798 0.8231802 0.4240003
0.1483101 -0.5871657 1.221433 0.8188407 0.3893884
0.1300678 -0.6224809 1.209628 0.7977784 0.4144427
0.1381196 -0.6175624 1.234035 0.7937359 0.4023609
-0.06947565 -0.5315791 1.262666 0.5731953 0.359107
-0.02812859 -0.5710168 1.306745 0.5939735 0.3639773
0.232611 -0.4276061 1.488091 0.7969443 0.21496
0.01833785 -0.3504268 1.474824 0.6013072 0.1746523
0.1831141 -0.437778 1.428535 0.7777868 0.2373118
0.03304607 -0.5360769 1.420799 0.6133889 0.3044519
-0.2639153 -0.486647 0.9665085 0.4611213 0.4856635
-0.4188534 -0.5767248 0.7624534 0.2834204 0.733481
0.1618138 -0.603261 1.200841 0.8400485 0.4045637
-0.4220547 -0.5966794 0.7734652 0.2735678 0.736346
0.09198099 -0.5938951 1.060613 0.855199 0.4620107
0.1013387 -0.5807342 1.114619 0.8348884 0.4304783
0.1357055 -0.5848578 1.134742 0.8582261 0.4215323
0.02535802 -0.6438618 1.213335 0.6826108 0.4336386
-0.01469824 -0.6231725 1.214239 0.6429434 0.4256834
-0.2331553 -0.6526199 0.8800081 0.5342246 0.6417464
-0.2239239 -0.4416582 1.651353 0.2744904 0.1998857
-0.3746125 -0.5355197 1.123386 0.2275553 0.4494607
-0.3773476 -0.5598548 1.233968 0.1964765 0.4145636
0.05079848 -0.5078908 1.447386 0.6240118 0.2798799
-0.2562813 -0.6498491 0.8806264 0.4999862 0.6442252
-0.07132745 -0.5918537 1.196016 0.5932211 0.4203241
-0.2379121 -0.5508149 0.9350069 0.511256 0.5450354
0.1685283 -0.56833 1.422618 0.7386435 0.3144974
-0.2690412 -0.4588097 1.376299 0.2945025 0.287144
-0.4034475 -0.5572504 1.375408 0.1318787 0.3596296
-0.3806087 -0.5395817 1.176387 0.2045324 0.4274551
-0.1520912 -0.533116 1.306297 0.458675 0.3507038
-0.3948496 -0.5435405 1.183048 0.1827086 0.4285197
0.1719348 -0.5845371 1.237111 0.8344418 0.3806424
-0.2172789 -0.5560263 1.278529 0.3896422 0.379843
-0.2454763 -0.4564069 0.9541173 0.501197 0.4677912
-0.1530249 -0.5669092 1.263691 0.4715858 0.386658
0.08098906 -0.5803546 1.078622 0.8352588 0.4474418
-0.1605614 -0.6615122 0.9934391 0.5730258 0.5654517
-0.2355655 -0.6619968 0.7602048 0.6005209 0.7366614
-0.2258386 -0.6663717 0.7605016 0.6147121 0.7363865
0.06894541 -0.6625561 1.235036 0.7133577 0.4314996
-0.1788572 -0.6604708 0.7368125 0.7061499 0.7411529
-0.4071357 -0.6230156 0.8111117 0.2870802 0.714821
-0.2413483 -0.6641256 0.7563426 0.5933974 0.7424179
-0.2572804 -0.6638392 0.7660489 0.5617952 0.7381781
-0.2787181 -0.6102805 0.9822323 0.4213801 0.5603946
0.2374854 -0.4353953 1.470823 0.8086144 0.223523
-0.03102371 -0.4828952 1.362695 0.5783871 0.2934801
-0.002092659 -0.5412759 1.380306 0.5938273 0.3214307
0.04745972 -0.6319281 1.420392 0.6143201 0.3556944
-0.2038588 -0.4758348 1.299597 0.4014775 0.3201848
-0.1848041 -0.5941436 0.9694476 0.5637157 0.5434991
-0.386243 -0.4515279 0.6714795 0.4051772 0.7318859
-0.2204829 -0.6244563 0.673902 0.6987947 0.7888608
-0.2430007 -0.5550856 1.309962 0.3479148 0.3696661
-0.4113431 -0.5343288 1.281258 0.1365484 0.3817347
-0.2173623 -0.4575559 1.339523 0.3709522 0.2952437
-0.4419034 -0.594664 0.7521976 0.2433239 0.7610157
-0.4742108 -0.6584557 1.081978 0.1037829 0.561371
-0.4254133 -0.6002918 0.7535843 0.275743 0.7582122
-0.4393712 -0.6134675 0.74587 0.2525389 0.7775505
-0.4146905 -0.5773956 0.7517029 0.2965385 0.742992
-0.4097272 -0.5952113 0.7498281 0.3077797 0.7542442
0.04574639 -0.6042397 1.296186 0.6712321 0.3807268
-0.3749949 -0.5681162 0.816049 0.341984 0.6690415
-0.05785748 -0.6448852 1.134799 0.6296794 0.4743121
0.03514093 -0.6336587 1.233725 0.6848264 0.4196582
-0.1684853 -0.6723781 0.8619005 0.6340089 0.6524363
-0.155228 -0.4157907 1.615713 0.3571765 0.189916
-0.06234714 -0.6146572 1.2548 0.5734886 0.409794
0.1118097 -0.6181998 1.047285 0.878293 0.4795494
-0.2648959 -0.5254222 0.9242187 0.4779835 0.5392784
-0.4491541 -0.6633235 0.8340119 0.2072388 0.7290041
-0.4272331 -0.6138105 0.7474897 0.2756188 0.7725688
-0.1909352 -0.5009815 1.289328 0.4202513 0.3393684
0.08516836 -0.6582216 1.363669 0.6703054 0.3841126
-0.3870813 -0.4363745 0.6683589 0.4065716 0.7238665
-0.4493839 -0.6680009 1.060097 0.14672 0.5754952
-0.4129143 -0.5562582 1.339617 0.1260816 0.3729743
-0.4296486 -0.6332047 0.7444144 0.2734255 0.7872788
-0.4058356 -0.5740671 0.7746363 0.3032592 0.7168487
-0.2776498 -0.5252222 0.9432018 0.4476525 0.5292529
-0.2772235 -0.5273905 1.189401 0.3443101 0.4030512
-0.4221341 -0.6343042 0.8173901 0.2583717 0.7198229
-0.4951122 -0.6562777 0.7862476 0.1364282 0.7791879
-0.4313307 -0.5472996 1.089525 0.1510356 0.4820791
-0.2183365 -0.5193202 0.9385824 0.5439256 0.5185374
-0.2456911 -0.5187137 1.600961 0.265643 0.2588697
-0.4359209 -0.6471167 0.8082682 0.2379691 0.738386
-0.3648531 -0.5677603 1.005508 0.2821249 0.5335677
0.1348967 -0.6623994 1.009147 0.9143897 0.5183954
-0.1893393 -0.4765985 1.315679 0.4136015 0.3141575
-0.2422611 -0.650074 0.736776 0.6080494 0.7516239
-0.2758233 -0.6584193 0.9623995 0.4313203 0.5998457
0.3710459 -0.4429965 1.532784 0.894508 0.2097557
-0.4462817 -0.6475118 0.751981 0.239679 0.7927567
-0.277828 -0.5379464 1.177107 0.3477663 0.4153062
-0.5820487 -0.7590356 1.19006 -0.04484159 0.5730649
0.09555125 -0.6268162 1.078913 0.837226 0.4721605
-0.2437273 -0.5505384 1.087608 0.4289818 0.4612993
-0.2511692 -0.5519305 0.9177868 0.5000365 0.5588793
-0.3535428 -0.5746877 0.833699 0.3719826 0.6539568
-0.4448372 -0.6211565 0.7428089 0.243681 0.7866167
-0.3243408 -0.5774118 0.8095785 0.4355865 0.6683021
-0.3922786 -0.5946448 0.7530348 0.3398875 0.7458706
-0.2950169 -0.5705144 1.0061 0.388867 0.5243304
-0.2476626 -0.6478898 0.959319 0.4735696 0.5910624
-0.2471537 -0.6443626 0.8398495 0.5368891 0.6680099
-0.2426106 -0.5508843 1.08293 0.4325237 0.4636987
-0.2857763 -0.6576713 0.7821269 0.5071271 0.7286127
