-0.1402512 -0.004700478 0.03824853 
0.99946 1
0.99946 0
0.0005400776 1
0.0005400777 0
264
-0.01885328 -0.6392012 1.206913 0.4637735 0.2579792
-0.2165994 -0.502949 1.316449 0.2266844 0.1509517
-0.2671908 -0.4803639 1.352414 0.1660815 0.1286378
-0.2571434 -0.5158308 1.632319 0.1915094 0.09095782
-0.2456033 -0.4582409 1.636948 0.1943983 0.05564654
-0.160318 -0.4411006 1.586105 0.2775861 0.05245483
-0.2060746 -0.4394411 1.630523 0.2310323 0.04446208
-0.1803968 -0.4657989 1.348056 0.2625631 0.1177934
-0.2823929 -0.6616183 0.8724943 0.1617952 0.410067
-0.2604553 -0.6554671 0.8243795 0.188653 0.4286838
-0.02514759 -0.6362985 1.213601 0.4561222 0.2545291
-0.2845088 -0.6418352 0.9257488 0.1573505 0.3739502
-0.2543324 -0.5640165 0.9356419 0.1816957 0.3185918
-0.2497983 -0.6515651 0.7946034 0.2020295 0.4410101
-0.1442976 -0.6787053 0.9131162 0.3464832 0.3937963
-0.1021637 -0.6427257 1.143461 0.3778286 0.2831314
0.1290815 -0.5898212 1.231454 0.6210191 0.2172567
-0.2701059 -0.5602411 0.9362053 0.1588234 0.3165995
0.001756981 -0.6222463 1.277296 0.4770389 0.2272036
-0.07190813 -0.5660074 1.314265 0.3932953 0.1866805
-0.0428484 -0.5801681 1.321421 0.4242878 0.1923615
0.07784875 -0.6037449 1.078996 0.5940993 0.2747545
0.07593577 -0.6006154 1.073961 0.5931062 0.2746477
-0.0742294 -0.6101095 1.236369 0.3995299 0.2343839
0.003311619 -0.5470906 1.473866 0.455319 0.1354624
0.05184075 -0.6295502 1.337372 0.5206043 0.2135454
-0.1900372 -0.6788546 0.8696312 0.2890511 0.416216
0.1216409 -0.6714768 1.025428 0.6511934 0.3315589
-0.2133418 -0.6660516 0.9777101 0.2550996 0.3625037
0.07344081 -0.6310281 1.085638 0.5859442 0.288919
-0.2640806 -0.5679634 0.9358066 0.1690039 0.3216494
-0.2635512 -0.5683242 0.9354544 0.1698054 0.3220136
0.3852295 -0.5933108 1.329369 0.8583902 0.1857966
0.3963481 -0.5770108 1.343075 0.868268 0.1728514
0.3608758 -0.5895652 1.318276 0.8384265 0.187098
0.1906564 -0.6204064 1.194482 0.6923857 0.2437719
0.1048853 -0.5984787 1.044495 0.6340714 0.2824134
0.176292 -0.584979 1.093021 0.7070104 0.254811
-0.2064091 -0.6689383 0.9751918 0.2642418 0.3648672
0.1540052 -0.6060536 1.190258 0.6554533 0.2379369
0.427527 -0.5762743 1.365831 0.8915896 0.1662048
0.3742327 -0.599446 1.297454 0.8562701 0.1976282
0.4326994 -0.5684856 1.410817 0.883821 0.1513632
-0.02527435 -0.6518157 1.18376 0.4597394 0.2724632
0.1158928 -0.6600194 1.0279 0.6451039 0.3243979
-0.04175128 -0.6790457 0.9164836 0.4759978 0.3871464
0.4196404 -0.531664 1.382249 0.887973 0.1366639
-0.1508663 -0.6744388 0.642527 0.357523 0.5360466
0.3735325 -0.566535 1.233717 0.8834771 0.1951815
0.3944814 -0.5707991 1.26849 0.8922696 0.1879213
-0.21796 -0.6660907 0.8048443 0.2501979 0.4423389
-0.1225725 -0.6769344 0.8102215 0.3832926 0.4400489
-0.1306434 -0.6709613 0.9220347 0.3626083 0.3847131
0.3732332 -0.5741794 1.252097 0.8752194 0.194837
0.4019076 -0.5706825 1.233223 0.9123517 0.1969409
0.00528644 -0.6286711 1.263098 0.4825589 0.2347172
0.3593192 -0.5167307 1.328121 0.8478311 0.1415081
-0.2297916 -0.4663341 1.348997 0.2062506 0.1191763
0.499364 -0.5755482 1.28511 0.9910836 0.1834744
0.5088897 -0.4597501 1.39567 0.9893134 0.08750951
-0.2088758 -0.5736486 0.9473085 0.2463894 0.3178484
0.4831375 -0.5764868 1.274082 0.9788246 0.1872786
0.5053149 -0.5816389 1.342915 0.9735654 0.1726484
0.3744091 -0.5977574 1.188754 0.8930315 0.2261793
0.4771444 -0.5792436 1.313013 0.9575876 0.1792775
-0.08796753 -0.6731506 0.5859779 0.4638262 0.5679237
0.06570435 -0.5876558 1.090285 0.5785434 0.2615761
0.06507428 -0.6727737 0.649606 0.6823072 0.5139514
-0.0862055 -0.6760073 0.7164753 0.4455653 0.4873406
0.01398472 -0.6778535 0.8721884 0.5541847 0.403111
0.4938194 -0.5802498 1.376698 0.9507905 0.1642371
0.4898754 -0.5767313 1.369154 0.9505013 0.1640908
0.1970191 -0.4375294 1.477957 0.6532325 0.06340897
0.03353553 -0.6737509 0.6097519 0.6476661 0.5421304
0.352506 -0.6030984 1.205966 0.862944 0.2250874
0.05449231 -0.6422551 1.277103 0.5318034 0.2367828
0.326458 -0.6625091 1.17471 0.8340183 0.2686551
0.4442608 -0.572974 1.250893 0.9490656 0.1923479
-0.01626331 -0.6700978 0.4687879 0.6120722 0.6484832
0.05835555 -0.6706213 0.5660592 0.7014378 0.567691
0.1521645 -0.6714826 0.704335 0.7876878 0.4751466
-0.002089366 -0.669313 0.5003321 0.6261262 0.6211008
0.00679481 -0.6709267 0.5124524 0.6367921 0.6117393
-0.1968928 -0.4526865 1.603429 0.2418776 0.05727279
-0.07374589 -0.648922 1.138076 0.4107734 0.287365
0.1005566 -0.67081 0.6223459 0.7449929 0.5270249
0.3828404 -0.6553048 1.135207 0.907527 0.2748256
0.383399 -0.6553633 1.134992 0.9081764 0.274905
0.003481477 -0.6725488 0.5524181 0.6184736 0.5832704
-0.05960514 -0.549193 1.350216 0.4026338 0.1670438
-0.08014271 -0.6692198 0.3980531 0.517676 0.7184477
0.3371512 -0.5017614 1.331527 0.8267393 0.1319631
0.3386985 -0.5029951 1.334422 0.8272129 0.132027
0.1675597 -0.5586793 1.223781 0.6672099 0.1994464
0.3783076 -0.592259 1.193679 0.8966697 0.2214121
0.3748609 -0.6693718 0.995766 0.9487441 0.330296
-0.2798704 -0.4914244 0.9711042 0.13015 0.2541874
0.02308156 -0.5710618 1.457734 0.4768957 0.1523312
0.02245499 -0.5725066 1.460452 0.4759752 0.1525589
-0.115397 -0.6210782 1.148076 0.3608784 0.269535
0.4177271 -0.6196703 1.079 0.9760718 0.2711381
-0.2890763 -0.6765612 0.8464002 0.1546358 0.4318549
-0.3046632 -0.6723437 0.863006 0.1333464 0.4222059
-0.01480407 -0.6691145 0.3978926 0.6393499 0.7106695
0.07075964 -0.6233258 1.0949 0.5814897 0.28135
-0.09184386 -0.603263 1.298743 0.3752744 0.2133488
-0.1349535 -0.6460904 1.120837 0.3421152 0.2939323
0.2987863 -0.6798831 1.031644 0.8478515 0.3264077
0.5031275 -0.5775657 1.19234 1.032133 0.2091157
0.4794135 -0.5822842 1.155918 1.021324 0.2230659
0.4977388 -0.5632624 1.190899 1.031541 0.2010903
0.07545647 -0.6605838 1.289837 0.5507474 0.2425871
0.4857171 -0.5833943 1.355377 0.9497461 0.1712003
0.4900484 -0.581049 1.181642 1.021939 0.2146031
-0.03122881 -0.6731538 0.4442706 0.5933302 0.6726452
0.1079026 -0.6769196 0.6252521 0.7535394 0.5281643
-0.2479206 -0.6610656 0.8188213 0.2072892 0.4340702
0.03067066 -0.6690944 0.4028566 0.7205843 0.7006354
0.5250403 -0.5631751 1.231353 1.042584 0.189293
-0.05772226 -0.5668258 1.33888 0.4064139 0.1804017
-0.2378311 -0.6769407 0.9297231 0.2256812 0.3904114
0.2153391 -0.5674131 1.218419 0.7194651 0.204771
0.4350263 -0.654411 1.01371 1.012702 0.3127782
0.2049608 -0.6243659 1.100236 0.7320773 0.2749972
0.04974712 -0.6718567 0.4736193 0.7231786 0.6386893
0.09659664 -0.6675359 0.5604421 0.7643951 0.5665137
0.1043871 -0.6654669 0.6379031 0.7458534 0.5138925
0.00370945 -0.6712977 0.4149255 0.6663345 0.6938596
0.01934828 -0.6392549 1.329863 0.4886973 0.2218353
-0.2527589 -0.6593582 0.891162 0.2021177 0.3983197
-0.308709 -0.6690448 0.9906957 0.1360145 0.3635617
-0.09994068 -0.6389144 1.164828 0.3784634 0.2738965
-0.3089548 -0.6559324 0.8633094 0.1233273 0.4126243
0.3407077 -0.5823566 1.387641 0.7997943 0.1667956
0.07332394 -0.7025089 1.000906 0.5984615 0.3601795
-0.1746121 -0.6361071 0.644828 0.3151947 0.5135108
-0.07860503 -0.6383031 1.189422 0.4001844 0.264973
-0.2085074 -0.6373259 0.6721755 0.2604445 0.4995235
-0.2303776 -0.5138799 0.9887717 0.2062412 0.2613764
0.07955322 -0.6722163 0.5449556 0.7427903 0.5816466
0.1458352 -0.6777649 1.026575 0.6779206 0.333612
-0.2550208 -0.4896953 1.691664 0.1911452 0.06509763
-0.03945689 -0.5621389 1.385542 0.4211642 0.1655568
0.08388655 -0.6680986 0.4671507 0.7848597 0.6383661
0.04608797 -0.6686307 0.5354193 0.6935104 0.5895168
0.1245272 -0.6673326 0.5189695 0.827567 0.5936965
0.4579379 -0.5829281 1.15082 1.000369 0.2256563
0.5043846 -0.5735419 1.167664 1.04547 0.2136146
0.5202452 -0.5727931 1.16366 1.06431 0.2137947
0.4968598 -0.5648232 1.128951 1.057769 0.2198071
0.5056927 -0.5734324 1.145814 1.056696 0.21981
0.3778025 -0.6639228 1.004163 0.9501277 0.3240257
0.4348181 -0.6236812 1.028705 1.01557 0.2897125
0.3646393 -0.5607046 1.321779 0.8466138 0.1693877
-0.2459523 -0.6763001 0.916355 0.214863 0.3963973
-0.297008 -0.5498003 0.9879071 0.1225237 0.2896237
-0.09726342 -0.6512105 1.14602 0.3836991 0.2869439
-0.2483426 -0.6652075 0.6634414 0.2034338 0.5249518
-0.2571594 -0.6719606 0.5159847 0.1847636 0.6355729
0.2244664 -0.6187832 1.124656 0.7477066 0.2630942
-0.1317831 -0.680598 0.8833156 0.3649482 0.4076061
0.3483855 -0.4621499 1.336551 0.8446565 0.105182
0.4368054 -0.5551342 1.410873 0.8904667 0.1436267
0.03051715 -0.6703967 0.3990674 0.7216882 0.704875
-0.2323878 -0.5586581 0.9573845 0.211609 0.3048559
0.4132712 -0.6288018 1.128429 0.9488557 0.2608752
-0.3048336 -0.5711618 0.9781591 0.116524 0.3081643
-0.236683 -0.655661 0.6445139 0.2193114 0.5305767
-0.1140016 -0.6702363 0.3523312 0.4634206 0.7694029
0.3225996 -0.6734961 0.8671713 0.9410207 0.3864264
-0.2210354 -0.6532774 0.6409799 0.2438371 0.5302006
0.0846547 -0.6674261 0.4698706 0.7850652 0.6356953
0.1680821 -0.6694614 0.5795348 0.8657265 0.548597
0.1252457 -0.6149839 1.214109 0.6185674 0.2370698
0.4261936 -0.5737501 1.22818 0.9387163 0.1993929
0.3431278 -0.6739393 1.052938 0.8903823 0.3137811
0.4194338 -1.065571 0.7985837 0.966418 0.5901906
-0.2432571 -0.5233939 0.9708135 0.1897316 0.2756959
0.2919325 -0.6562883 1.146271 0.8079077 0.2752045
0.1612719 -0.6797184 1.014989 0.6982859 0.3383152
0.2018419 -0.6824856 0.9464226 0.7647282 0.3645025
0.1628398 -0.6631477 0.8098707 0.7650316 0.41524
0.04936521 -0.6762656 0.4645653 0.7253574 0.6485848
0.06635861 -0.6862627 0.5527413 0.716073 0.585234
0.1141192 -0.6787226 0.6951137 0.7363504 0.4871194
0.087596 -0.6190065 1.190081 0.5823528 0.2478119
-0.03848229 -0.6768782 0.3577782 0.6083403 0.7571117
-0.1947941 -0.6748025 0.576547 0.2917532 0.5849446
-0.2164023 -0.5487829 0.9879619 0.2319482 0.2852265
0.009631231 -0.6681054 0.3658803 0.6980777 0.7382439
-0.1578803 -0.6718516 0.646396 0.346047 0.532612
-0.1416536 -0.6028466 1.119841 0.3303788 0.2689832
-0.1372137 -0.6755351 0.6789232 0.3750267 0.5128529
-0.2429659 -0.5426681 1.329351 0.2034842 0.1735034
0.1450476 -0.604808 1.055187 0.6782153 0.2809085
-0.13834 -0.472288 1.368583 0.3101488 0.1162556
0.1189696 -0.6605268 1.339175 0.58606 0.2278899
0.01693955 -0.6606482 0.3280644 0.7314259 0.7726741
-0.250556 -0.5537936 1.0011 0.1872031 0.2850314
-0.2525819 -0.5624253 1.016335 0.1868208 0.2850066
-0.2203037 -0.6119313 0.9981669 0.2376702 0.3222085
0.1661312 -0.6768148 0.746683 0.7894596 0.4545648
0.4317448 -0.7023295 0.8442236 1.073301 0.4069247
-0.2526616 -0.6746895 0.6010751 0.1967126 0.5725428
-0.1386842 -0.6691296 0.3203497 0.4200368 0.8073676
-0.2905625 -0.5498757 0.9591329 0.1292056 0.3009878
0.165871 -0.4464743 1.463921 0.6235121 0.07247627
-0.2423155 -0.6664902 0.5378676 0.2101039 0.6136125
-0.2592936 -0.4567311 1.002792 0.1532083 0.2151449
0.05873054 -0.6724157 0.5543491 0.7060382 0.5769128
-0.2368073 -0.668679 0.326803 0.2154334 0.8140994
-0.1962689 -0.6760207 0.3771691 0.2987187 0.7573419
-0.2008401 -0.6717831 0.3758578 0.2889529 0.7571326
-0.226188 -0.6757281 0.9715541 0.2405086 0.3712476
-0.1657681 -0.6526291 0.6538154 0.3308815 0.5171133
0.2185867 -0.6764582 0.6178907 0.9195044 0.523977
-0.184768 -0.6652817 0.6561702 0.3028158 0.5246372
-0.2577392 -0.6699274 0.9777469 0.1999164 0.3669083
0.361738 -0.6830378 1.15261 0.8733512 0.2853264
-0.2939176 -0.6388341 0.9728799 0.1469997 0.3524098
-0.2551403 -0.6574805 0.683379 0.1916918 0.508368
-0.2517589 -0.6725341 0.3206376 0.1848311 0.8253014
0.3127864 -0.7384148 1.354322 0.7592608 0.2578114
-0.1456326 -0.6702753 0.3124884 0.407164 0.8179437
-0.2787381 -0.5063507 0.9767209 0.1360628 0.2628326
-0.2757835 -0.497919 0.9616962 0.1370235 0.2625051
-0.1971881 -0.5395 1.313142 0.2537833 0.1744474
-0.1732486 -0.6687308 0.3244565 0.3481019 0.8075207
0.3459162 -0.4382371 1.544199 0.7849737 0.04910535
-0.1001345 -0.6708159 0.3713401 0.4862023 0.7481717
-0.1738323 -0.6764937 0.3197072 0.3485711 0.8167293
0.3311622 -0.6638894 1.199883 0.8307757 0.2617228
0.332895 -0.6658558 1.203798 0.8309696 0.2615795
-0.01115264 -0.675446 0.4914541 0.6129693 0.6324784
0.08133228 -0.6752537 0.5925787 0.7263495 0.5504092
-0.2698179 -0.6714858 0.8340917 0.1794381 0.4338534
-0.2693602 -0.6700689 0.8318596 0.1796686 0.4341136
-0.2883322 -0.6305687 0.7064343 0.1341186 0.4803121
-0.2513855 -0.6772751 0.3129061 0.1867267 0.8365407
-0.2832188 -0.6690286 0.5187634 0.1380179 0.6343138
-0.1416939 -0.6782075 0.3238464 0.4139478 0.8082027
-0.2127714 -0.6116644 1.055274 0.2471144 0.2999375
0.5213684 -0.5512281 1.201165 1.055739 0.1902341
-0.1559653 -0.6727889 0.3010158 0.3876972 0.8340995
-0.2585865 -0.6667619 0.6352156 0.1865245 0.5450823
-0.2703156 -0.6728521 0.9649882 0.1841617 0.3745542
0.6536008 -0.6214697 1.446467 1.061606 0.1671587
0.1830819 -0.656676 0.7397547 0.8197938 0.4452912
0.05671425 -0.6410726 1.19304 0.5474136 0.2606134
-0.07111836 -0.6733574 0.4012903 0.5335231 0.716455
0.3356227 -0.6769744 0.9023243 0.940415 0.3728644
0.05821405 -1.251793 0.4498289 0.6573735 0.8665591
0.04832511 -1.196338 0.401271 0.6637666 0.8882879
-0.2834794 -0.6744075 0.5128204 0.138726 0.6422064
-0.1298937 -0.6610293 0.318182 0.4380936 0.804619
-0.06314085 -0.6834248 0.4394597 0.5373546 0.6859336
-0.06365632 -0.671441 0.6178715 0.4961273 0.5433415
-0.07966244 -0.6909472 0.6933344 0.4589564 0.5088572
-0.1504633 -0.6692541 0.3038692 0.3984299 0.8282471
0.06565012 -0.6676506 0.6262349 0.6918214 0.5254421
-0.2376406 -0.6724128 0.3087845 0.2142709 0.8371137
-0.2266747 -0.6672381 0.2963604 0.2361343 0.8480679
-0.3173503 -0.5864736 0.5568644 0.05073234 0.5566276
0.524737 -0.5521958 1.176218 1.070258 0.197563
