-0.3148751 0.01591796 -0.07800885 
0.99946 1
0.99946 0
0.0005400776 1
0.0005400777 0
303
-0.1895156 -0.654142 0.7847541 0.4664914 0.4070399
-0.2174644 -0.4826929 0.9517823 0.4119115 0.2355516
-0.1457383 -0.6503216 0.3079915 0.6505424 0.7016036
0.3488583 -0.6337252 1.073761 0.9801792 0.2807865
0.3280309 -0.6198598 1.105597 0.9519647 0.2646859
0.1735391 -0.6532642 0.6840056 0.9500014 0.4393651
0.1756821 -0.5899882 1.168101 0.7904974 0.2333423
0.1483655 -0.5669013 0.995508 0.8213609 0.270017
0.1504414 -0.5758189 1.205902 0.7580068 0.2160814
0.1435539 -0.6549835 1.002257 0.7942396 0.3172774
0.1465642 -0.6024113 1.190402 0.7536495 0.2345468
0.1352714 -0.534223 1.222373 0.7461321 0.1887637
0.1267964 -0.5849175 1.022917 0.7851431 0.2722956
0.1376088 -0.5770171 1.21752 0.7422633 0.2139347
0.1233599 -1.175993 0.3672364 0.8622819 0.8320037
0.09803134 -0.5849851 1.046704 0.7474304 0.2655084
0.08189863 -0.6536623 0.5481156 0.8961537 0.5142878
0.08197296 -0.5606177 1.041461 0.7363515 0.2531435
0.07773158 -0.6309781 1.251117 0.6691022 0.2348381
0.06845886 -0.5303721 1.419855 0.6380813 0.1435879
0.04250145 -0.6577446 0.5121129 0.8570189 0.5401431
0.02245855 -0.6526675 0.4830471 0.8436328 0.5566781
0.002775848 -0.6274744 1.18577 0.610797 0.2506521
-0.01654172 -0.5575594 1.373462 0.5652094 0.1681013
-0.01325804 -0.6016777 1.279958 0.5803918 0.213094
-0.01808548 -0.572796 1.305163 0.5738791 0.1915895
-0.03486979 -0.5528209 1.306231 0.5590929 0.1804094
-0.04759806 -0.5534507 1.281039 0.5507255 0.1866425
-0.05475783 -0.6247368 1.162825 0.5578848 0.2560825
-0.06758079 -0.5938877 1.27451 0.5294569 0.2106099
-0.0665518 -0.6113715 1.313229 0.5237315 0.210665
-0.07784978 -0.6191303 1.097408 0.5457245 0.2720046
-0.1391227 -0.4717882 1.548841 0.4328418 0.08690375
-0.1355674 -0.4656182 1.287809 0.4651271 0.133509
-0.191984 -0.4936679 1.287018 0.4058741 0.1508805
-0.2406402 -0.470053 1.316397 0.3522801 0.1299962
-0.2204833 -0.5194324 0.9523059 0.407951 0.2600576
-0.2390154 -0.5489269 1.244403 0.3609539 0.1938866
-0.2270315 -0.5499439 0.9049668 0.4050987 0.2966026
-0.2771486 -0.5612829 0.9586294 0.3380946 0.2855666
-0.2776631 -0.5318274 0.9516934 0.3366588 0.2692288
-0.2775063 -0.6718814 0.8549187 0.3493508 0.3900778
-0.2401745 -0.6180965 0.6906914 0.4136304 0.4316037
-0.1530018 -0.6486185 0.2384111 0.6660852 0.7684019
-0.3027105 -0.5815787 0.9639598 0.3075944 0.2966893
-0.3116348 -0.607543 0.9889665 0.2973974 0.303733
-0.301357 -0.5584904 0.9677418 0.3076617 0.2810913
-0.1643202 -0.6477875 0.2479854 0.6408247 0.7595248
-0.1757296 -0.6611824 0.2526497 0.6146603 0.7630953
-0.2216655 -0.6537178 0.3045167 0.5144362 0.7142971
-0.2556665 -0.6554645 0.3386474 0.4449991 0.6879607
-0.2687285 -0.6604578 0.3379657 0.4216383 0.6925516
-0.3071176 -0.6595212 0.4834798 0.3377903 0.5818033
-0.267417 -0.6563312 0.3502852 0.4218763 0.6794627
-0.2845168 -0.6615782 0.9661486 0.3331025 0.3419642
0.2363156 -0.5603063 1.203205 0.8451209 0.2075479
0.1963303 -0.561573 1.229487 0.7984719 0.2020915
0.1931573 -0.5870515 1.096255 0.8303862 0.2510624
0.1377612 -0.6044908 1.010063 0.7966092 0.2872458
0.1364604 -0.6418526 1.000661 0.7901386 0.310874
0.09369028 -0.6100909 1.054278 0.7360828 0.2774364
0.07123598 -0.6510807 0.4531011 0.931137 0.5722564
0.1056089 -0.6866192 1.41684 0.6541701 0.2233359
0.06401449 -0.5191032 1.424125 0.6344219 0.1365672
0.02497241 -0.6465955 0.394111 0.8953051 0.6143954
0.01850024 -0.5926291 1.417831 0.587206 0.177175
-0.0009361804 -0.6236347 1.196927 0.6053908 0.2456758
-0.03708142 -0.5654389 1.278469 0.5605707 0.193885
-0.00893569 -0.649073 0.4227708 0.8266551 0.5974923
-0.2677122 -0.5338942 1.297136 0.3274747 0.1726156
-0.2640508 -0.6614087 0.8484524 0.3660397 0.3864622
-0.2833464 -0.5379868 0.9355448 0.3308624 0.2789486
-0.1674645 -0.6587834 0.2384702 0.6361822 0.7752869
-0.1790453 -0.6514286 0.2671304 0.605077 0.7440479
-0.2207783 -0.6659387 0.2911115 0.5183995 0.733214
-0.1099836 -0.6530414 0.8415449 0.5542164 0.3800843
-0.04924878 -0.5938298 1.211439 0.5575842 0.2262193
-0.09543298 -0.6608539 0.7887143 0.5822186 0.4060355
-0.1851976 -0.6661828 0.7453541 0.477697 0.4314718
-0.2103775 -0.6518115 0.8028944 0.4376941 0.3985065
0.1044258 -0.6552958 0.5735784 0.9136981 0.4997122
0.05327106 -0.6482353 0.3817329 0.946079 0.6223786
-0.2397735 -0.543815 1.277597 0.3577572 0.1828612
-0.221552 -0.637035 0.7696145 0.4281003 0.404922
-0.2213867 -0.6580549 0.2950519 0.5170453 0.7254057
-0.1645977 -0.6571606 0.2350013 0.643389 0.7776963
-0.2797863 -0.6566358 0.452414 0.3853538 0.6001744
-0.1945347 -0.661188 0.2693933 0.5737999 0.7486842
-0.06401902 -0.6584885 0.5658442 0.6848398 0.5145004
-0.04920611 -0.6219345 1.093265 0.5762625 0.2743759
-0.1544754 -0.6616831 0.7847078 0.510026 0.4101766
0.09300745 -0.6046265 1.065764 0.7331932 0.2709663
-0.01567107 -0.6480275 0.335611 0.8616262 0.6643161
-0.2016118 -0.6531298 0.3863318 0.5281498 0.6421072
-0.08203711 -0.6512738 0.3447344 0.7448829 0.6644633
-0.20401 -0.6540916 0.3901021 0.5230394 0.6398684
-0.2226317 -0.6537876 0.3085949 0.5115874 0.7106835
0.2144799 -0.4230382 1.44636 0.7817949 0.07801783
0.1039407 -0.6456571 0.4474633 0.9848783 0.5707866
-0.2794747 -0.6567351 0.3611131 0.3987538 0.6715739
-0.3308779 -0.658702 0.513858 0.297717 0.5623453
-0.2639271 -0.6577047 0.4804854 0.4070773 0.5798708
-0.1625871 -0.6583297 0.405383 0.5869465 0.6270856
-0.291206 -0.6567729 0.3730087 0.3764179 0.6626884
0.02831626 -0.6137825 1.229087 0.6286541 0.2318025
-0.3416409 -0.6625513 0.5148363 0.2810333 0.5646159
-0.2914079 -0.6605113 0.3605056 0.3778194 0.6752747
-0.2176184 -0.6551992 0.3454478 0.5108809 0.6783468
0.164082 -0.6527427 0.9923164 0.8191229 0.3189163
-0.3045358 -0.6581709 0.3867193 0.3515413 0.6533788
-0.2646976 -0.6585972 0.4420487 0.4115296 0.6077251
-0.3294424 -0.654976 0.5241049 0.2990859 0.5533515
-0.3366091 -0.6709534 0.5377658 0.2886447 0.5542019
0.1127141 -0.6431428 0.5301232 0.9518493 0.5170808
0.09449193 -0.674639 0.9605099 0.7514123 0.3425785
-0.3280098 -0.6570975 0.4089817 0.3088684 0.6369473
-0.1185374 -0.6850071 0.918293 0.5274513 0.3681647
-0.1168335 -0.6672494 0.8932557 0.5351233 0.3679128
0.08372819 -0.6663382 0.5462801 0.8950189 0.522398
-0.3953049 -0.5561397 1.606517 0.2009194 0.1220539
0.1020007 -0.6634356 1.075848 0.7294329 0.2995093
0.1124377 -0.6619586 1.051543 0.7467099 0.3059698
-0.03079826 -0.66984 0.7140831 0.6803362 0.4422984
-0.2371907 -0.5290539 1.667022 0.3376556 0.09792835
-0.2317821 -0.5192481 1.634661 0.343693 0.0981108
-0.3548638 -0.6690284 0.4274356 0.263346 0.6315311
0.05178431 -0.5486175 1.441239 0.6170619 0.1492032
-0.05216199 -0.6173542 1.183995 0.5574746 0.2463
-0.3335347 -0.5745285 1.201132 0.2640399 0.2205094
-0.2749736 -0.6691806 0.3406906 0.4099718 0.6954987
-0.2987943 -0.6562109 0.3842758 0.3617275 0.653769
-0.06105912 -0.6634889 0.6963207 0.6480972 0.4483541
-0.4123561 -0.6652231 0.5652993 0.1709741 0.538092
-0.2879696 -0.6584113 0.4873055 0.3679635 0.5772287
0.1522416 -0.5869365 1.193576 0.761079 0.2252873
-0.04125354 -0.6518334 0.5454469 0.7257057 0.521399
-0.3175415 -0.6161933 0.9924741 0.2908756 0.307696
0.1152237 -0.6077163 1.036515 0.7641089 0.2811961
0.07224607 -0.649707 0.5491794 0.883773 0.5119227
-0.3731568 -0.6624696 0.4542437 0.2312341 0.6091027
-0.1769338 -0.6491756 0.2717075 0.6077796 0.7381527
-0.2374656 -0.6545657 0.3063571 0.4850197 0.7146849
-0.1087557 -0.4726158 1.542939 0.4612938 0.08850843
-0.4362407 -0.6753532 0.6581947 0.1420198 0.4910577
-0.4430954 -0.6846561 0.6673421 0.1345325 0.4917161
-0.1071756 -0.4718935 1.30102 0.4925872 0.134508
-0.2163878 -0.6541668 0.8353958 0.4260017 0.3863308
-0.1490186 -0.6622522 0.5317535 0.5720509 0.5417666
0.1113422 -1.419447 0.3842843 0.789192 0.8800141
-0.4192646 -0.6666548 0.5006192 0.15709 0.5817507
-0.08445403 -0.650206 0.2484595 0.788608 0.7511457
-0.1603607 -0.4666424 1.352841 0.4320391 0.1203576
-0.1576422 -0.4523266 1.312256 0.4394703 0.1199775
-0.1459542 -0.6501218 0.3182955 0.646242 0.6923383
-0.08877163 -0.6506178 0.2597708 0.7745972 0.7407839
0.08909839 -1.149624 0.3963237 0.8209941 0.8088631
-0.2629133 -0.5009346 0.9494182 0.3543233 0.2493484
-0.3421463 -0.6717404 0.4043867 0.2862385 0.6499624
-0.4217939 -0.674669 0.4936535 0.1541939 0.591328
-0.2626375 -0.6715618 0.4401736 0.4150996 0.6162574
-0.4318116 -0.667731 0.5124093 0.1376928 0.5751486
-0.2521081 -0.6572889 0.4135964 0.4370775 0.6273242
-0.2583175 -0.6577097 0.4222065 0.4252324 0.6214997
-0.1087251 -0.6560788 0.5439633 0.6283965 0.528464
-0.1279531 -0.6517615 0.4117285 0.6423364 0.6159025
-0.1414252 -0.6661615 0.5916804 0.5673743 0.5081254
-0.121669 -0.6613293 0.5881449 0.5966359 0.5063615
-0.08667898 -0.6190958 1.138333 0.5297775 0.2602537
0.1428657 -1.40196 0.3834447 0.8232659 0.8745629
-0.2300177 -1.478655 0.4640684 0.440738 0.8707359
0.184315 -0.4297972 1.428838 0.7571913 0.08492529
-0.4788234 -0.6898352 0.7411349 0.09153521 0.4582189
-0.1356617 -0.5966512 1.185058 0.4737356 0.2355243
0.09903592 -0.6438104 1.261857 0.6849476 0.238564
0.08240092 -1.158505 0.4147564 0.8053589 0.8003909
-0.4040652 -0.6909572 0.4783885 0.1853792 0.60989
0.001850188 -0.6472448 0.3164206 0.9023383 0.6783964
-0.232047 -0.4616281 0.9683107 0.3912875 0.2156929
0.1580913 -0.6511556 0.5033954 1.026365 0.5350873
-0.03736737 -0.6529109 0.3844182 0.799154 0.6300916
0.1787427 -0.5439241 1.384 0.7443276 0.158054
0.153879 -0.5924919 1.155506 0.7721661 0.2382573
0.1488672 -1.430144 0.342487 0.8354596 0.9041653
-0.3632818 -0.5804354 1.299412 0.2322635 0.1990946
-0.3558412 -0.5670923 1.268837 0.2389166 0.198995
-0.2466585 -0.6054226 0.673364 0.4067825 0.4328076
-0.2018334 -1.415281 0.4723706 0.4685995 0.8506709
-0.3590879 -0.6295443 0.538627 0.2488876 0.5305923
-0.1677114 -1.447109 0.4983834 0.4969619 0.8411114
-0.1801954 -0.6693436 0.2495947 0.6058422 0.7708237
-0.317147 -0.6628759 0.524134 0.3189052 0.5571439
-0.07213967 -0.637955 0.2662146 0.8060094 0.7259915
-0.02443647 -0.5307671 1.39943 0.555662 0.1479967
-0.1257443 -0.6641922 0.3114085 0.681002 0.7040713
-0.1849765 -0.5736217 0.972609 0.4478579 0.2867714
-0.338968 -0.5805583 0.5188127 0.2766771 0.5112419
-0.5116006 -0.6737858 0.5919556 0.0219979 0.5323523
-0.183438 -0.6435983 0.3522862 0.5701298 0.6629322
-0.1378932 -0.6667342 0.6962445 0.5481485 0.453302
-0.13362 -0.6630648 0.5520518 0.5890305 0.5289985
0.3538233 -0.5130892 1.277745 0.9432474 0.1632193
0.4086588 -0.5832529 1.317445 0.9604022 0.192233
0.3763931 -0.5630492 1.232401 0.9668601 0.201095
-0.08146906 -0.4882551 1.448576 0.4973801 0.1144015
0.3766394 -0.5104294 1.287435 0.9616801 0.1595621
0.07382458 -0.6558136 0.4650939 0.9264462 0.5668636
-0.2503183 -0.6433811 0.8400397 0.3834535 0.3792386
-0.3445671 -0.5736748 0.5243319 0.2662529 0.5033708
-0.233558 -0.6350975 0.7932387 0.4096557 0.3937383
-0.4461709 -0.6842544 0.5145831 0.1184125 0.5840188
-0.3543119 -0.6622925 0.2823664 0.2685402 0.7545038
-0.4971249 -0.6761171 0.5793127 0.04327321 0.5406384
-0.1375315 -0.6343807 0.2321062 0.7025003 0.7656101
-0.3167144 -0.6646078 0.4165978 0.3281234 0.6343255
-0.3109571 -0.6757354 0.3693345 0.3430976 0.6779513
-0.02941188 -0.6631854 0.3160622 0.843448 0.6902644
0.122359 -0.6426426 1.04662 0.7617778 0.2970796
-0.153152 -0.6600662 0.306021 0.6360235 0.7093871
0.3639894 -0.5008631 1.303936 0.9466787 0.1506633
0.04109636 -0.6757925 1.201874 0.6393219 0.2708784
-0.8430678 -1.278987 1.432841 -0.07922405 0.4612363
-0.4097176 -0.6511164 0.6167817 0.1746064 0.4988347
-0.188359 -0.6522081 0.7999951 0.4656984 0.3992779
-0.3681487 -0.5327963 1.137637 0.222398 0.2132012
-0.1142742 -0.6185009 1.069015 0.5116847 0.2807284
-0.3705984 -0.5754436 1.26633 0.2242514 0.2044744
-0.3885152 -1.453958 0.3608484 0.2884315 0.9391527
0.2135545 -0.5939121 1.114243 0.8434888 0.2496114
0.4375442 -0.5815494 1.367634 0.968778 0.1804594
0.3961326 -0.5875164 1.330713 0.9438626 0.1915902
0.4276545 -0.4887761 1.652332 0.8944312 0.08199596
0.3730354 -0.6645941 1.082938 0.9905442 0.2937589
-0.1011857 -0.4892243 1.426603 0.4813657 0.1191193
0.3801072 -0.4042173 1.360904 0.9676993 0.08267844
-0.1204305 -0.6716753 0.4480042 0.6381804 0.6003376
-0.2365405 -0.5717242 0.9363499 0.3900429 0.2991331
-0.3689979 -0.5532694 1.133271 0.2235584 0.2269642
-0.4542143 -0.6818994 0.5475281 0.1080498 0.5614406
-0.3076105 -0.6643071 0.2603161 0.3612219 0.7723832
-0.3282143 -0.6758351 0.2781844 0.320394 0.7626553
-0.2999482 -0.658005 0.2585227 0.3761575 0.7700749
-0.1634013 -0.6805574 0.3591858 0.5963482 0.6757064
-0.2386694 -0.6710603 0.3321675 0.4757712 0.7004577
-0.3278314 -0.4561253 0.5273054 0.2819506 0.4134802
-0.1042068 -0.6777453 0.5602968 0.6264826 0.5307581
0.2465137 -0.6131709 1.12581 0.8676326 0.2565091
0.1731688 -0.5809898 1.209975 0.7779425 0.2177203
-0.1897173 -0.4607852 1.343462 0.4029652 0.1186578
-0.3210773 -0.6747888 0.3211298 0.3296953 0.7205048
-0.2967193 -0.6914375 1.011958 0.3181455 0.3423308
-0.1986197 -0.6738287 0.9611789 0.4315628 0.3484765
-0.2438701 -0.6654508 0.3781322 0.4573759 0.6591529
-0.3062309 -0.6680758 0.2744734 0.3622008 0.7598603
-0.3086151 -0.6754646 0.5113313 0.3339305 0.572162
-0.2143331 -0.5253853 1.644062 0.3586049 0.0998503
-0.36351 -0.678 0.4865976 0.2488179 0.5940454
-0.195681 -0.672071 0.3105366 0.5572063 0.7159592
0.02862048 -0.616468 1.26062 0.6224489 0.2253274
0.4226409 -0.5761468 1.271289 0.991083 0.1987925
0.09263283 -0.5494061 1.023477 0.7554139 0.2517596
0.3936246 -0.4303341 1.449308 0.9417211 0.08270949
0.05677825 -1.478012 0.3131495 0.7450843 0.9381856
0.1353108 -1.46613 0.4022012 0.797772 0.8776948
-0.1076523 -0.6693437 0.3155262 0.7091388 0.7014381
-0.160532 -0.6709899 0.2600089 0.6378833 0.759077
-0.04035416 -0.6658398 0.4035949 0.7813185 0.6231247
-0.1486903 -0.4596047 1.615536 0.4181859 0.06909955
-0.2626952 -0.5843651 0.9736871 0.3553532 0.2942762
-0.2587516 -0.4929582 1.000686 0.3551717 0.2271774
-0.3912188 -0.5531828 1.617528 0.2044417 0.1185568
-0.2407884 -0.5525309 1.344074 0.3526433 0.1724571
-0.2705807 -0.53948 1.101052 0.3357012 0.2268382
-0.2791469 -0.5709797 1.204491 0.3218324 0.2171182
-0.2649392 -0.6606623 0.9830419 0.3543512 0.3350457
-0.2168087 -1.475687 0.4734592 0.4524091 0.8640281
-0.3647438 -0.6322364 0.5616614 0.239959 0.518017
-0.3518747 -0.6293203 0.5491998 0.2601089 0.5232967
-0.174312 -0.6106138 0.9432883 0.4633246 0.3187698
-0.3716676 -0.6801769 0.4782208 0.2360699 0.6017076
-0.2616709 -0.6929483 0.3311679 0.4346834 0.7150254
-0.08364831 -0.4406982 1.307265 0.5176269 0.1138891
-0.08064379 -0.6022081 0.9748472 0.5666161 0.3011305
-0.02755901 -0.5585264 1.373705 0.554783 0.168606
-0.8560402 -1.113083 1.467503 -0.1170198 0.3977481
-0.2589029 -0.686105 0.8525838 0.3725138 0.3983198
-0.4608456 -0.6722118 0.3834762 0.07612133 0.6778184
-0.2585814 -0.6113182 0.9247059 0.3649889 0.3277158
-0.4509816 -0.6793178 0.3728967 0.09473541 0.6898054
-0.4840798 -0.7011824 0.8236113 0.09407751 0.4262549
0.4895216 -0.5610106 1.473067 0.9822986 0.1490561
0.1610192 -0.663157 1.003641 0.8100417 0.3208325
-0.1760952 -0.6849267 0.5862912 0.5180725 0.523537
-0.07663304 -0.6595279 0.2772123 0.7841714 0.7276308
-0.3335029 -0.6815159 0.3082802 0.308524 0.7371771
-0.1295215 -0.5731399 1.10297 0.4924802 0.2449288
-0.1407415 -0.7004392 0.8959054 0.5050864 0.3854135
0.1621284 -0.6743891 0.5116868 1.016472 0.5428406
-0.006814063 -0.6619592 0.341869 0.8671534 0.6660551
-0.3425404 -0.5548201 0.5340288 0.2671278 0.4841554
-0.3240655 -0.6818783 0.4501886 0.3145298 0.6192794
-0.1408562 -1.448961 0.4432275 0.5301908 0.8701369
-0.834488 -1.103961 1.50827 -0.09632564 0.383653
-0.2551292 -0.6799703 0.4517411 0.4252615 0.6119843
