-0.01886561 0.01573639 -0.003436042 
0.99946 1
0.99946 0
0.0005400776 1
0.0005400777 0
14
0.03682712 -0.5680862 1.186466 0.5830741 0.245657
-0.09295939 -0.4229327 1.258789 0.443272 0.1322673
0.194029 -0.5081149 1.116222 0.7760257 0.233161
0.05859046 -0.6142657 0.4824625 0.6353651 0.6136491
-0.1951871 -0.6032923 0.7875535 0.2664107 0.4106139
0.009077528 -0.5923663 0.3510443 0.5498194 0.7170153
0.02328545 -0.5233113 1.23829 0.5704523 0.2042971
-0.1630786 -0.616169 0.2462253 0.1636213 0.8426589
-0.1269773 -0.6196269 0.8347291 0.368333 0.4003655
-0.146139 -0.6107358 0.2915908 0.2172439 0.7858193
-0.3195035 -0.6434749 0.4939678 -0.01068151 0.6095264
-0.2037284 -0.5037322 0.8573536 0.2551356 0.312808
0.3844047 -0.5201169 1.195493 0.9783018 0.2217128
-0.1417345 -0.5997026 0.2812365 0.2200231 0.7919739
