-0.1238429 0.003193624 0.03970429 
0.99946 1
0.99946 0
0.0005400776 1
0.0005400777 0
322
-0.0205875 -0.6372662 1.205148 0.4268664 0.2686864
-0.2176611 -0.4999628 1.3146 0.1871755 0.1630996
-0.268177 -0.4771261 1.35052 0.1260456 0.1410598
-0.2582315 -0.5129163 1.630157 0.1534565 0.1029378
-0.2469949 -0.455706 1.635026 0.1548689 0.06806135
-0.1615071 -0.4390413 1.584479 0.2377794 0.06478328
-0.2071888 -0.4371714 1.628889 0.1914058 0.05688143
-0.1812709 -0.4630576 1.346196 0.222528 0.130012
-0.2836038 -0.6572319 0.8701241 0.1239202 0.4227176
-0.1584623 -0.4719441 1.313248 0.25046 0.1431388
-0.2615348 -0.6511314 0.8220774 0.1507272 0.4413412
-0.268389 -0.4447763 0.9848316 0.09449569 0.2283162
-0.02666841 -0.6338038 1.211728 0.4193854 0.2650025
-0.2846594 -0.6370358 0.9232513 0.1204184 0.3861894
-0.2546865 -0.5602357 0.9332772 0.1425842 0.3314011
-0.2505601 -0.6474252 0.7918996 0.1644091 0.454023
-0.1457066 -0.6752726 0.9109402 0.3099996 0.4052161
-0.1037955 -0.6400872 1.141479 0.3409256 0.2942181
-0.2456852 -0.649729 0.8400909 0.1732908 0.4303048
0.1276359 -0.5889437 1.230168 0.5827511 0.2275919
-0.2708009 -0.5561379 0.9341716 0.1189375 0.3292553
0.0007425025 -0.6186746 1.274832 0.4406711 0.2370443
-0.0733054 -0.5632113 1.312612 0.3552051 0.1975242
-0.04366543 -0.5777832 1.319426 0.3872363 0.2032312
0.07649833 -0.6030824 1.078309 0.5558338 0.2853371
0.07531551 -0.598574 1.072143 0.555875 0.2847881
-0.07453257 -0.6078203 1.234001 0.3635975 0.2455486
0.001377292 -0.5454618 1.472557 0.4167154 0.1464381
-0.2686465 -0.5456527 1.290462 0.1372912 0.2000905
0.05025098 -0.6280028 1.335632 0.4838439 0.2239286
-0.1898205 -0.6739901 0.867327 0.2541708 0.4273964
0.09173915 -0.6204683 1.057898 0.5771075 0.3019927
0.1200755 -0.6699211 1.023944 0.6144744 0.3411587
-0.2145923 -0.6619042 0.9754586 0.2182526 0.374078
0.07240736 -0.6297081 1.083771 0.5491096 0.2993691
-0.2645907 -0.5652378 0.9339795 0.1300417 0.3350174
-0.2642721 -0.5642818 0.9332315 0.130198 0.3346872
0.3834947 -0.5937906 1.328117 0.8186308 0.1952063
0.3946433 -0.5784964 1.342464 0.8276972 0.1827343
0.3590866 -0.5902237 1.317364 0.7985098 0.1966968
0.1892659 -0.619656 1.192619 0.6547109 0.2537021
0.103319 -0.5971417 1.043215 0.5953039 0.292615
0.1748936 -0.583941 1.091776 0.6678729 0.2646763
-0.2083926 -0.6649746 0.9730986 0.226612 0.3764535
0.1525486 -0.6052805 1.189035 0.6173311 0.2480242
0.4258775 -0.5775726 1.365056 0.8509954 0.175856
0.3725526 -0.6002339 1.296486 0.8165244 0.2071303
0.4310393 -0.5692785 1.410008 0.8433013 0.1608187
-0.02706399 -0.6496481 1.181709 0.4230571 0.283139
0.114397 -0.6586528 1.026453 0.6081497 0.3341947
-0.04311831 -0.6768752 0.9152594 0.4397457 0.397822
0.4180853 -0.5327814 1.381141 0.8465096 0.1467004
-0.2169911 -0.6515758 0.8070108 0.2136722 0.4460755
-0.1517193 -0.6704791 0.6404442 0.3206881 0.548311
0.3703133 -0.5673655 1.23514 0.8400208 0.2042994
0.3933334 -0.5711293 1.267211 0.852117 0.1972585
-0.2185243 -0.6614728 0.8025486 0.2135291 0.4543467
-0.1250134 -0.6737111 0.8080319 0.3451315 0.4517775
-0.1320738 -0.6666561 0.9202366 0.3258201 0.3953343
0.3716733 -0.5752841 1.251792 0.8343646 0.2044834
0.4006158 -0.571641 1.232448 0.8714839 0.2064236
0.003694169 -0.6261177 1.261421 0.4456362 0.2448838
0.3579599 -0.5174343 1.328167 0.8060237 0.1514742
-0.2303593 -0.4635831 1.34695 0.1664945 0.1317675
0.4981 -0.5771876 1.284528 0.9495443 0.192696
-0.07928225 -0.6541737 1.169997 0.3672316 0.2917085
0.5078655 -0.4613037 1.395044 0.945164 0.09780836
0.4812766 -0.578324 1.274437 0.9364128 0.1964762
0.5035599 -0.5839776 1.343344 0.9315229 0.1820477
0.3728815 -0.5982559 1.187651 0.8529303 0.2354231
0.4755449 -0.580835 1.31201 0.916392 0.1887442
-0.08963909 -0.6703182 0.5834357 0.4259614 0.5806597
0.06454924 -0.586077 1.088882 0.5403023 0.2720369
0.06425782 -0.670368 0.6480685 0.645825 0.523838
-0.08722097 -0.6724216 0.7143176 0.4091522 0.4986563
0.01252389 -0.6747163 0.8695362 0.5179037 0.4133948
0.491892 -0.5823278 1.3765 0.9091592 0.1737772
0.4884166 -0.5786375 1.368943 0.9092445 0.1735643
0.05042659 -0.6709415 0.6293371 0.6312957 0.5370508
0.1961265 -0.4376638 1.477342 0.611988 0.07491457
0.03274581 -0.6708797 0.6079935 0.6113226 0.5523821
0.3511503 -0.6037704 1.205368 0.8232509 0.2344205
0.05267404 -0.6394424 1.275504 0.4949341 0.2463752
0.324495 -0.662356 1.17387 0.7956612 0.2773829
0.4432043 -0.5740828 1.249915 0.9082578 0.2016846
-0.01637366 -0.666023 0.4669739 0.5764584 0.6593523
0.05795723 -0.6673322 0.5643033 0.6655135 0.5774361
0.1509709 -0.6696106 0.7027963 0.7503844 0.4842677
-0.002461091 -0.66558 0.4984339 0.5901313 0.6318612
0.006728485 -0.6666528 0.5109365 0.6013339 0.6216603
-0.06480964 -0.6645084 0.4147851 0.5054255 0.7108907
-0.1975197 -0.4494316 1.600919 0.2027921 0.06912768
-0.07632906 -0.6473678 1.137055 0.3729534 0.2985352
0.06555292 -0.6065055 1.454452 0.482736 0.1825927
0.1003756 -0.6674467 0.6206034 0.7094474 0.5360116
0.3815517 -0.6562056 1.133682 0.8690983 0.2838889
0.3816575 -0.6565798 1.134663 0.8687826 0.283785
0.003688343 -0.6680859 0.5506901 0.5836492 0.5931045
-0.05975704 -0.5455193 1.347492 0.3655913 0.1775631
-0.08008937 -0.6645461 0.3961776 0.4818686 0.7307364
0.337439 -0.5041277 1.334195 0.7853345 0.1425742
0.3361806 -0.5023075 1.330651 0.7854077 0.1423074
0.1660562 -0.5559948 1.222736 0.6278944 0.2085444
0.3771576 -0.5923709 1.192427 0.8569235 0.2304764
0.3734918 -0.6690948 0.9945742 0.9102383 0.3383461
0.04238087 -0.6664318 0.4715424 0.6757742 0.6487445
-0.2792529 -0.4864874 0.9689792 0.08971915 0.2665148
0.02126534 -0.5705046 1.457351 0.4388081 0.1634408
0.02128887 -0.5700312 1.45768 0.4387805 0.1631001
-0.1171708 -0.6149628 1.146407 0.3228697 0.2786968
0.4162285 -0.6204159 1.078595 0.935317 0.2796484
-0.2901952 -0.6721816 0.8438123 0.1171617 0.444766
-0.3051042 -0.6672965 0.8601063 0.09640291 0.4349378
-0.01513787 -0.6651132 0.3962548 0.6031 0.7218748
0.06958148 -0.6225988 1.093123 0.5442783 0.2921845
-0.09329003 -0.6005738 1.296605 0.3380479 0.2243552
-0.137152 -0.6441479 1.119222 0.3045955 0.3056113
0.2974244 -0.6793106 1.030154 0.8105698 0.3350241
0.5019701 -0.5794799 1.192292 0.9897754 0.2181355
0.4782086 -0.584346 1.156214 0.97888 0.2321249
0.4963316 -0.5652745 1.191398 0.9882432 0.2101853
0.07338759 -0.6598137 1.288237 0.5140413 0.2530556
0.4841897 -0.5853668 1.35488 0.9086556 0.180732
0.4886528 -0.582781 1.182249 0.9792938 0.2233808
0.09294736 -0.6653471 0.5523036 0.7256126 0.5811768
-0.03184778 -0.6694644 0.4423687 0.5568458 0.6842663
0.1453055 -0.6719459 0.6766141 0.7521849 0.5008795
0.1064552 -0.675865 0.6236786 0.7158619 0.5383607
-0.249677 -0.6570855 0.8166217 0.1687505 0.4467941
0.02974971 -0.6662 0.4011326 0.6832343 0.711707
0.07040329 -0.6725072 0.6509479 0.6536434 0.5227751
0.5237664 -0.5661092 1.232308 0.9989852 0.1987111
-0.05904649 -0.5645316 1.33655 0.3685923 0.1915892
-0.1707302 -0.4754013 1.36394 0.2361336 0.1335626
-0.2399952 -0.6732484 0.9276936 0.1877502 0.4025789
0.213336 -0.566854 1.218429 0.6791335 0.214476
0.4335927 -0.6550547 1.012843 0.9727928 0.3208693
0.2068363 -0.6318067 1.110032 0.6935928 0.2855181
0.04928055 -0.6689853 0.4720148 0.6868755 0.6489617
0.09604782 -0.6653103 0.5590822 0.7276754 0.5760831
0.01360983 -0.6576254 0.3212603 0.6911432 0.7904003
0.1036115 -0.6631739 0.6363509 0.7090042 0.5233896
0.003348425 -0.6679841 0.4132074 0.6301653 0.7050461
0.01742949 -0.6381096 1.32874 0.4518127 0.2324579
-0.254028 -0.6553665 0.8890623 0.1645111 0.4106737
-0.3112805 -0.6684301 0.9934777 0.09828997 0.3760297
-0.1015981 -0.6359245 1.162139 0.3415174 0.2849813
-0.3106532 -0.6531768 0.8631752 0.08497548 0.425554
0.01739693 -0.6392457 1.238501 0.4633454 0.2582554
0.3396971 -0.588586 1.392596 0.7585728 0.1783531
0.07176171 -0.7014218 1.00011 0.5625272 0.3700413
-0.1752296 -0.6320912 0.6428691 0.2771523 0.5261289
-0.0803114 -0.6356966 1.187103 0.3632638 0.2759565
-0.209189 -0.6331243 0.6701306 0.222177 0.5123883
-0.2309033 -0.510281 0.98717 0.165769 0.2738423
0.1762931 -0.6661808 0.6617136 0.8035735 0.5036129
0.07890014 -0.669513 0.5432952 0.7063109 0.5914186
0.1443433 -0.6768923 1.025583 0.6411914 0.3431683
-0.04391266 -0.6051181 1.281055 0.392203 0.2293547
-0.2565266 -0.4865299 1.687368 0.1522337 0.07736444
-0.04105042 -0.5603713 1.383724 0.3830752 0.1767956
0.08344369 -0.6653636 0.4655741 0.7483156 0.6481633
0.04562524 -0.6663057 0.5341526 0.6570395 0.5997313
0.1239953 -0.6649801 0.5174875 0.7907001 0.6029204
0.4569696 -0.5834765 1.149582 0.959447 0.2343944
0.5039007 -0.5735923 1.164364 1.005431 0.2223932
0.5192064 -0.5736758 1.162664 1.022216 0.2223237
0.5047404 -0.5746638 1.145038 1.014542 0.2285401
0.488751 -0.5598229 1.116364 1.014841 0.2286188
0.3760856 -0.6620481 1.002176 0.9117988 0.3315074
0.4335623 -0.6235996 1.028123 0.9750204 0.2975144
0.3641135 -0.5623536 1.322022 0.8066202 0.1794287
0.4483178 -0.5816796 1.182463 0.9374777 0.224244
0.1964719 -0.6721395 0.6687239 0.8275926 0.5013075
-0.275546 -0.4504871 0.9731236 0.08461142 0.23757
-0.2470782 -0.6724268 0.9138392 0.1781153 0.4087536
-0.29742 -0.5454341 0.985526 0.0827159 0.3023445
-0.0994774 -0.6490007 1.145486 0.3462974 0.297736
-0.2503472 -0.6625833 0.6617529 0.1641153 0.5391307
-0.256737 -0.6653803 0.5132875 0.1475645 0.6494721
0.223053 -0.6147495 1.1224 0.7100645 0.270973
0.003537312 -0.6727708 0.9732347 0.4878769 0.3685822
0.3477406 -0.4631178 1.336509 0.8020641 0.1158859
0.4353638 -0.5556526 1.408354 0.8503422 0.1533697
0.03057835 -0.6658881 0.3975941 0.6863568 0.714736
-0.2319521 -0.5536292 0.9544166 0.1733726 0.3167485
0.3449075 -0.5179486 1.327314 0.7928739 0.1524037
0.4117958 -0.6275538 1.125546 0.9101754 0.2690877
-0.3068691 -0.5708008 0.9818629 0.07676354 0.3211284
-0.2390051 -0.655279 0.6454778 0.1797338 0.5443838
-0.1138479 -0.6649787 0.3503628 0.4273973 0.782689
0.3216767 -0.6723772 0.8657624 0.9033617 0.3942606
-0.221577 -0.6489642 0.6387457 0.2060808 0.543435
0.08432055 -0.6632674 0.4690701 0.7486428 0.6440333
-0.2295813 -0.6516526 0.6727347 0.1942731 0.5237842
0.1676167 -0.6670692 0.5781694 0.8289567 0.5570539
0.1237462 -0.6136387 1.212414 0.5809704 0.247131
0.425004 -0.5747986 1.2273 0.8978075 0.2087557
0.3420322 -0.6749691 1.051107 0.852769 0.3230857
-0.2411357 -0.5160049 0.9624453 0.151908 0.2882068
-0.1225866 -0.6435058 1.134693 0.3203352 0.2993066
-0.229491 -0.6492902 0.6958835 0.1941399 0.5080224
0.289412 -0.6553212 1.147694 0.7683588 0.2830577
0.1596568 -0.6755776 1.010015 0.6627352 0.3474035
0.2006402 -0.6835207 0.9475256 0.7270098 0.373706
0.1619008 -0.6641124 0.8107283 0.7268012 0.424777
0.04883623 -0.6714296 0.462856 0.6894949 0.6578927
0.06509669 -0.6851689 0.5526689 0.678388 0.594958
0.1131847 -0.6728125 0.6919845 0.7009785 0.4952223
0.08591297 -0.6164214 1.186883 0.5450222 0.2578836
-0.03902808 -0.6739171 0.3560812 0.5717788 0.7696872
-0.2862243 -0.6628888 0.6884887 0.1095154 0.5256423
0.6191213 -0.5613073 1.350524 1.044498 0.1639024
-0.1954435 -0.6694749 0.573908 0.2543847 0.5979263
-0.2182824 -0.5497949 0.9929107 0.1918853 0.2979424
0.009367891 -0.6649415 0.3645417 0.6616652 0.7493246
-0.1592886 -0.6682884 0.6453415 0.3082043 0.5445787
-0.14238 -0.598691 1.115888 0.2932619 0.280345
-0.1380274 -0.6717694 0.6776054 0.3384514 0.5243651
-0.244654 -0.5397887 1.328605 0.1643512 0.1853973
0.1442359 -0.6059208 1.05597 0.6396471 0.2914517
-0.1388532 -0.468985 1.364169 0.2708392 0.1283278
0.1169264 -0.6625481 1.344608 0.5481206 0.2376819
0.01668218 -0.655731 0.3266058 0.6950053 0.7831197
0.0501861 -0.6704444 0.5712057 0.6504449 0.5752009
0.006054595 -0.6273083 1.328983 0.4399761 0.226912
-0.2507876 -0.5482147 0.9962388 0.1477836 0.2973735
-0.2201158 -0.6031945 0.9897304 0.2002171 0.3335565
-0.08530369 -0.4753627 1.344924 0.3322015 0.1352919
-0.2307213 -0.6311731 0.6875024 0.1876977 0.5022773
-0.2305184 -0.6322023 0.688576 0.188291 0.5022301
-0.2510319 -0.6692724 0.5276673 0.1595361 0.6393099
0.1651919 -0.6778859 0.7486212 0.7509231 0.4633624
-0.03732632 -0.6288396 1.269098 0.401641 0.2458454
0.5101549 -0.6759034 1.019519 1.046468 0.326337
0.4306012 -0.7030839 0.8443807 1.033828 0.4139085
-0.253714 -0.6710507 0.5993612 0.1585813 0.5865516
-0.1395037 -0.6666572 0.3189856 0.3817455 0.8224765
-0.2904835 -0.5450146 0.9541591 0.08959747 0.3144789
0.1650851 -0.445966 1.463037 0.5828173 0.08373278
-0.2433337 -0.6628667 0.5360092 0.1714224 0.62819
-0.2604846 -0.4559334 1.005705 0.1108609 0.228709
0.05775896 -0.6722056 0.5540332 0.6682727 0.5874635
-0.2372796 -0.663784 0.3246995 0.1759572 0.8310699
-0.1968449 -0.6707428 0.3747768 0.2604414 0.7725689
-0.2501587 -0.648227 0.7108797 0.1624094 0.5001277
0.3482679 -0.4338422 1.311794 0.8159366 0.1020538
-0.2024982 -0.6714735 0.3755228 0.2493987 0.7730169
-0.2272658 -0.6703539 0.9676135 0.2038253 0.3829334
0.1763498 -0.6792749 0.5711904 0.842201 0.5678386
-0.1663126 -0.6470567 0.6505402 0.2935013 0.5293866
0.2175418 -0.6777093 0.6177124 0.8802708 0.5331666
-0.1859753 -0.6616407 0.6544291 0.2649556 0.5373335
-0.2583213 -0.6603919 0.9701605 0.1624576 0.3780035
-0.2445772 -0.6551411 0.3546769 0.1589126 0.7938594
0.3403392 -0.4650338 1.637782 0.7123953 0.05992615
0.597531 -0.4655719 1.357216 1.048547 0.1057855
0.5299647 -0.6611363 1.031813 1.066602 0.3129964
0.3728461 -0.704034 1.183784 0.8341264 0.2944102
0.01808129 -0.6682828 0.5276948 0.6143161 0.6085991
-0.2961066 -0.6378703 0.9753044 0.1087385 0.3649009
-0.2563651 -0.6547838 0.6829337 0.1534185 0.5216584
-0.2518892 -0.6668551 0.3181908 0.1455853 0.842724
-0.222961 -0.6544842 0.7095038 0.2054589 0.5023524
0.3180834 -0.5931011 1.204756 0.7907952 0.2297311
0.2296028 -0.5847378 1.248141 0.6869069 0.2162337
-0.199508 -0.6796813 1.279068 0.2355172 0.2771682
0.4301004 -0.633258 1.034415 0.9656861 0.3011258
0.4989809 -0.5642485 1.209591 0.983624 0.2045368
0.03840469 -0.6716544 0.5271634 0.6471816 0.6087081
0.5451467 -0.6063775 1.089297 1.07334 0.2623557
0.5824346 -0.5554166 1.164395 1.093492 0.2084191
0.583803 -0.5561119 1.166319 1.093748 0.2082555
0.1385233 -0.6820003 1.031297 0.6327713 0.3441902
0.307292 -0.73401 1.34429 0.7228688 0.2669154
-0.1458398 -0.6663132 0.3106742 0.3699711 0.8330328
-0.2801277 -0.5052411 0.9802502 0.09488803 0.2756689
0.02226919 -0.6695302 0.3835057 0.6766828 0.7312025
-0.1985921 -0.537347 1.312927 0.2150043 0.1863495
-0.1735099 -0.6647578 0.3226645 0.3104078 0.8230582
0.345334 -0.4398822 1.545248 0.7427613 0.06040084
-0.1004 -0.6680272 0.3700399 0.449558 0.7615595
-0.1766945 -0.5509905 1.188012 0.2435615 0.2293617
-0.1271555 -0.5988395 1.225648 0.3052465 0.2449592
-0.1744799 -0.6764185 0.3194774 0.3110258 0.8323689
0.3300273 -0.6643869 1.200718 0.792748 0.2702672
0.3196485 -0.6567989 1.085367 0.8201983 0.3025235
0.04768553 -1.167522 0.4027017 0.6439427 0.8893654
-0.0117517 -0.6650498 0.4859131 0.5784305 0.6426581
0.08066525 -0.6716378 0.5913345 0.6900663 0.5592557
-0.2748995 -0.6807411 0.8469426 0.1405575 0.447028
-0.2727842 -0.674283 0.8389821 0.1414925 0.447148
-0.2896947 -0.628293 0.7071956 0.09481812 0.4936244
-0.2505849 -0.6680983 0.3094253 0.1482728 0.8536007
-0.2819949 -0.6608093 0.5135722 0.1008393 0.6496954
-0.1427303 -0.6460443 0.689936 0.3269154 0.5021366
0.3311843 -0.6727962 1.03387 0.8476161 0.3284359
0.349893 -0.6545869 1.119692 0.8411456 0.2887868
-0.1415571 -0.6724301 0.3219568 0.3777214 0.8221531
0.5487103 -0.5662238 1.111689 1.079841 0.231447
0.4948283 -0.6644523 1.018908 1.033938 0.3209825
-0.2155 -0.6126642 1.063373 0.2081355 0.310861
-0.1776601 -0.5509629 1.517623 0.2372931 0.1451138
0.5981593 -0.5618498 1.197742 1.09154 0.2026167
0.5964313 -0.5600392 1.194899 1.091727 0.2023621
0.5240023 -0.5567678 1.207501 1.012455 0.1997072
-0.1561071 -0.669519 0.2994794 0.3506444 0.8495723
-0.2574708 -0.6562403 0.628581 0.1495449 0.5580449
-0.273508 -0.6730402 0.9698217 0.1459178 0.3862954
0.55782 -0.6558315 1.049945 1.089158 0.3026387
-0.2261673 -0.682251 0.6604636 0.2066648 0.5490328
0.6502669 -0.6224657 1.442872 1.0203 0.1757878
-0.1881725 -0.6689544 0.3187073 0.2810497 0.8321126
-0.1888694 -0.6751455 0.3213069 0.2808313 0.8320959
0.1833536 -0.6568858 0.7404875 0.7825825 0.4540626
0.05624546 -0.6426761 1.198683 0.5105296 0.2704114
-0.07114819 -0.6704345 0.3996393 0.4977524 0.7292345
0.5947901 -0.5432148 1.335467 1.032596 0.1576697
0.3333549 -0.6743932 0.8990732 0.9024724 0.3806413
-0.2566195 -0.6780896 0.9610187 0.1681453 0.3918737
-0.09264061 -0.667494 0.379164 0.4623252 0.7508806
0.04522516 -1.199108 0.400316 0.6386453 0.8989429
