0.4209857 0.1050733 -0.1530648 
0.99946 1
0.99946 0
0.0005400776 1
0.0005400777 0
398
0.5600053 -0.6058894 0.5289961 -0.01766771 0.613286
0.493776 -0.601317 0.4559639 -0.06935781 0.679931
0.5709125 -0.478025 0.5231767 -0.04636198 0.5334289
0.5021123 -0.5975971 0.3512579 0.01995817 0.7388942
0.5008466 -0.5992135 0.3681183 0.005234033 0.7293419
0.4984798 -0.5972728 0.3852814 -0.01256394 0.7184739
0.4980154 -0.6004199 0.4049285 -0.02672815 0.7080514
0.5069438 -0.5964589 0.2884136 0.08016804 0.7792709
0.5050968 -0.5969418 0.3123498 0.05661878 0.7635047
0.5039394 -0.5991 0.3362508 0.03563508 0.7487928
0.8933772 -0.501125 0.8438668 0.1582885 0.3411615
0.5093862 -0.5945516 0.2532248 0.1154327 0.8029965
0.5026615 -0.6065412 0.2474016 0.1133915 0.81811
0.8909807 -0.5251763 0.844259 0.1598423 0.355328
0.6051285 -0.3899898 0.5328245 -0.03516245 0.451947
0.610788 -0.3628539 0.5546924 -0.05368864 0.4188452
0.5401984 -0.5969571 0.3149719 0.111208 0.7412958
0.5054872 -0.5985827 0.3351274 0.03889674 0.7483869
0.5127387 -0.592433 0.2071251 0.1649916 0.8361776
0.8624756 -0.5935138 0.6847225 0.2402391 0.4453656
0.822227 -0.5811704 0.6421918 0.2243848 0.4633579
0.898124 -0.4794832 0.8131614 0.1779686 0.3352767
0.5115505 -0.5971547 0.2339771 0.1380798 0.8178705
0.8979378 -0.5015038 0.8107594 0.1829467 0.3489411
0.8872572 -0.5532182 0.862 0.150777 0.3671299
0.5085947 -0.5973644 0.2917337 0.0803211 0.7763319
0.4990957 -0.6146268 0.2829882 0.07818139 0.7976326
0.5703145 -0.5946157 0.2405054 0.2268003 0.774141
0.5707796 -0.5958852 0.2407763 0.2275392 0.7743418
1.002919 -0.5286353 0.7872795 0.3036945 0.3484192
0.5156599 -0.5935615 0.1923431 0.1853313 0.8469421
1.156407 -0.4757955 1.053077 0.2760819 0.2384313
0.9110663 -0.4967225 0.7509794 0.2334937 0.3592069
0.4965813 -0.5998219 0.4223137 -0.04192382 0.6977609
0.5819194 -0.6011872 0.3388765 0.1557567 0.7055336
0.8321152 -0.6007557 0.7153741 0.1903331 0.4475592
0.885451 -0.4897364 0.809334 0.1688863 0.345077
0.5136977 -0.5960716 0.2324141 0.142882 0.8171058
0.8952922 -0.5498745 0.8630837 0.1575235 0.3633314
0.9542043 -0.429915 0.785007 0.2464062 0.3004417
0.8986394 -0.594624 0.7903441 0.2103912 0.4059966
0.9313817 -0.4565835 0.9817374 0.1103288 0.2760635
0.5191979 -0.5966429 0.1877503 0.1969564 0.8498365
0.5934836 -0.5953187 0.2158184 0.2877051 0.7781951
0.9603658 -0.4565127 0.7663823 0.2684211 0.3203192
0.5675783 -0.6014503 0.5190389 -0.001857281 0.6125948
0.9383821 -0.5262694 0.7067729 0.294237 0.3824926
1.217279 -0.5750839 0.8358039 0.4562658 0.3219265
1.07916 -0.4791639 1.157558 0.158565 0.2330512
1.19102 -0.4385629 1.014895 0.3224984 0.2199557
1.221412 -0.560239 0.840356 0.4564416 0.3127491
0.4930321 -0.6100114 0.3839637 -0.01524711 0.7291999
0.8466865 -0.5884181 0.6546675 0.2430845 0.4564413
0.8258095 -0.6083885 0.5890714 0.26879 0.4957762
0.508191 -0.5945083 0.2694477 0.09851393 0.7914555
0.8278388 -0.6061169 0.7328982 0.1759298 0.4460728
0.8281354 -0.607388 0.7335817 0.1760352 0.4464617
1.304609 -0.4086783 0.9456542 0.4529233 0.1996697
1.324872 -0.5452023 0.897067 0.498226 0.277789
0.9378361 -0.3950911 0.7892398 0.2214826 0.2802745
1.329461 -0.5169727 0.9104904 0.4935322 0.2604171
0.5926726 -0.3702199 0.5234554 -0.0576157 0.445482
1.334209 -0.5056662 0.9350277 0.4820457 0.2496744
1.299237 -0.5005539 0.9175305 0.4670446 0.2550201
1.183286 -0.5721084 0.8449075 0.424133 0.3243612
0.8427233 -0.5843408 0.7104585 0.2018401 0.4374472
0.8358448 -0.5737281 0.700255 0.1994371 0.4365742
1.132883 -0.471451 1.068058 0.2482355 0.2367944
1.267871 -0.5682679 0.8148929 0.5077887 0.3142561
1.158656 -0.5731266 0.8035413 0.4305206 0.3382767
1.322764 -0.5611785 0.8308876 0.5378405 0.2985708
1.300106 -0.5111658 0.9037385 0.4762039 0.2628838
0.5905342 -0.6051239 0.2262695 0.2742311 0.7776601
0.5651464 -0.6009672 0.4390415 0.0510124 0.6552454
0.7599817 -0.5980514 0.1923849 0.5433049 0.7015229
0.5800962 -0.6032339 0.2531576 0.2314564 0.7639011
0.5728306 -0.6090414 0.4257859 0.07466653 0.6634635
0.8473216 -0.6001732 0.2696335 0.5636555 0.6191047
1.178243 -0.4168303 1.07506 0.2764552 0.199716
1.279662 -0.6124261 0.8260028 0.5087891 0.3317808
1.254419 -0.5537962 0.6553773 0.6078988 0.3441006
1.235422 -0.411674 0.981465 0.3764776 0.2045344
1.467128 -0.6170688 0.8927953 0.5947427 0.292322
1.017942 -0.4826444 0.8143196 0.2960668 0.3127841
1.20403 -0.4034594 1.052912 0.3088167 0.1924564
0.9736718 -0.5303844 0.7607564 0.293346 0.3622859
1.478258 -0.477434 0.9450692 0.5765108 0.2148329
1.390483 -0.540279 0.6796938 0.6907172 0.3071217
1.39645 -0.5572682 0.7281178 0.6586273 0.305006
0.7414911 -0.5521856 0.5772953 0.1720612 0.4946095
1.043764 -0.4420144 0.9179676 0.2516852 0.2618608
1.25584 -0.5335221 0.6035526 0.6498926 0.345247
0.6317423 -0.5958704 0.4352938 0.1465482 0.6245614
1.394314 -0.4817276 0.7465848 0.6504073 0.2621824
1.558246 -0.3741816 0.8619121 0.6912402 0.1625668
0.5955675 -0.5987803 0.4491442 0.08651394 0.63481
1.185319 -0.5804349 0.7865089 0.4627902 0.3409394
0.9040626 -0.6202304 0.4905117 0.4250233 0.5142997
1.398105 -0.5255066 0.727131 0.6632077 0.2886104
1.386221 -0.456772 1.274276 0.3328264 0.1691869
0.7776539 -0.5781522 0.5517937 0.2378598 0.5078354
1.25456 -0.6044654 0.577202 0.6627367 0.3896307
1.37223 -0.4974581 0.9548243 0.4973182 0.2369926
1.46408 -0.4577239 0.9386916 0.5717882 0.2073883
1.193787 -0.4666094 0.9888902 0.3416363 0.2394085
1.616737 -0.3754139 0.8719571 0.7220579 0.1555389
0.5117934 -0.5951788 0.2575128 0.1157194 0.7985047
0.7521576 -0.5982631 0.2371252 0.48506 0.6788871
0.9233522 -0.6012093 0.2411623 0.6748676 0.6023052
0.9134351 -0.5987771 0.7731253 0.2356901 0.4095704
1.437124 -0.4225293 1.167514 0.4209951 0.1604639
1.247581 -0.4512562 1.340627 0.20205 0.1720108
1.251031 -0.5930907 0.5810605 0.658173 0.3835366
1.255624 -0.5538172 0.5850452 0.6623093 0.3608555
0.9270717 -0.4606432 0.9301732 0.1352226 0.2903954
0.8929358 -0.6009341 0.261927 0.6212286 0.6044481
0.8962646 -0.6050486 0.2642271 0.6219619 0.6042718
1.20396 -0.4704524 0.9769653 0.3569727 0.2421429
1.38363 -0.5132809 0.7379577 0.6463889 0.2823797
1.253487 -0.4122288 0.957334 0.4056431 0.2064394
1.190728 -0.5298255 0.8771293 0.4089129 0.2946229
1.290171 -0.6131616 0.7812306 0.544803 0.3396794
1.400539 -0.3840536 1.192888 0.3806677 0.1409423
0.9658711 -0.4047701 0.8340993 0.2229339 0.2707092
1.329546 -0.5205365 0.6053007 0.7056626 0.3235371
0.9031343 -0.6016786 0.2717049 0.6218566 0.5960935
0.8009709 -0.6056336 0.2625599 0.5176373 0.6459405
0.5863698 -0.599969 0.2930796 0.2027009 0.7315869
0.7765963 -0.5231844 0.7315016 0.1045547 0.4132015
0.4915084 -0.601005 0.3060873 0.04073307 0.7783465
0.768147 -0.5304999 0.714517 0.1071129 0.4252064
0.7220836 -0.5379186 0.5774554 0.1450801 0.4923779
0.7722274 -0.6006905 0.1659239 0.5883889 0.7129421
0.5808344 -0.6018154 0.470109 0.05115953 0.6320171
0.8581026 -0.5996177 0.1820542 0.670426 0.6602386
1.223178 -0.4442771 0.993641 0.361129 0.222333
1.430987 -0.5002858 0.7044839 0.7048323 0.2745116
0.8210778 -0.5540376 0.747746 0.1502763 0.4146637
1.351682 -0.5674166 0.5730929 0.7412179 0.3518412
1.382317 -0.3943851 1.277409 0.3247871 0.1379195
1.41331 -0.3796537 1.183568 0.3945383 0.1385304
1.462926 -0.569491 0.5282844 0.8527271 0.3421803
0.9165199 -0.6057539 0.7318436 0.265183 0.4242138
1.196451 -0.5878105 0.8481771 0.4327551 0.3292921
0.9360622 -0.6029142 0.276208 0.6511082 0.581881
0.687943 -0.5952458 0.2344809 0.404259 0.711574
0.7693161 -0.5142961 0.733745 0.09270841 0.4090968
0.7876307 -0.5253584 0.7352002 0.1153079 0.4104613
1.415722 -0.5230448 0.9603174 0.5237898 0.2432292
0.4921331 -0.618797 0.410006 -0.03232718 0.7179379
0.779435 -0.6049435 0.3748821 0.3855899 0.5981894
0.8235992 -0.603175 0.7010014 0.1908719 0.4556559
0.566144 -0.6053307 0.4840439 0.02144104 0.6331488
0.993867 -0.6013833 0.2102546 0.7785258 0.5890681
1.430619 -0.4775856 0.6711359 0.7322115 0.268737
1.444592 -0.4975523 0.6570122 0.7500775 0.2801522
1.063364 -0.6020558 0.3132316 0.7352847 0.521237
0.9221864 -0.6115963 0.4699319 0.4596229 0.5116823
1.235981 -0.6067123 0.620957 0.6155909 0.3835837
1.140969 -0.4226321 1.097906 0.2336631 0.2040626
1.076309 -0.60687 0.3519893 0.7086907 0.505206
0.9372112 -0.598161 0.1753331 0.7626939 0.6275178
1.604388 -0.4650908 0.6438354 0.8692662 0.2409947
1.394872 -0.3866918 1.218999 0.3630077 0.1397038
1.66943 -0.5346748 0.6410261 0.8973171 0.2682731
1.623563 -0.532504 0.6133858 0.8920336 0.2789218
1.349942 -0.5256058 0.5996845 0.724392 0.3237843
1.429658 -0.358047 1.158237 0.4192816 0.1284781
1.460755 -0.50394 0.9614275 0.5538868 0.2278208
1.468885 -0.508979 0.9703462 0.5537556 0.227926
1.561888 -0.3803131 0.8542776 0.6983466 0.1666581
1.628515 -0.4535501 0.660573 0.8730997 0.2285566
0.8059351 -0.6065499 0.3833468 0.4088841 0.5847778
1.404463 -0.3792682 1.27338 0.3415291 0.1285726
0.8725699 -0.6266333 1.032119 0.06216172 0.3666591
0.6059119 -1.357295 0.4029303 0.2616455 0.9233261
1.49572 -0.4710968 0.7982396 0.6846862 0.2327578
0.8687981 -0.5954738 0.5917362 0.3107719 0.4752535
1.207506 -0.6410694 0.5934731 0.6117694 0.4139348
0.7237939 -0.6082975 0.6697797 0.1017092 0.4972724
1.288627 -0.557932 0.8536108 0.4987045 0.2979337
0.8454657 -0.623929 0.4143316 0.4265911 0.5659869
1.369051 -0.4642156 1.344559 0.2881383 0.1658047
1.263034 -0.5406592 0.6979775 0.5843205 0.3257709
0.5695449 -0.539695 0.5195831 -0.02164418 0.5753657
0.972021 -0.6021488 0.7595303 0.29958 0.4018083
0.9735453 -0.6035456 0.7614075 0.299933 0.4016913
0.6039634 -0.5930977 0.5191072 0.04611546 0.5929773
0.8731085 -0.6001072 0.2566351 0.6054874 0.6147411
1.310914 -0.4568213 0.9337252 0.4655709 0.2273709
1.310689 -0.4563658 0.9351585 0.4645127 0.2269143
1.497118 -0.546395 0.9401755 0.5887156 0.2472699
0.9512285 -0.4858671 0.9619851 0.1457004 0.2936572
1.047817 -0.5966585 0.2968899 0.7384212 0.5297748
1.352974 -0.5607346 0.7312372 0.6258252 0.3133348
1.571605 -0.494227 0.5664767 0.9054624 0.2758738
1.328652 -0.5591097 0.8398343 0.5364105 0.2948831
1.670408 -0.3519879 0.6871675 0.8971266 0.1621682
1.719807 -0.5148782 0.6361552 0.9335014 0.2521474
1.596586 -0.5271378 0.5735074 0.9083439 0.2879075
1.463209 -0.5897958 0.4954522 0.8760665 0.3600736
1.558807 -0.534354 0.5375271 0.9130178 0.3050181
1.480663 -0.2867583 0.950058 0.5837758 0.108163
1.771673 -0.5152169 0.6773243 0.9311224 0.2386796
1.773193 -0.5158256 0.6791948 0.9304489 0.2384869
0.7252733 -0.5701374 0.5247306 0.1940619 0.5317823
0.9030493 -0.4869713 0.7980908 0.1936648 0.3425987
1.132266 -0.4787405 1.019151 0.2750467 0.2494253
1.139401 -0.4829807 1.064421 0.2567612 0.2426661
0.5941374 -1.374698 0.4042601 0.2527122 0.9311857
0.5667666 -0.5991348 0.6119479 -0.06294727 0.5679274
1.382633 -0.5013221 0.9275609 0.5211737 0.24209
0.6058692 -0.5953514 0.1559907 0.3714532 0.8154064
0.8280787 -0.6071567 0.2035284 0.6115208 0.6665021
1.251634 -0.4085717 1.01273 0.3707125 0.1956751
1.247671 -0.574782 0.6655959 0.5939718 0.3540142
0.943073 -0.5932533 0.3083913 0.6268908 0.5595688
0.4922906 -0.6158939 0.3685918 -0.002432883 0.7427419
1.005596 -0.5284945 0.7973846 0.2997402 0.3452967
1.26777 -0.5253523 0.5746142 0.6828968 0.3454193
1.609408 -0.3650312 0.6401072 0.894872 0.1844214
0.8860431 -0.9112944 0.1357745 0.7018007 0.8115858
0.7984176 -0.9506417 0.1262948 0.6252759 0.8716244
0.6014752 -0.5956042 0.3158516 0.2034957 0.7065071
1.47654 -0.3618402 0.9517722 0.5761584 0.1521508
0.9689496 -0.566127 0.763093 0.290971 0.3824106
1.006786 -0.3259778 0.8918908 0.2163979 0.1999227
0.9080403 -0.6095081 0.4780396 0.4387402 0.511929
1.058626 -0.5996409 0.2744684 0.7704935 0.5368004
1.458915 -0.2728181 0.9870083 0.5438863 0.09728777
1.268396 -0.5729184 0.807425 0.5129115 0.3180462
1.604334 -0.513335 0.5865456 0.9053676 0.2770253
1.449311 -0.5739608 0.6790103 0.7274393 0.3145867
1.626109 -0.5120731 0.5325893 0.9627805 0.2833357
1.430568 -0.6055688 0.3898617 0.9426622 0.4011321
1.161498 -0.5783094 0.7973069 0.4368912 0.3418106
1.784525 -0.5213125 0.6032416 0.9929538 0.2520909
1.780019 -0.5194172 0.6011852 0.9925686 0.2521036
1.649399 -0.5072058 0.5355331 0.9751766 0.2765551
0.8482035 -0.6077852 0.3935615 0.4470544 0.5651365
0.6417682 -0.5930877 0.2246536 0.3498963 0.7422103
0.7736231 -0.5992375 0.1672487 0.5887024 0.7105871
0.9173619 -0.5912358 0.1901859 0.7264615 0.6245847
0.8899802 -0.5849816 0.7997869 0.1948552 0.4002421
0.9103346 -0.4052846 0.7951642 0.1896584 0.2909662
0.72792 -0.5034858 0.7564399 0.02713877 0.4062207
0.8940682 -0.6157053 0.8593922 0.1692939 0.3993719
0.8146707 -0.5422455 0.7514817 0.1387571 0.4084261
0.7206379 -0.494821 0.7073129 0.04577965 0.4189711
0.8695621 -0.3814248 0.7458833 0.1725056 0.2960871
0.5062093 -0.6159654 0.2124625 0.1554997 0.8481998
0.5783872 -0.5940294 0.6480757 -0.07043886 0.545187
0.5015184 -0.6093259 0.2855835 0.07809526 0.7914752
0.50148 -0.6177143 0.2569748 0.1063041 0.8171959
0.6741071 -0.5649237 0.5483234 0.1112382 0.5368816
1.296535 -0.5204965 0.6248024 0.6657875 0.3252326
1.159298 -0.5524147 0.832244 0.4123141 0.3211324
1.276804 -0.6157911 0.5394317 0.7074781 0.4004161
1.013152 -0.5921889 0.3216078 0.6823953 0.5289879
1.045084 -0.5921707 0.3903072 0.6469578 0.4926984
0.9719501 -0.6145501 0.4431989 0.5305511 0.5078169
0.8556018 -0.6002905 0.6317084 0.2695352 0.4680629
0.8547059 -0.598958 0.6306763 0.269148 0.4679331
1.705811 -0.5106537 0.5563498 0.9895608 0.2659638
0.5676693 -0.5927593 0.2108848 0.2520337 0.7966999
1.481067 -0.256747 0.9494567 0.5860046 0.08981812
0.9755208 -0.5208125 0.7672307 0.2899415 0.3548049
0.5605329 -0.5851383 0.533752 -0.02754479 0.5990141
0.6607058 -0.6009935 0.4491445 0.1757232 0.6082426
1.387127 -0.4820105 0.7411997 0.6491174 0.2644575
1.752919 -0.4805909 0.6688634 0.9339741 0.225054
1.545913 -0.5361243 0.5614163 0.8851589 0.3031983
1.129089 -0.6043386 0.3284521 0.7769943 0.4964178
1.72657 -0.3710802 0.6778935 0.9344201 0.1680245
0.7002306 -0.6001658 0.6638076 0.07592636 0.5021814
0.7201269 -0.6085011 0.6647316 0.1006712 0.5003192
1.364234 -0.5407268 0.5884445 0.7415832 0.3318112
1.308439 -0.6065989 0.3252418 0.9189197 0.4490585
1.364646 -0.6017267 0.4199444 0.8723166 0.4056764
1.488393 -0.5365177 0.9277072 0.5911262 0.2456243
1.245327 -0.602537 0.2514245 0.9475668 0.4884287
0.7459874 -0.5959226 0.5110276 0.2338963 0.5449451
1.169514 -0.4678046 1.026162 0.3008739 0.236968
1.301027 -0.6050833 0.3241121 0.9150448 0.4505156
1.315452 -0.6112427 0.4032576 0.8505659 0.4265657
1.338862 -0.6002483 0.3291214 0.9383816 0.4368427
1.206082 -0.4315719 1.013175 0.3352491 0.2143459
1.072762 -0.5951639 0.3139059 0.7441408 0.5141738
1.540557 -0.4733407 0.7874403 0.7213119 0.2297372
1.59108 -0.5171333 0.4491472 1.01268 0.3089461
1.772155 -0.3859523 0.5931623 1.026943 0.1836189
1.565839 -0.5289905 0.5387067 0.9175138 0.3007949
1.412899 -0.5653709 0.7760236 0.6364381 0.2970724
1.50343 -0.548686 0.417725 0.9785836 0.3492471
1.627059 -0.5096385 0.4473031 1.03776 0.2990898
1.729161 -0.5050078 0.5499216 1.009213 0.2608029
1.264183 -0.5529479 0.8124319 0.5068285 0.3075818
1.476651 -0.5843257 0.3592089 1.006011 0.3881934
1.694106 -0.5125856 0.5265965 1.007035 0.2741916
0.7793872 -1.043167 0.1684241 0.5637589 0.8859447
1.052897 -0.5930194 0.1820086 0.8673826 0.5746942
0.8398731 -0.6029255 0.2143931 0.6134333 0.6527437
0.9384301 -0.6024598 0.3233855 0.6066592 0.5598856
0.9751683 -0.6050643 0.2875214 0.6782082 0.5635245
0.7043553 -0.5682105 0.1153764 0.5637673 0.768268
0.6862217 -0.5916699 0.1733201 0.4682841 0.7508183
0.8540768 -0.5978463 0.2763325 0.5644873 0.6116391
1.420985 -0.4031907 1.296031 0.3430414 0.1367176
0.9204015 -0.429506 0.8037517 0.1989106 0.3023571
0.8440266 -0.6221729 1.02723 0.03686073 0.3710916
0.8826463 -0.590848 0.7161405 0.2400112 0.4291473
0.5054903 -0.5988445 0.1988734 0.162674 0.8513723
0.5783005 -0.6390342 0.7005086 -0.08390039 0.5482475
0.5699561 -0.492171 0.5207227 -0.04035151 0.5444475
1.158633 -0.4679461 1.133134 0.2349091 0.2206539
1.382584 -0.4268934 1.212807 0.3594838 0.1624151
0.6677549 -0.6000337 0.3391809 0.2765283 0.6622113
0.6855389 -0.5668752 0.5824182 0.1026301 0.5197441
1.480961 -0.3214891 0.982339 0.5611397 0.1246518
0.7166456 -0.5985444 0.1501909 0.535973 0.7527584
0.9221894 -0.6066357 0.7653394 0.2498321 0.413843
0.7265791 -0.5728611 0.5115957 0.2060202 0.5384489
0.6304173 -0.496264 0.5424757 0.03610304 0.5131658
0.8339932 -0.5843582 0.650209 0.2320782 0.4591574
1.62521 -0.3668669 0.6609482 0.8873045 0.1802211
0.5078098 -0.616686 0.2275776 0.1438494 0.8353518
0.493911 -0.607186 0.3482476 0.01263666 0.7507524
0.5078424 -0.607286 0.4731754 -0.05671543 0.6665921
1.107884 -0.5665663 0.7949017 0.3940945 0.3463361
0.8406219 -0.9249458 0.1639816 0.632559 0.8219381
0.5658356 -0.5938562 0.234296 0.2257173 0.7810034
0.8791022 -0.5769563 0.7325779 0.2240576 0.4175955
0.8074756 -0.5937648 0.7237873 0.1579351 0.4475763
0.9590242 -0.6141131 0.7682104 0.2833951 0.4085589
0.8347425 -0.9095619 0.06453779 0.7253721 0.8761904
0.8044921 -0.9988069 0.09060279 0.6592819 0.9045874
0.5994039 -0.4738601 0.5264957 -0.006198585 0.517588
0.8816516 -0.5905005 0.7558607 0.2140275 0.4175157
1.213841 -0.6305311 0.5981601 0.613878 0.4060842
0.5746757 -0.5866794 0.2971636 0.177996 0.7280983
0.9017988 -0.5435063 0.769842 0.2186877 0.3831021
1.113729 -0.5962415 0.2769964 0.8169121 0.5158108
1.356025 -0.6084172 0.3367481 0.9409628 0.4346403
0.738147 -0.5904033 0.5823076 0.1721437 0.5157005
1.646294 -0.5089194 0.4487352 1.047899 0.2951592
1.632079 -0.5047116 0.4297132 1.05801 0.2992588
1.634651 -0.513066 0.419625 1.066301 0.3054638
1.399437 -0.5142047 0.6708919 0.7062867 0.2936822
1.495091 -0.557954 0.3742522 1.010916 0.3665227
1.432398 -0.6040105 0.4481105 0.8930068 0.3849374
1.60911 -0.5159779 0.4393257 1.032584 0.3072754
1.421544 -0.5877434 0.3864359 0.9441675 0.3947824
1.505927 -0.5928912 0.537928 0.8681536 0.3440148
0.7933483 -1.076811 0.1504965 0.5893723 0.899038
1.233702 -0.6272423 0.22996 0.9542518 0.5127057
1.127212 -0.6069607 0.2729914 0.8301203 0.5189046
0.9278499 -0.6082097 0.3693751 0.5523353 0.5474054
1.130101 -0.6003574 0.2366395 0.872158 0.5284503
1.11546 -0.62385 0.2064224 0.8864186 0.5583419
0.9083134 -0.5208725 0.8096498 0.1972639 0.3581695
1.105022 -0.4782859 0.9893901 0.2686327 0.2587178
0.9983286 -0.6069331 0.6643004 0.386587 0.4247754
0.8304332 -0.5852965 0.7045265 0.1928744 0.4430243
0.8660802 -0.6034733 0.7229267 0.2208003 0.4380026
0.6198497 -0.4855629 0.5179373 0.03494644 0.5214176
0.6482317 -1.236874 0.4112834 0.2813163 0.8739796
0.6850837 -0.6036434 0.6429162 0.07173973 0.5167398
0.6335759 -1.34186 0.3977917 0.286501 0.9114134
1.308764 -0.5699799 0.7975988 0.5489876 0.3118389
1.089421 -0.5940936 0.3290134 0.7441916 0.5026671
1.266876 -0.6178306 0.4629993 0.7621441 0.4244223
1.076583 -0.6146907 0.5355353 0.5507007 0.447818
0.8986251 -0.6253895 0.2588637 0.6278459 0.616974
0.9106839 -0.5877161 0.5502123 0.3838598 0.4732859
1.009728 -0.5358711 0.8168927 0.2920254 0.3437815
1.35878 -0.5667307 0.7555114 0.6128629 0.3104554
1.010507 -0.5962263 0.353793 0.6484166 0.5194089
1.418486 -0.6609231 0.261013 1.040744 0.4684454
1.720265 -0.5141014 0.5270847 1.020899 0.2709438
1.390666 -0.5140097 0.6998038 0.6787523 0.2891774
1.15605 -0.4260378 1.052798 0.2711702 0.2113467
0.7859972 -0.9141241 0.06158721 0.6806609 0.9052467
1.271643 -0.533737 0.9181935 0.446393 0.2760589
0.5698795 -0.5919981 0.4222545 0.06774494 0.6573372
0.7131284 -0.5248541 0.7468032 0.02100223 0.4261972
1.400906 -0.5237741 0.9224224 0.5365139 0.251823
1.768117 -0.4961706 0.6696292 0.9386691 0.2308859
0.5275751 -0.6154591 0.4386162 0.0005357563 0.681241
0.6027381 -0.4828249 0.4556305 0.0556578 0.5572608
0.7322469 -0.6058156 0.6685559 0.1116258 0.4938291
1.231892 -0.6311507 0.6240243 0.6086014 0.3959236
0.8401017 -0.9057698 -0.00659129 0.8074648 0.9168324
0.5232907 -0.6011751 0.4172573 0.004275143 0.688
0.9374485 -0.4863024 0.7945656 0.2308542 0.3358356
1.14921 -0.6116309 0.5059202 0.6356103 0.4369889
1.07707 -0.5938522 0.3150505 0.7470565 0.5116421
0.9863704 -0.4545657 0.774371 0.28886 0.3118573
1.149678 -0.4705189 0.9032795 0.3565083 0.2639861
