-0.1353855 -0.01024821 0.0208477 
0.99946 1
0.99946 0
0.0005400776 1
0.0005400777 0
192
-0.0189754 -0.6385921 1.207519 0.4625121 0.2685717
-0.2169808 -0.501461 1.315395 0.2337117 0.1598856
-0.2676814 -0.4781726 1.351222 0.174993 0.1367756
-0.2588679 -0.5122096 1.632573 0.2018571 0.1007425
-0.1815536 -0.4632905 1.347296 0.2699071 0.127426
-0.2815604 -0.6635488 0.8726323 0.1560571 0.4130189
-0.2594691 -0.6576611 0.8246607 0.1816811 0.4315136
-0.02526322 -0.6356417 1.215567 0.4550185 0.2646626
-0.2845356 -0.644155 0.9264112 0.1528253 0.3776202
-0.2536291 -0.5663495 0.9359042 0.1807598 0.3233789
-0.2492223 -0.6550058 0.7952465 0.1937681 0.4442245
-0.1431467 -0.6806589 0.9137177 0.3403537 0.400115
-0.1020776 -0.6426659 1.143921 0.3764029 0.2918791
0.1292316 -0.5897786 1.231812 0.6196396 0.231586
-0.269209 -0.5612903 0.9358215 0.1582485 0.3204321
0.001138121 -0.6212333 1.278756 0.4766925 0.2384682
-0.04270045 -0.578982 1.32281 0.4271963 0.2034931
0.07712971 -0.6019131 1.07523 0.58983 0.2869952
-0.07377274 -0.609205 1.237728 0.4008371 0.2440382
0.05111599 -0.6287119 1.339698 0.5203457 0.2260128
-0.1894913 -0.6820156 0.8704081 0.2815242 0.4216444
0.1223419 -0.6730517 1.027398 0.6439484 0.3437193
-0.2129199 -0.668228 0.9787731 0.2509613 0.368126
0.07411812 -0.6316966 1.087507 0.5816808 0.3005107
-0.2633161 -0.5703129 0.9360669 0.1681598 0.3262073
0.3845599 -0.5931964 1.331306 0.8537223 0.2047882
0.3960539 -0.576684 1.344758 0.864369 0.1922737
0.3608769 -0.5885846 1.319762 0.8349364 0.2052868
0.1906675 -0.6209105 1.196187 0.6882706 0.2585533
0.1053539 -0.6002083 1.045704 0.6287937 0.2953801
0.1768681 -0.5860916 1.094222 0.7021529 0.2693973
-0.2063531 -0.670803 0.9764301 0.2593825 0.3703597
0.1542318 -0.6055714 1.191216 0.6525669 0.2518095
0.4270284 -0.5754272 1.367265 0.8876238 0.1860477
0.3737764 -0.5992107 1.299065 0.8513987 0.2161839
0.4320484 -0.5687412 1.413928 0.8798285 0.1718727
-0.02567454 -0.6513752 1.184775 0.4574437 0.2826213
0.1165319 -0.6612264 1.028884 0.638388 0.3366972
0.4187438 -0.5313624 1.383671 0.8844795 0.1574645
0.3948334 -0.5707642 1.270583 0.8874314 0.207047
-0.2165682 -0.669036 0.8059806 0.2425173 0.4459087
-0.1217242 -0.6810211 0.8113239 0.3736211 0.4465925
0.3732784 -0.5753008 1.254259 0.8697716 0.2140949
0.4017472 -0.5712277 1.23546 0.9059246 0.2163006
0.004873067 -0.6277287 1.264749 0.4819377 0.2458527
0.3594059 -0.5163841 1.329439 0.8455578 0.1612121
-0.2306176 -0.4650359 1.349208 0.2148756 0.1284169
0.499839 -0.5758253 1.28732 0.9847043 0.2045788
0.5088931 -0.4589217 1.396925 0.9862758 0.1109395
-0.2092427 -0.5764099 0.9475579 0.2433429 0.3241419
0.4833385 -0.5765889 1.27559 0.9725244 0.2081156
0.5050877 -0.5810077 1.344558 0.9679768 0.1936615
0.3749658 -0.598947 1.191312 0.8862907 0.2446592
0.4769837 -0.5789862 1.315262 0.95165 0.1997782
-0.08644453 -0.6785523 0.5869323 0.4466009 0.5730551
0.06633353 -0.5882242 1.090748 0.5756347 0.2738268
0.06749871 -0.6764696 0.6507828 0.6667894 0.5225828
-0.08488558 -0.6799596 0.7170174 0.4330223 0.4937266
0.01368935 -0.6815575 0.873064 0.5430551 0.4132731
0.4894473 -0.5756471 1.370194 0.9458476 0.1849312
0.1970689 -0.4349861 1.477429 0.6586628 0.08151925
0.3533275 -0.604194 1.206376 0.8578696 0.2437481
0.05470949 -0.6420298 1.27891 0.5311062 0.2491462
0.3271773 -0.662987 1.177061 0.8273806 0.2850645
0.4448165 -0.5729926 1.252778 0.9432291 0.2122984
-0.01305722 -0.6757331 0.4700354 0.5911925 0.653574
0.06119367 -0.6755304 0.5675356 0.6831059 0.5756108
0.1546317 -0.6757398 0.7059147 0.7725295 0.4865423
0.009971142 -0.6763301 0.5134438 0.6176078 0.618184
-0.07296094 -0.6486159 1.139829 0.4094181 0.2960018
0.3836753 -0.6559118 1.137539 0.8993404 0.2921376
-0.07684112 -0.6755853 0.3988505 0.4943897 0.721316
0.3378441 -0.500631 1.332865 0.8259268 0.1510568
0.1677493 -0.5593091 1.225039 0.6654727 0.2149419
0.3788684 -0.5929247 1.195858 0.8902882 0.2398751
0.3760824 -0.6715494 0.9983406 0.9371097 0.347201
-0.2883492 -0.6795143 0.8472665 0.1477971 0.434579
-0.3041375 -0.6751567 0.8639634 0.1270315 0.4246911
-0.09232279 -0.6027809 1.300362 0.3771763 0.2235304
0.3004615 -0.6815612 1.033673 0.8390452 0.3419285
0.5035646 -0.5780346 1.193858 1.023816 0.2300976
0.4797905 -0.5835308 1.157971 1.012034 0.2436666
0.4984407 -0.5640599 1.192443 1.023549 0.2223809
0.07484169 -0.6600704 1.291998 0.5487622 0.255028
0.485758 -0.582727 1.357783 0.9447138 0.1917206
0.4909559 -0.5810321 1.18363 1.014035 0.2348254
-0.02820103 -0.6788648 0.4455988 0.5710892 0.6769419
0.1094181 -0.6824767 0.6262508 0.7347103 0.5387894
-0.2474854 -0.6642025 0.8197959 0.1992601 0.4373682
-0.05845174 -0.5658932 1.340284 0.4092789 0.1917052
-0.2383311 -0.6794125 0.9311529 0.2190796 0.394933
0.435348 -0.6563935 1.015898 0.9998422 0.3311484
0.2100425 -0.6321526 1.11594 0.726427 0.2888768
0.05290693 -0.6768659 0.4749784 0.7014103 0.6452583
0.09922709 -0.6727109 0.5611868 0.7450914 0.5760125
0.006444633 -0.6774014 0.4156138 0.6416494 0.6994972
0.01934712 -0.6380765 1.330378 0.4894426 0.23387
-0.2520584 -0.6612218 0.8915838 0.1965331 0.4020312
-0.3071482 -0.6686277 0.9888319 0.1338658 0.3669796
-0.3073968 -0.6567361 0.862452 0.118401 0.4145868
0.07496011 -0.7034801 1.002256 0.5919423 0.3708839
-0.1726962 -0.6402602 0.6449578 0.30317 0.5168799
-0.07896876 -0.6381714 1.190501 0.3990226 0.2744284
0.0824976 -0.6768657 0.545248 0.7238399 0.5905237
0.1466461 -0.6781701 1.027606 0.6707399 0.3458936
-0.04007212 -0.5604803 1.385684 0.4249104 0.1775347
0.08646083 -0.6736614 0.468067 0.7612907 0.6464806
0.04878926 -0.6731461 0.5367336 0.6740179 0.5966004
0.1272747 -0.6724481 0.5200865 0.8060327 0.603126
0.3792945 -0.6662515 1.00662 0.9390044 0.3412195
0.4359571 -0.6248957 1.029971 1.004833 0.3084072
-0.2451382 -0.6781846 0.9174387 0.2095788 0.4003346
-0.2970389 -0.5497678 0.9883925 0.1226785 0.2926166
-0.09740965 -0.6505663 1.147917 0.3816878 0.2949851
-0.2462063 -0.6687366 0.6644288 0.1923888 0.5259512
-0.2549984 -0.6775698 0.516536 0.167682 0.6353132
0.2260009 -0.6206869 1.126303 0.7430066 0.2787801
0.4365155 -0.5534086 1.414547 0.8871581 0.163187
0.03389975 -0.6765214 0.4000844 0.6967573 0.7107068
0.4143594 -0.6300181 1.131077 0.9402629 0.2792492
-0.3035889 -0.5711058 0.9760166 0.1171338 0.3117651
0.3247524 -0.6749266 0.8684181 0.9285825 0.4014618
-0.2184672 -0.6568574 0.6416607 0.2326708 0.5316462
0.1711395 -0.6753172 0.5811051 0.8460013 0.5599422
0.1255957 -0.6161802 1.217392 0.6159508 0.2508099
0.4271442 -0.5744953 1.229969 0.9329511 0.2193298
0.3446805 -0.6763251 1.055632 0.8809263 0.3304857
0.4318103 -1.08976 0.8198109 0.9456307 0.6041599
-0.242848 -0.5253606 0.9711022 0.1906243 0.2812229
0.1636354 -0.6834818 1.021296 0.6905964 0.3506815
0.2047407 -0.6884172 0.9527977 0.7546166 0.3781064
0.1644243 -0.6679142 0.8126997 0.7515852 0.4277107
0.05283634 -0.6810054 0.4660512 0.7036519 0.6547675
0.06843276 -0.6928066 0.5533026 0.6956306 0.5948256
0.1158338 -0.6825187 0.696026 0.7206792 0.4976507
0.08791587 -0.6213565 1.194654 0.5794336 0.2608869
-0.03486338 -0.6847543 0.3577532 0.5826616 0.7622496
-0.1928501 -0.6800293 0.5775259 0.276201 0.5869748
-0.2162595 -0.5515844 0.990095 0.231713 0.2913653
-0.1560433 -0.6766636 0.6474856 0.3327387 0.5363981
-0.1414177 -0.6034887 1.120787 0.3302345 0.2771695
-0.1351073 -0.6788898 0.6793611 0.3629172 0.5171763
-0.2434449 -0.5421982 1.331318 0.2098808 0.181622
-0.139753 -0.4712539 1.371031 0.3167692 0.1271037
0.1187566 -0.6594633 1.340678 0.5849625 0.241322
0.01995175 -0.6680889 0.3288452 0.7017511 0.7778445
-0.2507713 -0.5560044 1.003007 0.1871437 0.2902585
-0.2510607 -0.6786214 0.6012859 0.1820394 0.5732399
-0.2909455 -0.5522819 0.9609419 0.12868 0.3048053
0.1659224 -0.4450308 1.466732 0.6283432 0.08985603
-0.2410806 -0.6723836 0.5384815 0.1925416 0.614292
-0.2587838 -0.4579245 1.002521 0.157891 0.2209127
0.06099042 -0.6802629 0.5564554 0.6854927 0.5859797
-0.1943528 -0.6838111 0.3775573 0.2732008 0.7576889
-0.1990128 -0.6795033 0.3765979 0.2633374 0.7568536
-0.2260095 -0.6778364 0.9734949 0.2357806 0.3761252
-0.1647514 -0.6588954 0.6559987 0.3173522 0.5209799
-0.2579652 -0.6732591 0.9813293 0.1956756 0.3712664
-0.2928117 -0.6403044 0.9725537 0.1452016 0.3563956
-0.2536516 -0.6621054 0.6849685 0.1810065 0.509812
-0.2491567 -0.6805135 0.3209125 0.157834 0.8227881
-0.1425218 -0.679167 0.3128427 0.3794258 0.8189847
-0.2770635 -0.5053711 0.9725043 0.1391145 0.2672609
-0.1702758 -0.6769574 0.3251004 0.3212563 0.8072379
-0.09679213 -0.6773925 0.3716694 0.4618285 0.7505626
0.08367255 -0.6787739 0.5931031 0.7084977 0.5591016
-0.2853836 -0.6297374 0.701605 0.1258886 0.4814252
-0.2805012 -0.6725284 0.5178613 0.121639 0.6332182
-0.1526486 -0.6805636 0.3015128 0.3596223 0.8338884
-0.2548756 -0.6606855 0.6276989 0.1741658 0.5450569
-0.270148 -0.6750865 0.9672036 0.1798906 0.3783749
0.1863464 -0.6612734 0.7433894 0.8056945 0.4569424
0.0577441 -0.6453001 1.201447 0.544727 0.2728163
-0.06787007 -0.6797119 0.4020026 0.5101234 0.7197783
-0.2821779 -0.6840332 0.5159928 0.1216725 0.6414349
-0.07786694 -0.691232 0.6910856 0.4461932 0.5146241
0.04634234 -1.155503 0.4432212 0.6245904 0.8585788
0.03204358 -0.7170508 0.4674198 0.6611768 0.6747757
-0.2245612 -0.6799766 0.2982727 0.2075702 0.846109
-0.1589006 -0.6777585 0.3259334 0.3446048 0.8054358
0.02407697 -0.6702262 0.4721154 0.6549785 0.6459417
0.09929538 -1.145555 0.3573291 0.7136503 0.9160588
0.09583929 -1.219449 0.3883644 0.688781 0.9107735
-0.2364785 -0.6679534 0.8689331 0.2173025 0.4157644
-0.2211212 -0.6917834 0.2878241 0.2170978 0.8638084
-0.2671371 -0.6915163 0.3286971 0.1248441 0.8214085
0.004050583 -0.6834832 0.3552922 0.6572074 0.7601956
0.1205768 -1.142798 0.3819551 0.733936 0.8945456
-0.3070382 -0.6615081 0.6525381 0.0932842 0.5323558
-0.2475556 -0.6550741 0.6194759 0.184185 0.5466825
-0.1982331 -0.6814801 0.272974 0.2635669 0.8744709
-0.002319902 -0.6727084 0.3473209 0.6502463 0.763293
