-0.1059585 0.00516448 0.04558983 
0.99946 1
0.99946 0
0.0005400776 1
0.0005400777 0
366
-0.01973506 -0.6355019 1.204914 0.3746074 0.2725973
-0.2176123 -0.4978879 1.314573 0.1285304 0.1664184
-0.2680037 -0.4750575 1.350432 0.06617728 0.1441934
-0.2579792 -0.5110333 1.630299 0.09662977 0.1054729
-0.2472526 -0.4523484 1.635296 0.09617728 0.06941307
-0.1607334 -0.4364094 1.584116 0.1809557 0.06674767
-0.2068436 -0.4354184 1.629077 0.1338082 0.05917037
-0.1803213 -0.460827 1.345738 0.1648095 0.1329857
-0.2839862 -0.6557129 0.8704344 0.06439841 0.4297832
-0.1585979 -0.4702932 1.313144 0.1919853 0.1465826
-0.2616636 -0.6499248 0.8221797 0.09156696 0.4489233
-0.2688901 -0.4449919 0.9877163 0.02959985 0.233823
-0.02675854 -0.6326309 1.211753 0.3659995 0.2692026
-0.2842025 -0.6354198 0.9234875 0.06182278 0.3926722
-0.2548907 -0.5592657 0.9336259 0.08156431 0.3377734
-0.2508339 -0.6470532 0.7914851 0.1051206 0.4625866
-0.1466138 -0.6742473 0.911122 0.2537056 0.4114063
-0.1041436 -0.638615 1.141564 0.2862237 0.2987444
-0.06141105 -0.5934777 1.313333 0.3160493 0.2191614
-0.2462303 -0.648479 0.8402225 0.1140564 0.4375802
0.1278251 -0.5871722 1.229888 0.5298299 0.2310606
-0.2704475 -0.5547231 0.9341208 0.05798733 0.3355365
0.0005905181 -0.6166524 1.273247 0.3875141 0.2409549
-0.07323695 -0.5618815 1.312643 0.3003827 0.2013057
-0.04362092 -0.5763938 1.319258 0.3330607 0.2069914
0.07520758 -0.5977678 1.07215 0.5018506 0.2892811
0.07590007 -0.6010851 1.07711 0.501631 0.2895334
-0.07457504 -0.6064094 1.233745 0.3093015 0.2497121
0.00147742 -0.5441795 1.472697 0.3629073 0.1497045
-0.2686439 -0.5442403 1.290839 0.07880285 0.2041031
0.05013817 -0.6268823 1.335702 0.4313141 0.2276384
-0.190212 -0.6730912 0.8676573 0.197456 0.4341542
0.09148914 -0.6197758 1.05802 0.5234107 0.3064981
0.119762 -0.6693996 1.024251 0.561721 0.3456419
-0.2149231 -0.6609442 0.9759177 0.161509 0.3801535
0.07218473 -0.6290466 1.084061 0.4956492 0.3038312
-0.2644792 -0.563288 0.933575 0.06905514 0.3411154
-0.2648655 -0.5631695 0.9333605 0.06845522 0.3411561
0.3835425 -0.5929428 1.327867 0.7658277 0.1986545
0.3951032 -0.5761212 1.342017 0.7753055 0.1853622
0.3592439 -0.5889356 1.316998 0.7458926 0.1999683
0.1895013 -0.6174828 1.192478 0.6024917 0.2568347
0.1033525 -0.5959755 1.043162 0.5414286 0.2968851
0.1750937 -0.5829239 1.091524 0.6143446 0.2687542
-0.2095044 -0.6632754 0.9736241 0.1689111 0.3821108
0.1523566 -0.6044895 1.189077 0.5641494 0.2520128
0.4263019 -0.5765041 1.364262 0.7984099 0.1792613
-0.1071497 -0.465578 1.348176 0.2493505 0.1331698
0.3723924 -0.5993746 1.29621 0.7635502 0.2106113
0.4311587 -0.568545 1.40977 0.7902359 0.1642789
-0.02723367 -0.6482231 1.181629 0.3698035 0.2873487
0.1144631 -0.6574741 1.026281 0.5557188 0.3384892
-0.0430304 -0.6763373 0.9157467 0.3861701 0.4034069
0.4181156 -0.5298117 1.379532 0.793348 0.1492766
-0.2169785 -0.6502433 0.8070478 0.1556869 0.4533644
-0.1519844 -0.6693093 0.6407505 0.2630388 0.5565057
0.3709529 -0.5675341 1.236505 0.7861503 0.2080371
0.3932763 -0.5704056 1.266753 0.7984243 0.2009171
0.1644432 -0.5815923 1.084274 0.6040453 0.2708597
-0.218867 -0.6605268 0.8027182 0.1553746 0.4618912
-0.1253784 -0.6729384 0.8082179 0.2892483 0.4585929
-0.1323678 -0.665735 0.9204221 0.2703758 0.4013852
-0.0770638 -0.6724112 0.7385809 0.3651616 0.4915655
0.3716745 -0.5749099 1.251983 0.7805782 0.2082049
0.4004653 -0.5711576 1.23226 0.8173215 0.2101695
0.00356362 -0.6250945 1.261666 0.3924648 0.2488763
-0.2975996 -0.6417573 0.9198151 0.04506224 0.3990997
-0.1357362 -0.6670883 0.7173548 0.281323 0.5059593
0.3580582 -0.5169082 1.32823 0.7516785 0.1552223
-0.2301881 -0.4620903 1.347029 0.1071329 0.1351572
0.4980578 -0.5768846 1.284505 0.8951088 0.1963295
-0.05967376 -0.6715046 0.7221898 0.392655 0.4987546
-0.07923179 -0.6527279 1.170029 0.3137252 0.2960799
0.5073155 -0.4591093 1.394933 0.8888414 0.1006656
-0.208313 -0.5627476 0.9419031 0.1485266 0.3334715
0.4815644 -0.5775016 1.273989 0.8826735 0.1999274
0.5036241 -0.5831644 1.34315 0.8778426 0.1853887
0.373245 -0.5984297 1.188275 0.799385 0.2393034
0.3420254 -0.4273041 1.314418 0.7529433 0.101615
0.4754658 -0.5799655 1.311773 0.8625599 0.1921156
-0.09068517 -0.6702332 0.5833746 0.3679538 0.5896088
0.06468812 -0.5845615 1.088782 0.4863189 0.2761067
0.1386145 -0.6704153 0.7169298 0.673982 0.4835472
0.06440725 -0.6689934 0.6478746 0.5918314 0.5297238
0.1137105 -0.6446715 1.024566 0.5558304 0.3318635
-0.01651534 -0.5666867 1.375371 0.3556086 0.1859951
-0.08664166 -0.6698358 0.7139387 0.3545052 0.5050052
0.01268937 -0.6734052 0.8685241 0.4649268 0.4190658
0.4884792 -0.5773054 1.368439 0.8559278 0.1767089
0.4912297 -0.5806571 1.374899 0.8556886 0.1769952
0.05063043 -0.6694028 0.6290898 0.5772401 0.5431167
0.1965014 -0.4364555 1.477033 0.5573642 0.07820463
0.03279903 -0.6700161 0.6078272 0.5567149 0.559123
0.3511432 -0.6032593 1.205178 0.7700538 0.2381713
0.05258719 -0.638211 1.275318 0.442509 0.2502329
0.3243457 -0.6617576 1.173788 0.7434707 0.2810268
0.4432076 -0.5735429 1.249625 0.8541676 0.2053404
-0.01692139 -0.6657459 0.4670338 0.5190752 0.6681247
0.05747061 -0.6671242 0.5643774 0.6096535 0.584416
0.1506357 -0.6695834 0.7030356 0.6958534 0.4896969
-0.002983607 -0.6653537 0.4985283 0.5331911 0.6401237
0.006190591 -0.6662789 0.5109295 0.5446393 0.6296769
0.1582798 -0.6675291 0.7152057 0.7021375 0.4811284
-0.06536573 -0.6645703 0.4150583 0.4467242 0.7211146
-0.197052 -0.4472131 1.599702 0.1454907 0.0715028
-0.07646494 -0.6468247 1.13813 0.3189802 0.3031742
0.06551402 -0.6047012 1.453337 0.4304666 0.185923
0.1534998 -0.6689904 0.6888925 0.7053644 0.4970583
0.09989905 -0.667154 0.620593 0.6541982 0.5422255
0.381406 -0.6557628 1.1336 0.8162581 0.2875006
0.3808745 -0.6548951 1.133484 0.815911 0.2870862
0.08079774 -0.667991 0.5874457 0.6374773 0.566439
0.003063731 -0.6668761 0.5501058 0.5273688 0.6008018
-0.05967071 -0.5436749 1.346351 0.3107458 0.181172
-0.08066695 -0.6642165 0.3962528 0.4226842 0.7415088
0.3370221 -0.5024291 1.332729 0.7309133 0.1460064
0.3364063 -0.5016033 1.330545 0.731048 0.1460239
0.1659989 -0.5549179 1.222211 0.5741193 0.2124431
0.3769976 -0.5919471 1.192375 0.8030459 0.2342315
0.3730763 -0.6688472 0.9945612 0.8565365 0.3420942
0.03220431 -0.6682379 0.4600791 0.6066564 0.668609
0.04176853 -0.6664441 0.4718553 0.6186826 0.6564906
-0.2793147 -0.4853954 0.9691696 0.02587715 0.2723969
0.02117831 -0.5683032 1.456245 0.3854883 0.1665298
0.02130564 -0.5686075 1.457382 0.3855052 0.1664398
-0.117332 -0.6136183 1.1462 0.2676641 0.2833607
0.415978 -0.620205 1.078598 0.8808666 0.2833926
0.1356755 -0.674512 0.7417351 0.6607062 0.4727845
-0.2905977 -0.6712269 0.8442693 0.05786151 0.4524146
-0.3054707 -0.6662382 0.860489 0.03670517 0.4425223
-0.01578873 -0.6651156 0.3965896 0.5446846 0.7312686
0.06938683 -0.6219693 1.093485 0.4907024 0.2966247
-0.09336039 -0.5993324 1.296797 0.2835984 0.2283162
-0.1373833 -0.643173 1.1197 0.2496114 0.310507
0.2970532 -0.6789526 1.030254 0.7578196 0.3389218
0.5017681 -0.5783267 1.192029 0.9348163 0.2213467
0.4781944 -0.5841283 1.156116 0.923878 0.2358559
0.4961033 -0.5637433 1.191084 0.9330926 0.2132423
0.07297287 -0.6584614 1.28858 0.4617528 0.256649
0.483965 -0.5841414 1.354605 0.8550529 0.1838832
0.488659 -0.5817974 1.181961 0.9246441 0.226701
0.09195786 -0.66518 0.5527365 0.6687399 0.5876158
-0.03219254 -0.6686472 0.4427707 0.499445 0.6929191
0.1450222 -0.6714599 0.6765269 0.6978196 0.5063468
0.1625673 -0.6707 0.7235403 0.7043386 0.4780623
0.106304 -0.6745409 0.623904 0.6614411 0.5437067
-0.2512076 -0.6560484 0.8171488 0.1080965 0.4543305
0.02902121 -0.6659664 0.4012543 0.6252555 0.7202778
0.06996708 -0.6719629 0.6509943 0.5987463 0.5289671
0.5239476 -0.5649192 1.231889 0.944272 0.2019403
-0.05956938 -0.5632495 1.336941 0.3134026 0.1952389
0.1904507 -0.6679993 0.6860617 0.7582746 0.4947785
-0.1709995 -0.4737108 1.364111 0.177731 0.1367749
-0.2407555 -0.6728703 0.9279412 0.1300471 0.4096158
0.2134186 -0.5630972 1.217788 0.6260429 0.2167131
0.4331138 -0.6540764 1.012645 0.9185453 0.3240957
0.2120548 -0.6427207 1.129057 0.6404759 0.2896885
0.0489371 -0.6684489 0.4719693 0.6305869 0.6565437
0.09576362 -0.665321 0.5590852 0.672119 0.5827776
0.01332774 -0.6571485 0.321129 0.6327912 0.8002526
0.1027342 -0.6642346 0.6366597 0.6528496 0.5301394
0.002360538 -0.6688037 0.4134026 0.5715917 0.7145181
0.01758543 -0.6355605 1.328013 0.3995529 0.2356832
-0.2531655 -0.6522692 0.887889 0.1071004 0.4170321
-0.3116688 -0.6666531 0.9939034 0.03945053 0.3821265
-0.1001121 -0.6318462 1.158741 0.2888796 0.2889715
-0.3151164 -0.6628975 0.8763618 0.02358752 0.4334759
0.01751877 -0.6371794 1.238124 0.4107725 0.2618774
0.3419875 -0.5908214 1.399313 0.7060597 0.1818154
0.07285488 -0.6963334 0.9963061 0.5127575 0.373831
-0.1760618 -0.6312343 0.6435196 0.2166982 0.5346084
-0.07972991 -0.6329971 1.185512 0.3100053 0.2800159
-0.2091165 -0.6319481 0.6697189 0.1625763 0.5213562
-0.2309915 -0.5076665 0.9870404 0.1038954 0.2785403
0.1756018 -0.6644394 0.6615052 0.7486033 0.5082334
0.07877057 -0.6674446 0.5428226 0.6514749 0.5975432
0.144145 -0.6759251 1.025784 0.5888306 0.347323
-0.04338308 -0.6018003 1.278643 0.3390342 0.2327793
-0.2571992 -0.485306 1.689962 0.09447506 0.0796243
-0.04028807 -0.557331 1.382059 0.3295603 0.1797208
0.08246271 -0.6654732 0.4658888 0.6905876 0.6554174
-0.2742919 -0.6639977 0.671572 0.06725314 0.5460429
0.04533421 -0.6656838 0.5341604 0.6012272 0.6068493
0.1233451 -0.6653113 0.517625 0.7340379 0.6095718
0.4564314 -0.5825678 1.148352 0.9046587 0.238117
0.5029433 -0.5723479 1.162336 0.9500909 0.2260981
0.5188661 -0.5730711 1.161799 0.9666741 0.2260255
0.5044273 -0.5740903 1.144247 0.9590181 0.2322628
0.3750995 -0.6606645 1.000551 0.8582312 0.3352442
0.4332988 -0.6232303 1.027765 0.9202753 0.3012329
0.3653472 -0.5630881 1.32503 0.7532088 0.1830455
0.4482144 -0.5811664 1.182058 0.8829886 0.2279503
0.196122 -0.6722019 0.6689131 0.7727143 0.5064915
-0.274994 -0.4480268 0.9705893 0.01967099 0.2431768
-0.2474694 -0.6717113 0.9145501 0.1205509 0.4155097
-0.2975937 -0.544422 0.9860344 0.02064106 0.3083923
-0.0996391 -0.6489262 1.14743 0.2921084 0.3024058
-0.2511025 -0.6631711 0.6632167 0.1036349 0.5485982
-0.2571131 -0.6642265 0.5131484 0.08502579 0.6613573
0.2224765 -0.6131377 1.120718 0.6569736 0.274978
0.003740735 -0.6754632 0.9780487 0.4343798 0.3737331
-0.1323467 -0.6694556 0.8750572 0.2740806 0.4242508
0.348424 -0.462846 1.337511 0.7469028 0.1196951
-0.219996 -0.6507784 0.7128438 0.1505287 0.506972
0.4348249 -0.5541986 1.406352 0.7970188 0.1568624
0.02998983 -0.6657773 0.3976425 0.6286021 0.7234369
-0.2319948 -0.5522323 0.9540538 0.1130072 0.3228199
0.3446535 -0.5167089 1.325885 0.738781 0.1560898
0.4110231 -0.6263182 1.123991 0.8565145 0.2727349
-0.2397843 -0.6560076 0.6471279 0.1190914 0.5538691
-0.1144239 -0.6640912 0.3502171 0.3669105 0.7949305
-0.1650257 -0.47137 1.581789 0.1820044 0.08888024
0.3215974 -0.6725793 0.8661915 0.8493527 0.3983223
-0.2220107 -0.648318 0.6389976 0.1457195 0.5528802
0.08388125 -0.6635779 0.4693462 0.6917704 0.6513344
-0.2299347 -0.6506394 0.6727045 0.1341928 0.5328643
0.1671495 -0.6670275 0.5782048 0.7732096 0.5628007
0.1235573 -0.6127258 1.212346 0.5280097 0.2511013
0.4246163 -0.5741053 1.226595 0.8435014 0.2124847
0.3411784 -0.6738814 1.050047 0.7998266 0.3268404
-0.03419728 -0.6688335 0.4471382 0.494557 0.6894444
-0.2409312 -0.5138205 0.9606373 0.09013149 0.2941301
-0.1227877 -0.6420203 1.134307 0.2656268 0.3040818
-0.2301298 -0.6495325 0.6972014 0.1341524 0.5167683
0.2899007 -0.6561134 1.149917 0.7158328 0.2868493
0.1588197 -0.6737797 1.008406 0.6101071 0.3517792
0.2002228 -0.6831082 0.9476712 0.6741747 0.3780822
0.1618057 -0.6647531 0.8119526 0.6727017 0.4297581
0.04833917 -0.6720552 0.4635335 0.6324949 0.6655924
0.06453428 -0.6852615 0.5530977 0.6227658 0.6017848
0.1123633 -0.6716363 0.6912968 0.6462637 0.5009228
0.08565139 -0.6152654 1.186446 0.4918551 0.2619844
-0.03972159 -0.6738171 0.3563896 0.512927 0.7799847
-0.2864906 -0.6614012 0.6882446 0.04827965 0.5350468
0.6201645 -0.5619143 1.352281 0.9890327 0.1675609
-0.1959137 -0.6684431 0.5739044 0.1946797 0.6078156
-0.2186773 -0.5472184 0.9927269 0.1313338 0.3028188
-0.1009853 -0.6753385 0.7306855 0.3320018 0.4998451
-0.1333222 -0.6643326 0.3262423 0.3327897 0.8254327
0.008865215 -0.6660722 0.3653592 0.6030438 0.7586189
-0.159824 -0.6680194 0.6459582 0.2500735 0.5531592
-0.1425159 -0.5972849 1.115564 0.2371393 0.2851941
-0.1974133 -0.6367949 0.7064961 0.1821455 0.5002109
-0.1385513 -0.6716103 0.6783338 0.2811586 0.5323873
-0.2446164 -0.5383433 1.328916 0.1064655 0.1891878
-0.2156056 -0.6576473 0.7368662 0.1591308 0.4964203
0.1440456 -0.6054258 1.056238 0.5857837 0.295845
-0.1386642 -0.4672935 1.363347 0.2133232 0.1317159
-0.2924585 -0.4719254 1.34609 0.03648266 0.1440266
0.1166456 -0.662556 1.347546 0.4959409 0.2411043
0.01549035 -0.6567247 0.3271567 0.6342925 0.792999
0.05000617 -0.6696489 0.5708013 0.595407 0.5821935
-0.2266257 -0.4369021 1.640669 0.1142494 0.05850822
0.005812801 -0.6278643 1.332248 0.3867044 0.2307964
-0.2507159 -0.5461554 0.9955366 0.08713427 0.3028969
-0.2197884 -0.5971386 0.9861214 0.1414155 0.3378775
-0.08633832 -0.4733201 1.346842 0.2739215 0.1378878
-0.2306493 -0.6285632 0.686739 0.1271644 0.5106143
-0.2311739 -0.6306233 0.687784 0.1269423 0.5112793
-0.250767 -0.665718 0.5268697 0.09787732 0.64994
0.1650982 -0.6777278 0.7487535 0.6972865 0.4685009
-0.03720427 -0.6273485 1.268867 0.3484934 0.2497835
0.5097084 -0.674221 1.017881 0.9928621 0.3293511
0.4280435 -0.6963682 0.839855 0.981048 0.4158235
-0.2532913 -0.6673149 0.5980458 0.0980266 0.5962221
-0.139673 -0.6652036 0.3189381 0.3209036 0.8355573
-0.291485 -0.5460114 0.956774 0.02700275 0.3212569
0.1653835 -0.4456479 1.4653 0.5276327 0.08709288
-0.2850481 -0.6464961 0.8448821 0.05834576 0.4371011
-0.2446914 -0.6639745 0.5372703 0.1086627 0.6397201
0.1235559 -0.6657274 0.505551 0.7400222 0.6188776
-0.2616502 -0.4566557 1.009378 0.04613427 0.2342278
0.0575828 -0.6715306 0.5540226 0.6130659 0.5942527
-0.238287 -0.6644715 0.3250946 0.1102443 0.8473458
-0.0393535 -0.6003024 1.297963 0.3414295 0.2263952
-0.1980296 -0.6715069 0.3754819 0.1971906 0.7862713
-0.2505949 -0.6476939 0.711329 0.1020625 0.5089853
0.3489093 -0.4333154 1.311876 0.7602244 0.1060115
0.08154698 -0.6678814 0.5235691 0.6636364 0.6116259
-0.2030402 -0.670984 0.3758389 0.1869412 0.7865134
-0.2267282 -0.6664122 0.9653634 0.1474574 0.3885445
0.1753476 -0.6754431 0.5698382 0.7875538 0.5723244
-0.166597 -0.6459939 0.6506389 0.2347774 0.5378554
0.1180539 -0.6766954 0.7033015 0.6494587 0.4965076
-0.1874235 -0.6638324 0.6566925 0.2051292 0.5466
-0.2172208 -0.4809217 1.307069 0.1252881 0.157245
-0.2555333 -0.6473378 0.9583415 0.1053517 0.3823754
-0.2452707 -0.6554275 0.3548965 0.09350827 0.8095576
0.3417198 -0.4656798 1.641121 0.6589554 0.06354463
-0.1635119 -0.6700596 0.6675215 0.2433298 0.5407876
-0.1926825 -0.5107521 1.349847 0.1598891 0.1647302
0.5936087 -0.4612117 1.349468 0.991738 0.1090038
0.5287317 -0.6594384 1.029602 1.01197 0.3162158
0.3955963 -0.738942 1.239787 0.7818431 0.2981509
0.1857005 -0.6359696 1.262298 0.5816268 0.2471942
0.01741321 -0.666314 0.526705 0.5581294 0.6161758
-0.2963438 -0.6353129 0.9750215 0.04909509 0.3707599
-0.2586144 -0.6592252 0.6883742 0.09176952 0.5308701
-0.2523051 -0.6662387 0.3182606 0.07996973 0.8592551
-0.2209402 -0.6442816 0.7014445 0.1472284 0.5101021
0.3186594 -0.593877 1.208954 0.7365875 0.2330491
0.2221549 -0.5692493 1.222296 0.6337534 0.2187783
0.4299468 -0.6328055 1.034344 0.9112768 0.3046708
0.4967903 -0.560823 1.205048 0.9287626 0.2076839
0.03802524 -0.6713975 0.5271384 0.5912858 0.6161972
0.546178 -0.6070662 1.089224 1.018315 0.2663103
0.5800192 -0.5529035 1.160525 1.036656 0.2118623
0.5843889 -0.5561343 1.167096 1.037011 0.2118145
0.1391067 -0.6841143 1.035013 0.5803949 0.3487068
0.3106543 -0.7411553 1.356785 0.6721683 0.2706548
-0.1847496 -0.6673175 0.3226352 0.2259274 0.8409994
-0.1460386 -0.6663783 0.3103191 0.3090528 0.8475544
-0.283207 -0.5115761 0.9933437 0.03113344 0.2818781
-0.1050729 -0.6773731 0.7459838 0.3245555 0.4927526
0.02161385 -0.6683441 0.3836055 0.618872 0.7395802
-0.1981192 -0.5357938 1.311987 0.1582363 0.1903659
-0.102455 -0.6813052 0.6615578 0.3391646 0.5448199
-0.2449468 -0.6728483 0.3133457 0.09848221 0.8667287
-0.1746093 -0.6673054 0.3236796 0.2472898 0.8377816
0.347367 -0.4405954 1.550331 0.6884953 0.06390268
-0.1005438 -0.6650761 0.3692046 0.3906093 0.7727113
-0.1770911 -0.5535566 1.196582 0.1863471 0.2336147
0.3635431 -0.6833237 0.7721933 0.9415343 0.4443045
-0.1271243 -0.5965297 1.224302 0.2500557 0.2490669
-0.1741082 -0.6718616 0.3181209 0.2499683 0.8463358
0.3236471 -0.6537308 1.183583 0.74093 0.2737642
0.3199024 -0.6570275 1.086397 0.7674068 0.3063318
0.04605002 -1.164504 0.402517 0.5988033 0.8955556
-0.01224665 -0.6651185 0.486199 0.5212435 0.6511807
0.07800638 -0.6626722 0.5845102 0.6349372 0.5656685
-0.2773511 -0.6852337 0.8541385 0.08101478 0.4544098
-0.2508534 -0.6662499 0.3090934 0.08235157 0.8702753
-0.2842354 -0.6662067 0.5179504 0.03685248 0.662131
-0.1455849 -0.6756839 0.7194489 0.2679045 0.5106128
0.3268458 -0.6657293 1.024257 0.7949321 0.3321716
0.3461972 -0.6487563 1.111035 0.7884994 0.2924267
0.2468094 -0.6656885 0.7731071 0.7973998 0.4427406
-0.1413766 -0.661713 0.3180175 0.3168621 0.8353326
0.5530812 -0.5700132 1.118677 1.023126 0.2352433
0.495441 -0.6652724 1.020138 0.9793074 0.3244107
0.009966701 -0.3672937 1.429086 0.3652537 0.04536355
0.01154519 -0.3710573 1.444749 0.3655193 0.04503953
0.5973175 -0.5606957 1.196413 1.034971 0.2060663
0.5975589 -0.5607336 1.196401 1.035209 0.2060825
0.525238 -0.5575359 1.209462 0.9568767 0.2034589
-0.1562719 -0.6645514 0.2979443 0.2885686 0.8638128
-0.2545883 -0.6423433 0.6174649 0.08875152 0.5678238
0.5527608 -0.6507274 1.04227 1.033948 0.3059041
-0.234234 -0.7199896 0.6944169 0.1463387 0.5587646
0.6225921 -0.5982944 1.390553 0.9671057 0.1788822
0.1051946 -0.9967529 0.3473692 0.7154002 0.8873287
-0.1884958 -0.6628851 0.3171012 0.2170209 0.8462731
-0.1882098 -0.6660074 0.3180625 0.2184728 0.8465073
-0.1433139 -0.680003 0.6546973 0.2772273 0.5526143
-0.1197593 -0.6683788 0.6416016 0.3134121 0.5520231
0.1867065 -0.6657567 0.7498584 0.7277002 0.4592967
0.05692614 -0.6451873 1.204903 0.4577954 0.2745392
-0.07158116 -0.6758966 0.4026491 0.4387711 0.7398669
0.5898578 -0.5387259 1.32566 0.97724 0.161317
-0.08029645 -0.6793653 0.6229042 0.3787168 0.5664575
0.3307549 -0.6704522 0.8944391 0.8487858 0.3845608
-0.09322253 -0.6658595 0.3786265 0.4028495 0.7621241
0.3024998 -0.6652537 0.9761314 0.7852085 0.3509429
0.5639893 -0.6944991 1.023866 1.040523 0.335349
0.2161945 -0.6584216 0.6069721 0.8343364 0.5340363
-0.1355312 -0.6784976 0.5675669 0.2978342 0.6109462
