-0.2618819 -0.0008497834 0.1897117 
0.99946 1
0.99946 0
0.0005400776 1
0.0005400777 0
369
-0.005277663 -0.6355414 1.192765 0.4820748 0.3156101
-0.1442092 -0.4836529 1.584185 0.251671 0.1188904
-0.2004107 -0.4984026 1.306804 0.2217028 0.2010759
-0.2523364 -0.474801 1.341133 0.1495213 0.1764954
-0.3241537 -0.6084951 0.9940186 0.1005434 0.4041043
-0.04630843 -0.5725825 1.301003 0.4105826 0.2444884
-0.241224 -0.5141565 1.617968 0.1486661 0.1324803
-0.3291396 -0.6131289 0.9933392 0.09424865 0.4078565
-0.2510468 -0.5376804 1.313427 0.1632876 0.2273148
-0.3844665 -0.5495058 1.549946 0.0002147257 0.1736029
-0.40448 -0.5666677 1.794015 -0.01392174 0.1297917
0.07296762 -0.667037 1.24951 0.5507601 0.3098662
-0.3862801 -0.5230012 1.616776 -0.006918073 0.1414691
-0.2742321 -0.5235029 1.632737 0.1141818 0.1356471
-0.2300538 -0.456363 1.627139 0.1520776 0.09402961
-0.1599317 -0.4490849 1.575849 0.232487 0.09874928
-0.1436082 -0.4386994 1.577634 0.2492377 0.09124774
-0.1605514 -0.5078285 1.301608 0.2728214 0.2074898
-0.1707432 -0.4418528 1.606972 0.2165947 0.08773834
-0.2751045 -0.4767981 1.349896 0.1203428 0.1761453
-0.187738 -0.4408324 1.627082 0.1960721 0.08328426
-0.2808184 -0.5230605 1.646775 0.1065193 0.1324714
-0.1125501 -0.4226444 1.576272 0.282242 0.08033288
-0.3093734 -0.4835597 1.36137 0.07753736 0.178726
-0.2515717 -0.4984446 1.329749 0.1552023 0.1961583
-0.2216204 -0.5225194 1.566136 0.1744899 0.1488106
-0.1671661 -0.4601544 1.333322 0.2556883 0.1655965
-0.4415029 -0.6690291 1.080359 -0.05224287 0.4102013
0.06255198 -0.5355409 1.44054 0.4973165 0.1792678
-0.3479366 -0.541032 1.114179 0.04495641 0.30616
-0.1990425 -0.4621373 1.345603 0.2144609 0.1645685
-0.2693119 -0.6516204 0.8605548 0.2043146 0.4978634
-0.2486085 -0.5330736 1.318841 0.1651502 0.222519
-0.1407874 -0.4724194 1.307437 0.2935942 0.1807489
-0.2211236 -0.6478029 0.8415362 0.2809371 0.5013849
-0.2212321 -0.6479087 0.8420266 0.2806864 0.5011691
-0.2459389 -0.6492278 0.8169623 0.2470571 0.520151
-0.1516576 -0.4742287 1.309426 0.279862 0.1818136
-0.260208 -0.5450368 1.158246 0.1664177 0.2860935
-0.006809652 -0.6403354 1.20819 0.4760978 0.3130667
-0.2597928 -0.6588328 0.8138717 0.2270437 0.5295609
0.1743889 -0.5999002 1.425882 0.6095201 0.2168498
0.01809582 -0.3741688 1.4733 0.4467464 0.06582659
0.01792485 -0.3735058 1.472743 0.4467017 0.06546402
0.06297943 -0.5434073 1.435254 0.49869 0.1853312
-0.269112 -0.6411594 0.9160143 0.1957302 0.4600251
-0.2080154 -0.4431939 1.64618 0.1728117 0.08133906
-0.2678303 -0.5653709 0.9371412 0.1823977 0.3991972
0.1989334 -0.4248482 1.468544 0.6418673 0.09918404
-0.23964 -0.5592456 0.9245737 0.2271425 0.3989523
-0.01245344 -0.6466138 1.213261 0.4681858 0.3152112
-0.3112646 -0.6791139 0.9979371 0.1335012 0.4443043
-0.4474244 -0.7720448 1.067871 -0.03019571 0.473648
-0.4478565 -0.7746978 1.070352 -0.02994204 0.4738847
-0.4399968 -0.7754268 1.079604 -0.01921654 0.469234
-0.05709147 -0.665239 1.11213 0.4412276 0.3660058
-0.2353407 -0.6461855 0.7837395 0.2696579 0.5382315
-0.323682 -0.567444 0.9749893 0.09268672 0.3861991
-0.2754285 -0.5391057 1.311475 0.1333558 0.2298944
-0.1340711 -0.6743202 0.8989228 0.3962488 0.4755304
0.1452095 -0.6208439 1.22209 0.6418536 0.2892358
-0.08761635 -0.6369271 1.132921 0.399684 0.3434229
-0.05064824 -0.5791119 1.289322 0.4081904 0.2522762
0.07354692 -0.6045158 1.429922 0.5076741 0.2218858
0.1506933 -0.6085896 1.213517 0.6525239 0.2846512
-0.2328477 -0.6477534 0.8317804 0.2647021 0.508576
-0.2480126 -0.6478041 0.8295224 0.2414886 0.5117601
0.1433145 -0.5875512 1.219273 0.645398 0.2706752
-0.2556363 -0.5537226 0.9249087 0.2011248 0.3963847
0.1315286 -0.6190763 1.231196 0.6242024 0.2859314
-0.06760922 -0.5450172 1.275082 0.3914495 0.2361968
-0.02665067 -0.5767777 1.310092 0.4307122 0.2434357
0.230013 -0.434269 1.49159 0.6649786 0.09994429
0.01285276 -0.3517791 1.471302 0.4416953 0.04984725
0.1860947 -0.4458799 1.438258 0.6356934 0.1200413
0.04071924 -0.551075 1.440671 0.4738337 0.1892347
0.1596328 -0.6050982 1.202422 0.6668083 0.2858063
0.08913675 -0.5955746 1.060266 0.6402078 0.335542
0.09128326 -0.5832701 1.107438 0.6267323 0.3096106
-0.376658 -0.541642 1.123804 0.003327727 0.3044654
-0.06392035 -0.6025789 1.212194 0.409968 0.2925034
-0.2374359 -0.5604179 0.9372235 0.2287678 0.3929754
0.06986812 -0.6713074 1.241059 0.5495225 0.3151493
-0.240288 -0.669619 0.7590722 0.2691289 0.5693026
-0.2402436 -0.6674184 0.7578323 0.2691921 0.5688549
0.01407084 -0.5375719 1.447655 0.4446649 0.180163
-0.2000736 -0.4883974 1.314139 0.2200582 0.1919991
-0.1684672 -0.6328661 0.9987853 0.3245637 0.4039494
-0.2796827 -0.6484951 0.9693618 0.1752959 0.4375194
-0.2458741 -0.5525814 1.301424 0.1729276 0.2405311
0.07036492 -0.6336287 1.334928 0.5269812 0.2648977
-0.1728763 -0.6706362 0.8600363 0.3505662 0.4988589
0.1062003 -0.6170276 1.045819 0.6631479 0.3533213
-0.2647789 -0.529878 0.9257661 0.1822676 0.3796591
0.08510908 -0.670807 1.368573 0.5307838 0.2746615
0.1377859 -0.6694264 1.015123 0.7038738 0.3943573
-0.1963804 -0.6573411 0.9706887 0.2934073 0.4346347
0.08956769 -0.6267639 1.07606 0.6301489 0.3481798
-0.2491116 -0.5610576 0.9230118 0.2128257 0.4019127
-0.2450413 -0.6489461 0.8438776 0.2438617 0.5034071
0.3921483 -0.5896295 1.305005 0.8689823 0.2355878
0.3919156 -0.5633973 1.302867 0.8764098 0.221055
0.3499853 -0.4262592 1.366883 0.8398194 0.1198217
0.3789586 -0.5577233 1.310798 0.8614525 0.216027
0.3778543 -0.5915053 1.309194 0.8527207 0.2360376
0.2054278 -0.6186032 1.18147 0.7223595 0.2983353
0.3792835 -0.5114375 1.311133 0.8735803 0.1879614
-0.2548075 -0.6565309 0.8833417 0.2238471 0.4860566
-0.2617182 -0.4868428 0.9682947 0.1740148 0.3254359
0.1197105 -0.5962566 1.03397 0.68808 0.344524
0.1916373 -0.5835936 1.081342 0.7560983 0.3136519
-0.1596911 -0.6435123 1.020019 0.33265 0.3998844
0.09271044 -0.5888738 1.085762 0.6357715 0.3212081
-0.2243723 -0.6421176 0.7970374 0.2841403 0.5257675
-0.1701757 -0.6553528 0.7786669 0.3746769 0.5387858
-0.2428244 -0.5414227 0.9200022 0.2202176 0.3890646
-0.2271646 -0.6655481 0.7511585 0.291515 0.5705426
-0.2238582 -0.6553475 0.7833238 0.2890752 0.5425638
-0.1104898 -0.6490471 1.103775 0.3782651 0.3635919
-0.3263324 -0.5793398 0.8339867 0.09954849 0.4739588
0.1257008 -0.6758318 1.013505 0.6891617 0.3995373
0.1537357 -0.6739784 1.015544 0.7214516 0.3955701
0.1669387 -0.6064624 1.177402 0.6839348 0.2946143
0.4517494 -0.5825136 1.368686 0.8997901 0.2124682
-0.06734794 -0.4782535 1.349798 0.3750105 0.1703709
-0.09017275 -0.4672992 1.340542 0.3493454 0.1661376
0.383359 -0.5954348 1.278479 0.8706282 0.2467218
0.01328906 -0.333512 1.465459 0.4440387 0.03722459
0.01386455 -0.3336618 1.466041 0.4445681 0.03721893
-0.04424122 -0.6462858 1.192002 0.4371732 0.3242874
-0.04519367 -0.6448895 1.18986 0.4366106 0.3243059
-0.006987184 -0.6525488 1.182173 0.4821499 0.3292422
-0.2812259 -0.656715 0.8516672 0.1879052 0.5075843
-0.3360168 -0.4118228 0.5706985 0.03147504 0.5542205
-0.3214223 -0.4088196 0.561927 0.0698165 0.5577291
0.132826 -0.6588997 1.019592 0.6981621 0.3868592
0.125147 -0.611886 1.013164 0.700613 0.3623493
-0.4077334 -0.4799324 0.5959788 -0.1143385 0.6031001
-0.3908468 -0.4397254 0.626841 -0.0923701 0.5338998
-0.417007 -0.4288326 0.6136836 -0.1696382 0.5419849
-0.1094604 -0.6745413 0.8804421 0.4355573 0.4831129
-0.02419344 -0.6769891 0.9133165 0.5404823 0.4590191
0.3832996 -0.4136133 1.348049 0.8870303 0.1148831
-0.4816946 -0.6705148 0.7275928 -0.1472727 0.6286136
-0.264631 -0.560866 0.9266053 0.1879228 0.4013186
0.3996883 -0.5048011 1.318944 0.8924412 0.1811525
0.373356 -0.4148234 1.361038 0.8700168 0.1129176
-0.2026678 -0.6471272 0.7974719 0.3187813 0.5258703
-0.1691084 -0.6706302 0.7755728 0.3775488 0.5496435
-0.06801701 -0.6726475 0.8882052 0.4904393 0.4736968
-0.1377957 -0.6659648 0.6311925 0.4751902 0.6463725
-0.3611503 -0.4345945 0.5983982 -0.02230472 0.5517195
0.3591577 -0.5358641 1.309128 0.8477847 0.2041303
0.3914366 -0.5706402 1.228739 0.9086053 0.2465436
-0.002691507 -0.6193709 1.289445 0.4611802 0.273942
0.4051872 -0.5670691 1.251133 0.9127738 0.237287
0.3915147 -0.5940706 1.278871 0.8788567 0.2455036
0.1805733 -0.5841533 1.077241 0.7448232 0.3161989
0.3438667 -0.4226227 1.37761 0.8294868 0.1150252
-0.3428591 -0.4133794 0.5740471 0.01382273 0.5535617
-0.3496215 -0.4382918 0.5313365 0.008063197 0.6265498
-0.2465353 -0.6693701 0.7102688 0.2684825 0.6045915
-0.2030397 -0.6582277 0.7948068 0.3195905 0.5342795
-0.2033128 -0.6578834 0.7938074 0.3193679 0.5347435
-0.3516367 -0.4396505 0.531026 0.003234476 0.6286147
-0.3780003 -0.5163569 1.55201 6.756186E-05 0.1523029
-0.3775921 -0.5174583 1.555374 0.0008222461 0.1521763
-0.4322711 -0.668235 0.6301652 -0.06450868 0.7014803
-0.4231371 -0.6175814 0.6193509 -0.07060421 0.6802669
-0.1104109 -0.6711201 0.801129 0.4584121 0.5267566
-0.1023156 -0.4627159 1.3634 0.3302808 0.1571363
-0.439402 -0.6587642 0.6439114 -0.08182913 0.6850064
-0.3303825 -0.674738 0.986108 0.106476 0.4493989
-0.4511519 -0.6654174 0.653518 -0.1008619 0.682406
0.09684435 -0.6605247 1.042122 0.6464923 0.3810015
0.375389 -0.4399844 1.313807 0.8878878 0.1412195
-0.1148853 -0.6708267 0.9161828 0.4181673 0.462563
-0.06372279 -0.6661235 0.726756 0.5560791 0.5654124
-0.06912509 -0.6711718 0.8123723 0.5146732 0.5152922
-0.1585868 -0.6322925 1.064156 0.3247517 0.373504
-0.07205248 -0.6416868 1.157551 0.4127532 0.3358759
0.3453548 -0.5405758 1.183856 0.8910583 0.2439389
0.4176427 -0.5706871 1.221283 0.9389789 0.2476925
0.0109508 -0.6091462 1.226417 0.4928789 0.2877179
0.0330635 -0.6564005 1.232833 0.5131215 0.3116046
-0.3589333 -0.5658013 0.5279531 0.04513755 0.7287822
-0.3543431 -0.577338 0.5257047 0.06068138 0.7375028
-0.2273568 -0.6209511 0.6162795 0.3197393 0.6479571
-0.2278297 -0.6199433 0.6156667 0.3189318 0.6479623
-0.2802456 -0.6423992 0.9128944 0.1796537 0.4636182
-0.1211368 -0.6602864 0.7162536 0.4712798 0.5769657
0.3694084 -0.5130541 1.308494 0.8642945 0.1899827
-0.4226487 -0.6376884 0.6136602 -0.06044036 0.6976085
-0.3602372 -0.5440283 1.180506 0.02757299 0.2826914
-0.2153218 -0.457817 1.324972 0.1956177 0.1678699
-0.4324512 -0.672034 0.6254065 -0.06351221 0.7080013
-0.04313651 -0.6701367 0.7127508 0.5929155 0.5743914
0.005678445 -0.6706956 0.7661633 0.6409221 0.5340884
-0.3288376 -0.5711983 0.8073417 0.09468437 0.4857343
0.1242586 -0.6214225 1.21955 0.6199012 0.2914492
-0.08564234 -0.669744 0.7189677 0.5251518 0.5757038
-0.1320194 -0.6634629 0.704435 0.457936 0.5886613
-0.4115034 -0.6670253 0.5996131 -0.025397 0.7253774
-0.06424487 -0.6637251 0.7376878 0.551083 0.5568418
-0.05787441 -0.6688439 0.8416482 0.5204532 0.4958501
-0.0284532 -0.6692662 0.7944167 0.580049 0.5201822
-0.1271717 -0.6672093 0.6366416 0.4909344 0.6409731
-0.1189205 -0.6747791 0.8129788 0.4420697 0.5227234
-0.06454149 -0.6491697 1.15421 0.4223934 0.3410155
0.5282084 -0.4629051 1.388843 0.9974674 0.1346094
-0.01058462 -0.6396502 1.17785 0.4797409 0.3235999
0.3867809 -0.5980507 1.14963 0.9350682 0.2877249
0.4382531 -0.5720811 1.212783 0.9637824 0.2501876
-0.2728759 -0.5028169 0.9617749 0.1598134 0.3417894
-0.1461416 -0.4635099 1.357209 0.2784049 0.1606768
-0.1699361 -0.6412999 1.036654 0.3156577 0.3918523
-0.2732707 -0.4924529 0.9773636 0.1554428 0.3262892
-0.2001069 -0.5273752 0.9613767 0.2780455 0.3542739
-0.3577895 -0.5350929 0.5268679 0.03454664 0.7093688
-0.323469 -0.6783392 0.9914069 0.1166885 0.448208
-0.1303942 -0.6645354 0.5795023 0.5092964 0.6876831
-0.240354 -0.5148262 1.330738 0.1716198 0.206496
-0.2455957 -0.6627863 0.9118384 0.2340634 0.4730155
0.3415222 -0.6491141 1.141856 0.8768257 0.321811
0.4926733 -0.5746137 1.256761 0.9944082 0.2366186
-0.1087701 -0.6689435 0.7743999 0.4697546 0.5418556
0.5265228 -0.5883933 1.339813 0.980974 0.2206479
-0.3813844 -0.5442308 1.16077 -0.002228975 0.2916942
0.3763457 -0.5925611 1.15725 0.9219275 0.2825185
0.1014281 -0.645072 1.045576 0.6529897 0.3703564
-0.3165334 -0.5868013 0.9797333 0.1079176 0.3963131
-0.0809954 -0.670085 0.8103545 0.4983477 0.5172046
-0.3781767 -0.6633372 0.5546435 0.04072955 0.7610964
0.3661152 -0.4330798 1.31596 0.8789482 0.1362524
0.378708 -0.4157012 1.358164 0.8767554 0.1140662
-0.04543874 -0.6686476 0.6948972 0.5976231 0.5861214
-0.3735399 -0.6246968 0.5432804 0.03584316 0.7508122
0.4910519 -0.5791528 1.297805 0.9708091 0.2278917
-0.05888823 -0.6657797 0.7449258 0.5559878 0.5526193
-0.07474896 -0.6677678 0.575741 0.6075706 0.6825601
-0.3295829 -0.4190499 0.5888982 0.0514833 0.5406276
-0.06918168 -0.6657754 0.6865699 0.5646877 0.5937137
-0.3488238 -0.6625655 0.5226138 0.1034392 0.7878588
-0.3207003 -0.5817358 0.8247875 0.1104558 0.4807432
0.07791796 -0.5790852 1.076222 0.6228143 0.319668
-0.2416652 -0.6511917 0.6461976 0.2887921 0.643154
0.1538641 -0.6685888 0.7066051 0.8843365 0.5519421
0.07883558 -0.666437 0.6382048 0.8196252 0.607357
-0.3470177 -0.5485409 1.169529 0.04722795 0.2891983
-0.399385 -0.5583981 0.5774876 -0.05147373 0.6791066
0.1343676 -0.5948046 1.106167 0.6763996 0.3146728
0.1350951 -0.6408146 1.023299 0.7027227 0.3746884
-0.0698944 -0.6689145 0.7085268 0.5538298 0.5802256
-0.1230268 -0.6597335 0.5466191 0.5379571 0.7133294
0.02249894 -0.6699755 0.8508199 0.6274486 0.4830734
-0.1757111 -0.635261 0.9957873 0.3154219 0.4074255
-0.3771673 -0.6289066 0.5509598 0.02955669 0.7458357
0.5002619 -0.5760619 1.35451 0.9532757 0.2108582
-0.2334432 -0.6735232 0.7674546 0.2788709 0.5650035
0.3770535 -0.4317392 1.41377 0.8453446 0.1122872
-0.05099127 -0.6661999 0.7285488 0.5746818 0.5625826
0.0620015 -0.6630306 0.6166033 0.8087795 0.6240106
-0.02711993 -0.6285188 1.236032 0.4465596 0.2978114
0.005512744 -0.6631813 0.5414471 0.7659776 0.6952039
0.2045607 -0.431069 1.448403 0.6537397 0.1075953
-0.1464725 -0.663486 0.634366 0.459341 0.64386
-0.2301916 -0.4761283 0.9565755 0.2250133 0.3202841
-0.3124429 -0.5548573 0.9941917 0.1059728 0.3670174
0.1389295 -0.6686069 0.7159101 0.8575232 0.5479263
0.1176808 -0.6603181 1.058699 0.6645861 0.3726906
0.01913795 -0.6733816 0.8296418 0.6312894 0.4970071
-0.3457208 -0.6616361 0.5237963 0.1095747 0.7853634
-0.08852988 -0.665899 0.641812 0.5531581 0.6299559
-0.1548664 -0.6266543 0.6520205 0.4397535 0.609468
-0.01444504 -0.6655407 0.7387394 0.6250309 0.5508246
0.04693609 -0.6643634 0.5979534 0.7966588 0.6415532
-0.1048994 -0.6630957 0.6324742 0.5304036 0.6383064
-0.1687212 -0.6655762 0.5561501 0.449806 0.7166863
-0.3724444 -0.4304481 0.6182644 -0.05214167 0.530242
0.08543089 -0.6701929 1.075119 0.6196957 0.3739028
0.1351438 -0.5556877 1.249306 0.6302198 0.2421649
0.4644614 -0.5734339 1.274263 0.9584413 0.2321024
0.165001 -0.5907382 1.23641 0.6625629 0.2660882
-0.09418589 -0.6621065 0.7247624 0.5103485 0.5684949
0.378967 -0.6148349 1.207475 0.8936404 0.279194
-0.1145157 -0.6644984 0.618999 0.519814 0.6515063
0.0673323 -0.67418 0.9917791 0.6281625 0.4124884
0.03017852 -0.6638182 0.574257 0.7852607 0.6631352
-0.4645864 -0.6634574 0.5267921 -0.1477786 0.811947
0.16912 -0.5416667 1.12494 0.719404 0.2725379
-0.413119 -0.6627609 0.5983874 -0.03055787 0.7245563
0.1572901 -0.5702811 1.191418 0.6737979 0.2685997
0.07040128 -0.6407883 1.267884 0.5448895 0.2894918
0.3354605 -0.6541146 1.157374 0.8619962 0.3196181
0.4587218 -0.573733 1.237829 0.9709634 0.2428983
0.1717898 -0.5645927 1.170758 0.6992 0.2712394
0.01494423 -0.6385257 1.205225 0.5015497 0.311865
-0.1734325 -0.6676008 0.76412 0.3738731 0.5558923
-0.004577309 -0.6584829 0.4566257 0.8101578 0.7760973
0.0427888 -0.6603342 0.5299726 0.8380574 0.6968381
-0.1340123 -0.6377837 0.6501158 0.4760319 0.6143564
0.07132015 -0.6630841 0.5548069 0.866044 0.6717578
0.1651852 -0.6662754 0.6926441 0.9102945 0.5581334
-0.1137486 -0.6643757 0.6631117 0.502949 0.6167549
0.01053748 -0.6597251 0.4873786 0.8138233 0.7424939
-0.04522535 -0.6573718 0.4130606 0.7667685 0.8332101
0.09118238 -0.6624597 0.5938321 0.8699754 0.6365762
0.01899216 -0.6597326 0.5000692 0.8193424 0.728568
0.175692 -0.6678319 0.7070816 0.9147398 0.5484964
-0.05282116 -0.6562959 0.4048522 0.7584778 0.8442969
-0.07020387 -0.6663662 0.6639777 0.5729588 0.6106187
-0.1810083 -0.4479921 1.5895 0.2077912 0.09553087
-0.2177005 -0.5215374 0.9390762 0.254162 0.3625463
-0.369407 -0.5741171 1.2958 0.02259493 0.2618997
-0.2967668 -0.6674369 0.9880719 0.1524679 0.4410352
-0.2842309 -0.6693526 0.8438506 0.1863849 0.5201913
-0.3880558 -0.4506635 0.6701531 -0.07413411 0.5033136
-0.3884596 -0.4571413 0.6700811 -0.07153881 0.5091675
-0.4040743 -0.6274248 0.593066 -0.02767724 0.7077684
-0.2327995 -0.6687157 0.7736906 0.2781509 0.5579645
-0.05876493 -0.6456345 1.133252 0.4343611 0.3465706
0.1918992 -0.57877 1.139466 0.7321694 0.2896696
0.0784069 -0.6052079 1.432933 0.5117842 0.2213093
0.2580709 -0.5568463 1.363298 0.7193736 0.2056519
-0.1730983 -0.6593549 0.5628441 0.4393744 0.7079505
0.1682971 -0.6647441 0.680552 0.9235106 0.5647354
0.1103109 -0.6596863 0.6081715 0.8906065 0.6210246
0.4687394 -0.577467 1.30687 0.945568 0.2252889
-0.1415547 -0.6383806 0.6552519 0.4611143 0.6119018
-0.2850747 -0.6510277 0.6251673 0.2135614 0.6685045
-0.3344734 -0.4181866 0.5738373 0.03867579 0.5565984
-0.3547504 -0.5337123 0.523415 0.04145786 0.7116868
0.3960862 -0.6522058 1.120947 0.9425501 0.3277101
0.09176725 -0.6620128 0.5763307 0.8836209 0.6500449
0.01529938 -0.661044 0.5386331 0.7852149 0.6946988
-0.3956792 -0.4325543 0.6179675 -0.1104771 0.5369516
-0.05466506 -0.6608038 0.7045273 0.5802096 0.5761962
0.1378151 -0.6664305 0.6563065 0.8955284 0.5861114
-0.04007742 -0.6566367 0.4303567 0.7639789 0.8118725
0.05992827 -0.6640518 0.6262732 0.7990176 0.6176306
-0.4640396 -0.6674632 0.6746314 -0.122479 0.667477
-0.2769556 -0.6638123 0.6312215 0.2297101 0.669117
-0.04871637 -0.6681914 0.6093649 0.6339475 0.6503419
-0.07307944 -0.6569011 0.375762 0.7395993 0.8858786
-0.01660964 -0.6674584 0.8317542 0.5820025 0.4962034
-0.0003269613 -0.6561221 0.4507946 0.8234816 0.7800228
-0.06932914 -0.6529306 0.3856892 0.7411519 0.8705131
-0.1826185 -0.5854792 1.003048 0.3008968 0.3730718
0.0724144 -0.619527 1.097764 0.6029615 0.3365339
0.3425477 -0.6784763 1.20477 0.8419821 0.3167302
0.3472869 -0.4977627 1.312996 0.8434047 0.1799278
-0.3149802 -0.5579154 0.9765008 0.1038494 0.3780858
0.007427394 -0.6660681 0.7567432 0.6486441 0.537024
0.211461 -0.6099908 1.080354 0.7734838 0.328882
-0.2452833 -0.6700608 0.7759205 0.2579873 0.5589086
0.3457941 -0.6597782 1.208168 0.8482686 0.3054608
-0.3578396 -0.4339413 0.5285391 -0.01733607 0.6280784
-0.1040409 -0.664818 0.7082161 0.5010024 0.5828222
-0.399077 -0.4383135 0.5852517 -0.1209819 0.5767625
-0.3851163 -0.6211897 0.5653697 0.009228975 0.7280685
-0.120137 -0.6655797 0.6300194 0.505585 0.6441685
0.1669728 -0.5388993 1.189193 0.6909599 0.2491861
0.2394882 -0.666118 0.7742419 0.9567379 0.5003728
-0.3476966 -0.5344272 0.5266828 0.05891884 0.7066443
0.133244 -0.5943983 1.016689 0.7125073 0.3495457
0.1284222 -0.5789043 1.234776 0.6247238 0.2612044
-0.0587171 -0.6586895 0.3874226 0.759194 0.868047
-0.1259869 -0.6647463 0.6116425 0.5032982 0.6596339
-0.3144743 -0.5787185 0.8120053 0.1214418 0.4861273
