-0.6607319 0.06778112 0.5801651 
0.99946 1
0.99946 0
0.0005400776 1
0.0005400777 0
312
-0.01306337 -0.6262484 1.190904 1.012261 0.5658805
-0.1435465 -0.4752516 1.590247 0.6646326 0.3456162
-0.2031587 -0.4899765 1.308585 0.745374 0.4562637
-0.2541515 -0.467541 1.345625 0.6639968 0.4321803
-0.3330107 -0.5971397 0.9928704 0.762632 0.7273022
-0.2808011 -0.5294487 1.308985 0.6416011 0.4902486
-0.4098814 -0.5451534 1.605327 0.3683951 0.4016185
-0.2466534 -0.5060508 1.617655 0.5424628 0.3629684
-0.3370737 -0.6056643 0.9930052 0.7540243 0.7332394
-0.1148781 -0.4702936 1.571854 0.7036814 0.3458541
-0.3434412 -0.62428 1.003014 0.7320449 0.7378907
-0.2763331 -0.5192906 1.168695 0.7347361 0.5522271
-0.2244665 -0.6555849 0.9380625 0.9518985 0.7773963
-0.2539273 -0.5279738 1.314111 0.6725491 0.4838011
-0.4148903 -0.5202706 1.606876 0.3617128 0.3873006
-0.3866847 -0.5423378 1.55232 0.410761 0.4153089
-0.3866278 -0.5435541 1.552792 0.4106743 0.415844
-0.4062477 -0.5577844 1.795192 0.3237606 0.3540825
-0.4058188 -0.5556005 1.790982 0.325083 0.3539892
-0.01627737 -0.5776927 1.307637 0.9386491 0.4881687
-0.2683482 -0.5297554 0.9438559 0.931788 0.7081594
0.06611437 -0.6541422 1.246016 1.04481 0.5454995
-0.4256313 -0.5402927 1.809843 0.3000938 0.342362
-0.4027468 -0.5422587 1.798852 0.3258338 0.3447402
-0.3859819 -0.5128744 1.616657 0.3913109 0.3776937
-0.4703858 -1.044138 1.074289 0.4730301 0.9007957
-0.5913423 -1.07786 1.179797 0.2963947 0.8684148
-0.5613539 -0.5509682 1.928113 0.143539 0.3274385
-0.2732664 -0.5334856 1.206756 0.7108243 0.540651
-0.2571588 -0.4846383 0.981052 0.9308767 0.6452801
-0.2746935 -0.5192266 0.943023 0.926924 0.7033959
-0.4437782 -0.7681941 1.080439 0.5186405 0.7792287
-0.008179486 -0.6343173 1.180862 1.022684 0.5744254
-0.233826 -0.4461293 1.624498 0.5575845 0.3250534
-0.4032274 -0.5341458 1.598437 0.3776675 0.3969915
-0.1640939 -0.4390247 1.573412 0.6554321 0.3300698
-0.1443107 -0.4314128 1.581625 0.6736177 0.3218336
-0.1642277 -0.4960746 1.298711 0.79792 0.4598209
-0.1753055 -0.4307464 1.604473 0.6301297 0.3172944
-0.1317443 -0.4281142 1.576663 0.6898111 0.3203314
-0.2183005 -0.5319874 1.6191 0.5695397 0.3750386
-0.424695 -0.5668786 1.787452 0.3072839 0.3620546
-0.3826722 -0.5040046 1.597728 0.4007978 0.3780526
-0.5971258 -0.772783 1.174273 0.2678963 0.7499146
-0.1331345 -0.4695715 1.303707 0.8386246 0.4372382
-0.2790152 -0.4664992 1.348256 0.6312435 0.4331354
-0.192265 -0.4287931 1.622823 0.6042017 0.3123293
-0.2887095 -0.5136788 1.641707 0.4888892 0.3634828
-0.3914543 -0.5519361 1.20802 0.545099 0.5698493
-0.4177419 -0.5919304 0.7819875 0.8119563 0.9612405
-0.4008264 -0.5245378 1.569502 0.3890082 0.4005525
0.01949126 -0.6371415 1.214213 1.025925 0.5565337
-0.2746164 -0.5574942 0.9392176 0.9149028 0.7315303
-0.1136758 -0.4119515 1.577672 0.7108483 0.3089098
-0.3157457 -0.4722251 1.357146 0.5789037 0.4373229
-0.1665446 -0.4686109 1.62102 0.6278497 0.3348802
0.02633733 -0.3667331 1.462224 0.9386657 0.3020765
-0.2692893 -0.5020739 1.673755 0.498482 0.3467146
-0.2336834 -0.5998385 0.9340974 0.9653033 0.7512882
-0.324603 -0.5512244 0.9822662 0.797762 0.7051013
-0.5641357 -0.5714205 1.498299 0.2131559 0.4692834
-0.250482 -0.4958768 1.338814 0.668025 0.4528537
-0.2953764 -0.5339801 1.146485 0.7201753 0.5773287
-0.2193446 -0.5320972 1.590057 0.5800473 0.3836839
-0.4353411 -0.5469356 1.268572 0.4549683 0.5412751
-0.5914662 -0.5687649 1.324023 0.2150674 0.5494393
-0.5559216 -0.5792624 1.496662 0.2247206 0.4735759
-0.2830648 -0.4753044 1.35048 0.6237491 0.4384551
-0.6005948 -0.5601821 1.286617 0.2096012 0.5652646
-0.6223434 -0.5737804 1.205719 0.1978534 0.6250527
-0.4369426 -0.5587272 1.345384 0.4214586 0.5115752
0.006429017 -0.3350429 1.48166 0.9128484 0.2765906
0.01808602 -0.3338525 1.468794 0.9347677 0.2784746
-0.3037812 -0.6773435 1.006177 0.7746884 0.7556841
-0.7098459 -0.6113704 1.279326 0.05269042 0.6189338
-0.583572 -0.6690674 1.174973 0.2781943 0.6933647
-0.6007193 -0.6656948 1.170122 0.253269 0.6981621
-0.3260217 -0.7416358 0.994175 0.7366742 0.8026104
-0.4108582 -0.5844521 0.835309 0.7728869 0.8900871
-0.2006612 -0.4922801 1.640537 0.5823174 0.3455241
-0.304859 -0.507093 1.315845 0.6102301 0.4761288
-0.6859298 -0.5649595 1.336012 0.07169819 0.5550257
-0.3678558 -0.5100095 1.537026 0.4378156 0.3998423
-0.4455843 -0.5581008 1.344599 0.4103324 0.5126787
-0.4910467 -0.5655668 1.398208 0.3324836 0.4988887
-0.4597208 -0.5643272 1.380742 0.3789255 0.5019454
-0.4452616 -0.5671645 1.220265 0.4615932 0.5812564
-0.4461248 -0.6638141 1.084343 0.5209262 0.7235584
-0.6053295 -0.569673 1.211691 0.222961 0.6155744
0.05831212 -0.5265191 1.442891 0.9398005 0.4035621
-0.4861324 -0.5552009 1.224192 0.4005549 0.5782854
-0.5412604 -0.5482501 1.342249 0.2799173 0.5205182
-0.5264323 -0.5600162 1.225071 0.3401491 0.5875649
0.03106165 -0.3347291 1.46543 0.950982 0.2791894
0.0257616 -0.3321666 1.459845 0.9499688 0.2792306
-0.4242125 -0.59568 0.7782526 0.8017185 0.9707896
-0.2183375 -0.4409204 1.627794 0.5732359 0.3200244
-0.7194154 -0.7309726 1.303006 0.06242112 0.6726994
-0.3402345 -0.541118 1.12851 0.6665105 0.6003825
-0.4033349 -0.5297478 1.556538 0.3901979 0.4080885
-0.4017411 -0.6547009 0.8705208 0.7358615 0.8879751
-0.8825455 -1.260638 1.396449 -0.03517038 0.8548777
0.002450764 -0.5448723 1.35536 0.9353132 0.4491573
-0.3850552 -0.5663552 1.508775 0.4269055 0.4439915
-0.1987321 -0.4567735 1.352995 0.7302448 0.4163759
-0.5380251 -0.5662299 1.503246 0.2444402 0.461529
-0.5597892 -0.563767 1.421048 0.2352848 0.4962683
-0.1248198 -0.5311321 1.216436 0.893955 0.5135198
-0.2812192 -0.5467449 1.148962 0.7354575 0.5816792
-0.4178146 -0.585631 0.8037578 0.7910588 0.9304949
-0.1756957 -0.4417065 1.587695 0.6360706 0.3285402
-0.2419891 -0.4714884 1.342575 0.6803324 0.4346728
-0.7771865 -0.7478597 1.332259 -0.01845014 0.6744691
-0.246088 -0.457868 0.961453 0.9818195 0.6382422
-0.1762177 -0.4954925 1.605267 0.6218445 0.3554008
-0.5719647 -0.572096 1.895718 0.1394244 0.3466997
-0.3311603 -0.7037928 0.9946607 0.7376249 0.7845676
-0.4934847 -0.5569673 1.204072 0.3978531 0.5922461
-0.2480673 -0.548595 1.091746 0.8230785 0.611026
-0.5166084 -0.5642759 1.316863 0.3233866 0.5394232
-0.3316826 -0.5489802 0.9800308 0.7890179 0.7071368
-0.186737 -0.5169506 1.281911 0.7766641 0.4828366
-0.129627 -0.4668145 1.580529 0.684724 0.3424085
-0.1146027 -0.4680121 1.308684 0.857777 0.4322283
-0.1709722 -0.4970515 1.322098 0.7746046 0.4515518
-0.2179856 -0.4878235 1.322208 0.7191898 0.4508976
-0.1026685 -0.4203246 1.56633 0.7269416 0.3164277
-0.1728835 -0.5209737 1.279169 0.7944114 0.4848529
-0.3234918 -0.7172011 0.9976071 0.7433487 0.7873212
-0.4768378 -0.6591831 1.087729 0.4734642 0.7252834
-0.5763266 -1.065921 1.16537 0.3172107 0.870434
-0.677252 -0.579545 1.248576 0.1015589 0.6121928
-0.05562073 -0.5845652 1.315389 0.8892 0.4933451
-0.7198163 -0.5689759 1.312463 0.02283517 0.5756628
-0.4418196 -0.5551305 1.222414 0.4659904 0.5720026
-0.4894824 -0.569522 1.307997 0.3643366 0.5431625
-0.08441186 -0.4672724 1.288582 0.9081945 0.4365308
-0.2270848 -0.5253206 1.307508 0.7098503 0.4817862
-0.3496595 -0.5729759 0.7814826 0.9528399 0.9238334
-0.007017195 -0.5971205 1.247262 0.9858644 0.5232419
-0.4006231 -0.6751428 0.8799347 0.7245333 0.8887451
-0.2875789 -0.4557009 1.377171 0.6065021 0.4154618
-0.3187926 -0.5100501 1.557007 0.486705 0.3891867
-0.560102 -0.5633044 1.163775 0.3098496 0.6334925
-0.5595116 -0.5632335 1.16327 0.310978 0.6336626
-0.4698855 -0.5661458 1.201677 0.4340284 0.5953556
-0.1914464 -0.6089145 1.140225 0.8448932 0.6092246
-0.5620016 -0.5575679 1.360046 0.2467701 0.5205849
-0.135632 -0.546253 1.234143 0.8636627 0.5159474
0.03003198 -0.3198635 1.462967 0.9561506 0.2695538
0.01755399 -0.3127839 1.447616 0.9557367 0.2693392
-0.008029699 -0.6152858 1.213117 1.00444 0.5487653
-0.396815 -0.5728694 0.7994505 0.8414957 0.9202502
-0.3996023 -0.5697316 0.7979473 0.8390585 0.9213647
-0.5972314 -0.6688145 1.198367 0.2508523 0.680795
-0.6509088 -0.5550071 1.368827 0.1171135 0.5269928
-0.5804608 -0.7746683 1.172767 0.2919893 0.7484318
-0.717545 -1.184438 1.293787 0.1409908 0.8592075
-0.1423643 -0.4438082 1.553042 0.6878917 0.3372166
-0.2112206 -0.4403421 1.619046 0.5845213 0.3215499
-0.3408064 -0.4850345 1.675482 0.4227904 0.341337
0.06591356 -0.637123 1.239401 1.055473 0.5394199
0.06595421 -0.6373689 1.239975 1.054992 0.5392979
-0.6313792 -0.5594863 1.397653 0.1411016 0.5133189
-0.6325266 -0.5588208 1.396493 0.13957 0.513603
-0.6650898 -0.5637416 1.319854 0.1055996 0.5596473
-0.2233795 -0.4082127 1.660521 0.5571204 0.2919807
-0.253431 -0.5229324 1.316203 0.6727835 0.4797176
-0.6354765 -0.5795431 1.316221 0.1537236 0.5667738
-0.3117754 -0.5529649 0.9998335 0.8024573 0.6896419
-0.4630765 -0.5586357 1.344892 0.3869337 0.5151594
-0.462845 -0.5595663 1.34706 0.3864822 0.5146894
-0.318486 -0.6068525 0.9925421 0.7824526 0.7298839
-0.2160107 -0.5061579 1.310481 0.7252133 0.4672447
0.005266726 -0.322494 1.5031 0.9005727 0.2624841
-0.3173532 -0.5528541 1.175593 0.6670133 0.576441
0.0716905 -0.6366766 1.272088 1.037107 0.5246931
0.07272166 -0.6376783 1.273954 1.036452 0.5243312
0.02540702 -0.6195888 1.244635 1.015197 0.5327525
-0.2829479 -0.633814 0.9124885 0.8977097 0.8018551
-0.4162756 -0.6652502 0.8628353 0.7145503 0.9061356
-0.2044719 -0.4339303 1.5853 0.6069627 0.3263795
-0.3495016 -0.5729889 1.292544 0.5575445 0.5332129
-0.6943932 -0.5612589 1.295781 0.06306055 0.5760023
-0.6755268 -0.5649803 1.256619 0.09987184 0.5978937
0.01062489 -0.5854831 1.323409 0.9539417 0.4833279
-0.1399806 -0.4672567 1.314416 0.8237006 0.4321765
-0.222609 -0.6455171 0.8441433 1.056167 0.8531723
-0.2224453 -0.6455622 0.8443108 1.056205 0.8529881
-0.5638405 -0.5651077 1.445425 0.2243867 0.487095
-0.4561718 -0.568686 1.538872 0.334785 0.4414548
-0.55336 -0.5611856 1.225008 0.2992691 0.5929437
-0.5539182 -0.5585023 1.222071 0.299176 0.5930704
-0.1459285 -0.4949991 1.313217 0.8106509 0.4510887
-0.1493551 -0.5631902 1.276113 0.8146011 0.5088217
-0.09841424 -0.4446687 1.54595 0.7379682 0.336679
-0.01071787 -0.6310019 1.207813 1.00023 0.5601918
-0.01143187 -0.6148097 1.254379 0.9702622 0.5304857
-0.2491778 -0.6367288 1.033057 0.8418075 0.7022818
-0.7036303 -0.6205282 1.274956 0.06506523 0.6258489
-0.4333523 -0.5372603 1.826248 0.2885838 0.3371463
-0.6090187 -0.6738336 1.178905 0.2390416 0.6984875
-0.9056107 -1.254959 1.398788 -0.06143504 0.8558163
-0.7236825 -1.214224 1.290552 0.1385318 0.8713287
-0.8653073 -0.9971678 1.38854 -0.07399648 0.7672852
-0.7790118 -0.6917054 1.342384 -0.03652811 0.6398969
-0.7796294 -1.080495 1.332422 0.04988033 0.814072
-0.4283645 -0.62746 1.068414 0.559628 0.7105558
-0.1001489 -0.5690199 1.24759 0.8897104 0.5187575
-0.2625266 -0.6430542 0.8339139 1.006438 0.87413
-0.2487554 -0.6441197 0.8179556 1.046095 0.8863888
-0.4192015 -0.5733332 1.571216 0.3683567 0.4293935
-0.1028884 -0.5782249 1.159644 0.9492918 0.5669453
-0.4690281 -0.5533957 1.575652 0.3091757 0.4211769
-0.1490867 -0.471759 1.31967 0.8081625 0.4339851
-0.2040656 -0.4781772 1.313348 0.7436877 0.4467615
-0.6894716 -0.5651693 1.274614 0.07472643 0.5898085
-0.2890371 -0.5646221 0.9629003 0.8667902 0.7203506
-0.2199432 -0.4566714 1.34787 0.7072145 0.4204913
0.130969 -0.6720608 1.375546 1.012044 0.4965258
0.02919954 -0.3275254 1.475378 0.9440882 0.2717005
-0.2645101 -0.5350633 1.157698 0.7550356 0.5665889
-0.1472023 -0.4444115 1.611805 0.6547737 0.3217954
-0.2856346 -0.51003 1.141978 0.7424248 0.5626036
-0.2794027 -0.5419382 1.169559 0.7250791 0.5667894
-0.02273244 -0.6253229 1.201742 0.9935386 0.5615655
-0.3603766 -0.5381799 1.203416 0.5928335 0.5587204
-0.2760689 -0.6644706 0.9015619 0.9067969 0.8262091
-0.2905431 -0.652987 0.9007277 0.8898343 0.8248237
-0.4105088 -0.5543562 1.684284 0.3463887 0.3828073
-0.7228165 -0.55949 2.057085 -0.02744901 0.3115984
-0.3525686 -0.538012 1.334458 0.5366514 0.4931475
-0.3776086 -0.5269905 1.678382 0.3825744 0.366968
-0.6132824 -0.5545943 1.234068 0.2023343 0.5938091
-0.7043507 -0.5623078 1.291874 0.04796294 0.5805403
-0.8891712 -1.317875 1.414057 -0.03152603 0.8634019
-0.4817731 -0.5605348 1.107589 0.4599292 0.6537344
-0.5098202 -0.55857 1.145727 0.3973229 0.6324759
-0.4988449 -0.5641437 1.130986 0.4213588 0.643614
-0.4486512 -0.5144223 1.799116 0.2772676 0.3325167
-0.5567979 -0.5545019 1.452958 0.2308009 0.4767783
0.2008197 -0.4174186 1.4715 1.092522 0.3204636
-0.6487587 -0.5604026 1.248791 0.1433728 0.594958
-0.4282358 -0.5989703 0.7826701 0.7877854 0.9685177
-0.08239633 -0.5345735 1.278794 0.897936 0.4824949
-0.3981564 -0.5674092 0.7876699 0.8545071 0.9322343
-0.7037439 -0.6076979 1.328192 0.0553062 0.588008
-0.21262 -0.4613442 0.9963183 0.9954572 0.6076534
-0.2604089 -0.5252116 0.9363041 0.9543811 0.7093577
-0.213609 -0.6343113 1.074188 0.8584242 0.6667994
-0.5747131 -0.5588287 1.263295 0.2547418 0.5731195
-0.3025074 -0.5438418 1.198404 0.6748167 0.5559884
-0.5476488 -0.5571165 1.378938 0.2616678 0.5095641
-0.456331 -0.5593534 1.449625 0.3605879 0.4697078
-0.271092 -0.6690465 0.7749529 1.047321 0.9527993
-0.1933931 -0.6311364 1.107919 0.8599793 0.64077
-0.1904054 -0.5555388 1.270439 0.7710747 0.512015
-0.1960576 -0.5115645 1.290145 0.7611672 0.4770017
-0.2635885 -0.6556781 0.8158891 1.018685 0.8993984
-0.2099075 -0.5051581 0.9755783 1.001096 0.6531148
0.1622378 -0.4393492 1.442628 1.068819 0.3444914
-0.441404 -0.7799288 1.073854 0.5242921 0.7889047
-0.07236403 -0.4376903 1.594597 0.7410062 0.3175495
-0.2360424 -0.6386207 0.9501593 0.9306269 0.7613128
-0.3260834 -0.5796568 0.8137755 0.953758 0.8812102
-0.2558597 -0.6336456 0.8390968 1.01597 0.8618238
0.2514424 -0.4631972 1.57588 1.052211 0.3173162
-0.1394631 -0.529342 1.278745 0.8327805 0.4861381
-0.3974603 -0.6616377 0.8525174 0.7567797 0.9087945
-0.260481 -0.648641 1.01014 0.8407298 0.7274647
-0.0891642 -0.4553161 1.597755 0.7195621 0.3282416
0.2166547 -0.4398088 1.515723 1.068346 0.3211591
-0.4132408 -0.5731804 0.8024914 0.8060192 0.9231424
-0.2560593 -0.5078514 0.9769863 0.9269668 0.66431
-0.4431016 -0.6671237 0.8402113 0.6856181 0.9406767
-0.148692 -0.6627312 0.8941535 1.099955 0.7976732
-0.6878368 -0.5520745 1.335505 0.0659616 0.5474703
-0.7172666 -0.5699322 1.359483 0.02251184 0.5505795
-0.7057328 -0.5626733 1.306412 0.04413953 0.5727821
-0.691641 -0.5597478 1.28112 0.06907552 0.5829578
-0.9164702 -1.286022 1.39051 -0.06641293 0.8712406
-0.4510815 -0.7754176 1.095449 0.5009751 0.7738034
-0.4388788 -1.106485 1.101967 0.49662 0.8965318
-0.7151651 -0.595819 1.280755 0.04036251 0.6096605
-0.4917397 -0.5779822 1.111456 0.4416014 0.6641284
-0.5248725 -0.5790434 1.139713 0.3763202 0.6523495
-0.6112067 -0.5807183 1.200928 0.2179778 0.6303205
-0.5942122 -1.068669 1.170296 0.2948336 0.8718464
-0.5423083 -0.5593328 1.195757 0.3263339 0.6073639
-0.49879 -0.54996 1.153052 0.4115238 0.6200655
-0.2376758 -0.5609316 1.125096 0.8085447 0.5969459
-0.7579922 -0.5774429 1.320584 -0.0360229 0.5826508
-0.5287089 -0.5644325 1.278063 0.3187619 0.5612933
-0.7706765 -0.7655984 1.319071 -0.003907025 0.6897359
-0.3189354 -0.6101208 0.9836919 0.7879899 0.7387733
-0.4901105 -0.5629727 1.242688 0.3874412 0.5734745
-0.2474145 -0.6507057 1.057656 0.8212554 0.6931815
-0.589457 -0.5573563 1.38758 0.2017441 0.5111784
-0.1053324 -0.5666882 1.226289 0.8995323 0.5278239
-0.3492238 -0.5890796 0.8455616 0.8729727 0.8602311
-0.4164487 -0.5767568 0.7646841 0.8402961 0.9751372
-0.3208785 -0.5752211 0.9865304 0.7927872 0.7159983
-0.2585506 -0.6631795 0.9681473 0.8735047 0.766229
-0.3286231 -0.5724847 0.8275926 0.9366744 0.8626718
-0.3401093 -0.5931135 0.7754109 0.9675494 0.9388636
-0.2449728 -0.6619401 0.9738954 0.8882856 0.7579573
-0.4073372 -0.5915469 0.8019952 0.8109435 0.9318709
-0.2624916 -0.6591482 0.8163674 1.018133 0.9003338
-0.2736325 -0.5505421 1.051896 0.8176416 0.6428074
-0.2592255 -0.6619009 0.7969155 1.044405 0.9210281
-0.2342693 -0.622664 1.083841 0.8270213 0.6580293
-0.4155249 -0.5597876 1.095359 0.5712052 0.6480345
