-0.02080071 0.01613716 -0.002038215 
0.99946 1
0.99946 0
0.0005400776 1
0.0005400777 0
13
0.03610792 -0.5527764 1.153253 0.5921087 0.2473413
-0.08736945 -0.3984685 1.184964 0.4535174 0.1341721
0.1892419 -0.4953457 1.086719 0.78548 0.2350912
0.06011809 -0.6298424 0.4940588 0.642619 0.6158479
-0.1888123 -0.5844083 0.7621487 0.2755476 0.4123337
0.009592405 -0.6161947 0.3648654 0.5565057 0.7191487
0.02325043 -0.511391 1.209088 0.5797738 0.2058252
-0.1492267 -0.6251012 0.2984236 0.2244925 0.7873634
-0.3165779 -0.6385256 0.489929 -0.001782715 0.6106635
-0.2002182 -0.4961852 0.8434325 0.2644125 0.3144879
0.3720896 -0.5036349 1.155942 0.9881556 0.2237893
-0.1465546 -0.6217523 0.2915289 0.2267677 0.7935063
-0.1396651 -1.127638 0.3685235 0.3302516 0.9061612
