-0.0779869 -0.002448176 -0.02159095 
0.99946 1
0.99946 0
0.0005400776 1
0.0005400777 0
33
0.03935626 -0.5822366 1.209885 0.6940334 0.2198757
0.1747217 -0.5639893 1.362069 0.8299303 0.175732
0.08610535 -0.5814127 1.389979 0.7355734 0.1752653
0.07115298 -0.5235051 1.403968 0.7294145 0.1382009
0.04829141 -0.5544721 1.417975 0.7011437 0.152125
-0.05781269 -0.4547308 1.284003 0.6032406 0.1165205
-0.08140336 -0.4766478 1.373316 0.5778326 0.1097873
-0.1343042 -0.4706343 1.546613 0.5323036 0.07014734
-0.1287172 -0.4497008 1.2444 0.5214829 0.1191376
-0.1412461 -0.4640664 1.324656 0.5121749 0.1096889
-0.1984216 -0.4486267 1.291188 0.4467282 0.1043442
-0.2344541 -0.4661919 1.305263 0.4084115 0.1112131
-0.2573921 -0.4587017 1.28776 0.3806175 0.1091589
-0.2882881 -0.4691073 1.308472 0.3500594 0.1099868
-0.1357511 -0.4549962 1.255571 0.5139088 0.1197397
0.03185863 -0.5342917 1.371741 0.6888241 0.1501543
-0.2513227 -0.5020575 0.8964122 0.31969 0.255053
-0.1933422 -0.6047807 0.7846327 0.3822231 0.3759305
-0.2123923 -0.4676037 1.308894 0.4330027 0.1123167
0.01032671 -0.6161906 0.3627625 0.6734705 0.6819348
0.02602015 -0.5407006 1.27316 0.6842226 0.177546
-0.225581 -0.4760705 1.642235 0.4526854 0.05369556
0.3564857 -0.4124526 1.480656 1.040684 0.06601822
0.2153932 -0.416494 1.426971 0.9002145 0.07293415
-0.2040564 -0.5108058 0.86327 0.3791232 0.2771932
-0.3758601 -0.5210325 1.527568 0.2990717 0.09375924
0.3481027 -0.4308081 1.558718 1.010936 0.06297481
0.02682526 -0.5192193 1.404285 0.6850415 0.1337367
-0.2669977 -0.6303052 0.4832401 0.1897424 0.5651286
-0.1275406 -0.6351383 0.850186 0.4794853 0.3690748
0.02822933 -0.6313285 0.5158399 0.6957125 0.5647864
-0.2933756 -0.5641111 0.5116681 0.1405995 0.4985606
0.06009693 -0.6243656 0.486876 0.7541512 0.5846391
