-0.1624244 -0.009232268 0.1342617 
0.99946 1
0.99946 0
0.0005400776 1
0.0005400777 0
345
-0.002453491 -0.638549 1.197074 0.4152524 0.2915182
-0.1454223 -0.4859959 1.583046 0.2133899 0.09606922
-0.200896 -0.5004971 1.307732 0.1600017 0.173097
-0.2515951 -0.4775723 1.343299 0.09304315 0.1476625
-0.3236857 -0.6105316 0.9964865 0.007569462 0.3651098
-0.2398421 -0.515386 1.621752 0.1163728 0.1062185
-0.3285592 -0.6162436 0.9959753 0.001956582 0.369289
-0.2509776 -0.5390357 1.313511 0.1041015 0.1978683
-0.384021 -0.5506649 1.551152 -0.03597683 0.1437789
0.07870877 -0.6742989 1.257704 0.4927118 0.289632
-0.2292423 -0.4581751 1.629684 0.1196151 0.06868696
-0.158647 -0.4509177 1.578614 0.1959198 0.07435399
-0.1427681 -0.4415519 1.579841 0.2122533 0.06800097
-0.160032 -0.5096883 1.302126 0.211776 0.1805269
-0.1705068 -0.4424077 1.607157 0.1812634 0.06307065
-0.1882919 -0.4396104 1.623004 0.161374 0.05808747
-0.2803473 -0.5208683 1.643413 0.07509232 0.105078
-0.309045 -0.4852648 1.362874 0.02331245 0.1480927
-0.2510881 -0.5008556 1.332944 0.09764367 0.1666611
-0.1651232 -0.464 1.337574 0.1988595 0.1391543
-0.1999594 -0.4630464 1.344654 0.1552718 0.1367634
-0.2689442 -0.6550012 0.8628352 0.09284416 0.4584382
-0.2480797 -0.5347922 1.319869 0.1070253 0.193166
-0.140503 -0.4737294 1.308556 0.2318871 0.1537588
-0.2205631 -0.6493869 0.8424787 0.1656486 0.4632126
-0.2198172 -0.6508122 0.8434307 0.1670005 0.4635074
-0.2452968 -0.6517425 0.8174205 0.1280881 0.4808625
-0.1515707 -0.4757318 1.310185 0.2182406 0.1547937
-0.009088874 -0.6361769 1.204036 0.4065715 0.2879493
0.1753898 -0.6007915 1.42792 0.5629891 0.1986017
0.01941422 -0.3758518 1.475441 0.4004151 0.04433364
0.0192264 -0.3761316 1.478092 0.3997943 0.04400671
-0.09573533 -0.6273237 1.145017 0.3116863 0.3059236
-0.1775633 -0.554307 1.207921 0.1991894 0.2399021
-0.238412 -0.5594747 0.9262158 0.1206247 0.3601527
-0.01308757 -0.6452637 1.210797 0.4008522 0.2910411
-0.310533 -0.6824403 1.000844 0.04462389 0.4070854
-0.2347687 -0.6478644 0.7847191 0.1441855 0.4974642
-0.2744149 -0.5418332 1.312873 0.07573217 0.20022
-0.130218 -0.6786814 0.9042345 0.2960503 0.4422117
-0.08693635 -0.6402538 1.134985 0.3240731 0.3171014
-0.04562202 -0.5882341 1.301571 0.3512584 0.2292306
-0.230644 -0.6516941 0.8342749 0.1507457 0.469994
-0.2477778 -0.6508847 0.829814 0.1240759 0.4732441
0.1454958 -0.5903718 1.223176 0.5805181 0.2509315
-0.255229 -0.557371 0.9266272 0.09393644 0.3592613
0.01210396 -0.6087065 1.246028 0.4245034 0.2574961
-0.05831628 -0.5594991 1.298309 0.3364645 0.2126998
-0.02715786 -0.5762033 1.308869 0.3710243 0.2194477
0.09183881 -0.5991213 1.064135 0.5578425 0.3131771
-0.3775944 -0.5373181 1.114684 -0.0796563 0.2666951
-0.05913524 -0.6092322 1.222142 0.3459185 0.2671539
-0.2389439 -0.6723695 0.7603198 0.1424665 0.5281316
-0.2403536 -0.6688248 0.7587391 0.1395147 0.527142
0.01844607 -0.5445893 1.461341 0.3998188 0.1590838
-0.2786422 -0.6526895 0.9718998 0.08134934 0.401264
0.06994686 -0.6338797 1.334618 0.4714046 0.2440761
-0.1737278 -0.6719703 0.8588842 0.2378572 0.464761
0.1097181 -0.6215882 1.051875 0.5803506 0.3311257
0.1385274 -0.671282 1.016754 0.6182302 0.3733299
0.09031972 -0.62959 1.077675 0.5491685 0.3265854
-0.2476176 -0.564261 0.9252008 0.1073028 0.3644741
-0.2480095 -0.5648067 0.9264835 0.1068328 0.3642377
0.3980908 -0.5945157 1.314601 0.8173846 0.2219648
0.4058654 -0.5744566 1.324488 0.8263571 0.2076762
0.3790293 -0.5924819 1.311652 0.7998991 0.2219094
0.204433 -0.6176772 1.180123 0.6539751 0.279705
0.3826363 -0.5140333 1.31705 0.8202381 0.173685
-0.2546737 -0.6538036 0.879967 0.1145228 0.4473962
0.1204405 -0.5977827 1.035744 0.6013672 0.3224941
0.1946304 -0.5874823 1.086855 0.6771023 0.2942461
0.1909483 -0.5689882 1.424901 0.58241 0.1810231
-0.2237943 -0.6439145 0.798135 0.16076 0.4859678
-0.167891 -0.6642998 0.7858725 0.2518793 0.5017578
-0.2263828 -0.6684474 0.7531454 0.1620768 0.5293751
-0.2231283 -0.6579681 0.7851394 0.1646148 0.5025474
-0.1910921 -0.6650071 0.9694792 0.2056115 0.4054736
0.1256629 -0.6760301 1.013788 0.6030393 0.3777866
0.1555825 -0.6768557 1.019004 0.6369411 0.3748605
0.1696627 -0.6082512 1.182063 0.6161383 0.2743655
0.451595 -0.5835392 1.367138 0.8534259 0.2010926
-0.09008539 -0.4700637 1.342363 0.2905908 0.1417317
0.3884759 -0.6003342 1.286096 0.8165724 0.2333814
-0.008023739 -0.6515328 1.178668 0.4115748 0.3055425
-0.2803624 -0.666636 0.8586647 0.07792982 0.4686416
0.1338721 -0.6622838 1.021858 0.6124933 0.3662724
0.1293885 -0.6156875 1.019932 0.6145495 0.339595
-0.1996766 -0.6848001 0.7668171 0.2064652 0.5281516
-0.2643813 -0.5649729 0.9308634 0.08152482 0.3629687
0.3767612 -0.4173482 1.367549 0.8192488 0.09832036
-0.2006469 -0.6522944 0.8012483 0.1984475 0.4876071
-0.1684311 -0.6744236 0.776224 0.2529676 0.5137368
-0.1362998 -0.6706592 0.6338817 0.3223569 0.6060425
0.3613541 -0.5379834 1.312921 0.7939654 0.1897136
0.3946951 -0.5723817 1.23358 0.8497148 0.2322317
0.4112231 -0.5721344 1.259192 0.8568807 0.2243491
0.1843306 -0.5868474 1.082868 0.6662724 0.295615
-0.2014822 -0.662016 0.7959613 0.1988311 0.4967855
-0.202553 -0.6610443 0.7958924 0.1970269 0.4963165
0.1106652 -0.6048844 1.371651 0.5086207 0.2165693
-0.1094235 -0.676098 0.8033866 0.3388684 0.4941147
-0.3279443 -0.6758325 0.9909408 0.01815966 0.4086983
0.1000046 -0.6647501 1.047544 0.5646241 0.358613
-0.114905 -0.6727486 0.9163627 0.3154406 0.4317652
-0.06122784 -0.6709232 0.7301688 0.4251166 0.5319951
0.381699 -0.567957 1.230547 0.8384389 0.2307167
0.4173187 -0.5703414 1.22203 0.8785652 0.2340448
0.0212709 -0.6249758 1.251779 0.4334202 0.2650477
-0.2814523 -0.6371292 0.9055983 0.07127815 0.4249282
0.3809329 -0.5213761 1.325603 0.8135191 0.176013
-0.2131756 -0.4619597 1.334927 0.1386491 0.1386587
0.520253 -0.5800287 1.281064 0.9552142 0.2210687
-0.04296285 -0.6698579 0.7134539 0.4572735 0.5406377
0.008582145 -0.6740574 0.7707514 0.518773 0.5035018
0.1265078 -0.6255661 1.224692 0.5553293 0.2716339
-0.05983877 -0.6731519 0.7452853 0.4238083 0.5236439
-0.06164239 -0.6562509 1.163726 0.3512998 0.3151606
0.5281122 -0.4627379 1.389608 0.9529774 0.1230246
-0.009235442 -0.6424522 1.181547 0.4098634 0.2993179
0.3896211 -0.6006238 1.154069 0.8686138 0.2737795
-0.3227613 -0.6814399 0.9940129 0.02701941 0.4103135
0.2275147 -0.5555312 1.184273 0.6892829 0.2401997
-0.1268157 -0.6766908 0.5862294 0.3472854 0.6461614
0.5006334 -0.5801793 1.267594 0.9415281 0.2252173
0.5266243 -0.5882182 1.340733 0.9340439 0.2095941
0.1070566 -0.6539425 1.056652 0.5718858 0.3484956
-0.3159856 -0.5895883 0.9819503 0.0120354 0.3576438
0.3681042 -0.4346272 1.319952 0.8239136 0.1213226
0.3809044 -0.4172474 1.362575 0.8256226 0.09938586
-0.1450578 -0.6003747 1.194793 0.2451145 0.2730665
-0.04301506 -0.6748231 0.6993142 0.4604672 0.5528629
-0.2886668 -0.660081 0.9694133 0.06862244 0.4074903
0.4943337 -0.5813729 1.302896 0.9202198 0.2162429
-0.05567935 -0.6740809 0.7513425 0.4287211 0.5200986
-0.07387207 -0.6704994 0.5775148 0.44189 0.6435925
-0.3481591 -0.6666254 0.5246683 -0.07735544 0.7260365
0.08283377 -0.5868115 1.084005 0.542922 0.2981895
0.154047 -0.6696814 0.7082818 0.7529124 0.5276767
0.08088407 -0.6705773 0.6407994 0.6735644 0.5791603
0.1312149 -0.5897958 1.097564 0.5977322 0.2936019
0.136025 -0.6498645 1.026658 0.6154943 0.3570313
0.0009822547 -0.5729321 1.36971 0.3938189 0.1998655
-0.06974704 -0.6715077 0.7086045 0.4166934 0.547085
-0.1206471 -0.6685559 0.5496373 0.3653714 0.671908
0.02584948 -0.6756219 0.8564095 0.5194581 0.4557969
0.5085454 -0.5817021 1.363723 0.9095846 0.2002439
0.5088353 -0.5813627 1.364016 0.9098394 0.1999754
-0.2332646 -0.6715158 0.7645764 0.1513533 0.5244328
0.3688093 -0.4280123 1.403609 0.7948365 0.09745085
0.0662486 -0.6705534 0.6211268 0.6590584 0.5946674
0.2121329 -0.4377752 1.466178 0.6094487 0.09011775
0.04901573 -0.6703647 0.6008989 0.6400602 0.6113724
0.09127057 -0.6790738 1.086138 0.5432004 0.3519127
0.1350227 -0.5574233 1.247956 0.5662931 0.2233149
0.4716694 -0.579017 1.283359 0.9064757 0.2205931
0.4743622 -0.5808539 1.285801 0.9076319 0.2209327
0.1633083 -0.5910125 1.23345 0.5975652 0.2477361
0.3729755 -0.6093338 1.202049 0.8295394 0.2638733
0.06978214 -0.6801416 0.9964294 0.5395424 0.3898649
0.1609532 -0.5771716 1.200505 0.6055024 0.2497946
0.07084629 -0.6425053 1.269209 0.4839511 0.2685277
0.3425742 -0.6619116 1.166587 0.7980092 0.3056264
0.4619852 -0.5757171 1.242871 0.9144446 0.2303187
-0.1710498 -0.6767882 0.7689052 0.2498277 0.5198642
-0.001029238 -0.6653866 0.459562 0.6162947 0.7375003
0.04613559 -0.6665555 0.5331224 0.6662486 0.664031
0.075131 -0.6695079 0.558167 0.7023912 0.6414367
0.1685694 -0.6712714 0.6962503 0.7790337 0.53495
0.01220721 -0.6631458 0.4897512 0.6273392 0.7053113
-0.04261245 -0.6633953 0.4155144 0.5560376 0.7892289
0.09518942 -0.6689517 0.5974221 0.7162123 0.6083461
0.02192384 -0.6653379 0.5029885 0.6382119 0.6929892
0.1756563 -0.6693669 0.7083783 0.7839251 0.5257269
-0.05034825 -0.6622648 0.4071932 0.5442483 0.7992694
-0.1783855 -0.4548391 1.60437 0.1742123 0.07170677
-0.368579 -0.5755494 1.29552 -0.03508747 0.228957
-0.3687654 -0.5736718 1.293002 -0.03605294 0.2285511
-0.2978459 -0.6688945 0.9839641 0.0582918 0.4063286
-0.0591449 -0.6495294 1.133116 0.3581549 0.3223773
0.08155283 -0.6064731 1.439865 0.466371 0.1998728
0.1736651 -0.6732583 0.6849622 0.7912925 0.5428315
0.1171491 -0.6691032 0.6140143 0.7427557 0.5939363
0.4758608 -0.5830607 1.315121 0.8967549 0.2141654
0.473815 -0.5815878 1.314121 0.8955544 0.2136239
0.4005362 -0.6563957 1.125377 0.8761185 0.314903
0.3979306 -0.654101 1.124055 0.8745721 0.3141643
0.09848094 -0.6716534 0.5816836 0.7283602 0.6214935
0.01746854 -0.6670564 0.5408636 0.6133094 0.6612683
-0.05183652 -0.6655009 0.7084092 0.4449735 0.5421344
0.1392676 -0.669736 0.6583372 0.7547795 0.5612328
-0.04540169 -0.5403019 1.32684 0.3474617 0.1921655
-0.03540002 -0.6637353 0.4339328 0.5623575 0.7683198
0.06254536 -0.6694199 0.6291841 0.6500637 0.5885423
-0.07142717 -0.6613808 0.3777664 0.5130804 0.8369913
0.004263759 -0.6641365 0.454468 0.6288893 0.7411056
-0.0660005 -0.6607262 0.3881183 0.5203307 0.8233092
-0.1945245 -0.5561862 0.9657375 0.1861643 0.3369476
0.3556257 -0.5044966 1.324418 0.7916627 0.1660471
0.3542644 -0.5030989 1.323389 0.7909302 0.1654436
-0.3137719 -0.5606273 0.97967 0.007085621 0.3386354
-0.2441795 -0.6712505 0.7772875 0.1337737 0.517111
0.1840579 -0.5557157 1.216279 0.6302611 0.231077
0.1305377 -0.5844774 1.239517 0.5604486 0.2425725
0.3950537 -0.5931199 1.182796 0.8647258 0.2600082
0.3940563 -0.6716375 0.9888749 0.9243373 0.374524
0.06507617 -0.6666144 0.4729089 0.7301058 0.7155294
-0.03386347 -0.6735282 0.7261354 0.4677829 0.5338497
0.04869974 -0.6654073 0.4521699 0.7122188 0.7372956
0.1050178 -0.6699644 0.5387668 0.7617961 0.6540294
-0.06105711 -0.6715119 0.6703584 0.4393965 0.5723654
0.05776131 -0.6665847 0.4637031 0.7220235 0.725336
0.1595712 -0.6751953 0.7366987 0.7463201 0.5131601
-0.2599962 -0.4828829 0.9671121 0.07001767 0.2842325
0.03968684 -0.5711572 1.449576 0.4232289 0.1775851
-0.2830123 -0.6621087 0.8812367 0.07374689 0.4535752
-0.09949619 -0.614758 1.137168 0.3073129 0.3012751
0.4384018 -0.62342 1.075027 0.9491051 0.3128163
-0.0550395 -0.6642227 0.4014702 0.5368111 0.8075511
0.3591524 -0.6557672 1.099795 0.8426021 0.3247738
0.1525528 -0.6759278 0.7343166 0.7373115 0.5155269
-0.2737693 -0.6717066 0.8373321 0.08845419 0.4834188
-0.2888459 -0.6630658 0.8481 0.06360722 0.4730251
0.001006037 -0.6646663 0.3885539 0.6556225 0.8122934
0.0861451 -0.6187344 1.082884 0.5439599 0.3182147
-0.07540793 -0.6029139 1.289069 0.3193028 0.2423968
0.1594734 -0.5865766 1.427052 0.5485627 0.1909441
-0.1193922 -0.6446667 1.112914 0.2867081 0.3291612
0.1463336 -0.6679234 0.5909054 0.8008493 0.607325
-0.08433019 -0.6626415 0.3613279 0.4919871 0.8603624
-0.3550765 -0.6650206 0.5222369 -0.09306758 0.7286537
-0.07625325 -0.663802 0.3889376 0.4982907 0.8257759
0.3953899 -0.5065457 1.335073 0.8285589 0.164276
0.02831879 -0.6726044 0.7334302 0.5590549 0.52372
0.0901241 -0.6784234 1.004529 0.5624564 0.3845404
0.09713361 -0.678706 1.048979 0.5592885 0.3660805
0.06096512 -0.6835588 1.003508 0.5266721 0.3891562
0.3164122 -0.6807127 1.023228 0.8196377 0.3688861
0.4407022 -0.6428734 1.077843 0.9437034 0.3228433
0.5284629 -0.5855437 1.194784 1.000496 0.2490993
0.5015581 -0.5844273 1.119256 1.00958 0.2729798
0.5020163 -0.5883003 1.155011 0.9911489 0.2636378
0.5220093 -0.5708719 1.192693 1.000068 0.2412407
0.09212181 -0.6645031 1.28437 0.5023571 0.2756114
0.3809624 -0.5323625 1.315076 0.8147436 0.1855019
0.5087272 -0.5900092 1.353612 0.9114022 0.207484
0.5117177 -0.5871894 1.179247 0.9900913 0.2551617
0.1492478 -0.6071243 1.212062 0.5855479 0.2643825
0.1100043 -0.6672386 0.5447796 0.7677279 0.6469846
-0.01533717 -0.6695763 0.4359349 0.5990736 0.7659411
0.1649718 -0.6751898 0.6721373 0.7843829 0.5529553
-0.06623851 -0.6825053 0.7355986 0.4159332 0.5357021
0.04585253 -0.6653029 0.4601231 0.7027198 0.729872
0.1821545 -0.674921 0.7186434 0.786481 0.5221323
0.03430802 -0.6673808 0.431018 0.6963907 0.761909
0.125486 -0.675752 0.6186923 0.7513551 0.5935049
0.2352701 -0.6725746 0.7099482 0.8660351 0.5219715
-0.2447437 -0.6461942 0.6371747 0.1274686 0.6005745
-0.2329292 -0.6654682 0.8207098 0.1499104 0.4864511
0.1414589 -0.677703 0.9042079 0.6563949 0.4267059
0.04539984 -0.6659658 0.393405 0.7397457 0.7995422
0.08626178 -0.6722841 0.6427115 0.6806449 0.5782865
-0.07811844 -0.4674283 1.347238 0.3043296 0.1385665
0.5473182 -0.568572 1.229832 1.009021 0.2284621
0.07683265 -0.6406173 1.090517 0.5288424 0.3286722
-0.04283129 -0.5650007 1.326711 0.3509002 0.2076371
0.2458007 -0.6762515 0.7069563 0.8808931 0.5250666
0.2118208 -0.6737487 0.681858 0.8475881 0.5419284
-0.02643284 -0.6679758 0.427613 0.581731 0.7757088
0.1895436 -0.6733568 0.7241207 0.7947139 0.5173653
0.1637284 -0.6766652 0.7506391 0.7455489 0.5054968
0.01652205 -0.6703678 0.5530314 0.6059331 0.653014
-0.08545914 -0.6658921 0.3494663 0.4937789 0.8771144
0.227499 -0.5869226 1.407647 0.6210732 0.1953041
0.07686922 -0.6725933 0.7241012 0.6336774 0.5256619
0.08977473 -0.6837609 0.9918076 0.5647879 0.3930144
-0.2234979 -0.6740704 0.9225902 0.1633936 0.4355233
-0.1876461 -0.5155213 1.306229 0.1784175 0.1835815
0.2249158 -0.5596771 1.19605 0.6818051 0.2391045
-0.329298 -0.5433298 0.544897 -0.09343345 0.62462
-0.005594313 -0.6673468 0.3805718 0.6458668 0.8239805
0.3277262 -0.6776056 0.9825382 0.8502263 0.3831628
-0.2976474 -0.668466 0.5157094 0.02615896 0.7283262
0.1763057 -0.6791739 0.9145941 0.696233 0.4208574
-0.2530844 -0.6687669 0.7967058 0.1192216 0.5042883
0.1395674 -0.6787909 0.9591022 0.6358872 0.4022192
-0.3016883 -0.4946719 1.369087 0.03492492 0.1528639
0.1345069 -0.6724074 1.332971 0.535756 0.2644402
0.4406324 -0.6633435 0.9978024 0.9747752 0.3644993
0.4789317 -0.6359949 1.05853 0.9964451 0.3247159
0.1319368 -0.5844903 1.12699 0.5910716 0.2797129
0.4565588 -0.6589519 1.010292 0.9876987 0.3565502
0.06589782 -0.668743 0.4655796 0.7349298 0.7234992
0.1149142 -0.6713445 0.5540478 0.7693622 0.6412027
0.1876439 -0.6772491 0.6347011 0.8366004 0.577173
0.03070319 -0.6616573 0.3140928 0.7631599 0.8962638
0.1243203 -0.6710356 0.6358439 0.7426179 0.578782
0.01904079 -0.668161 0.4071012 0.6800292 0.7901773
0.03582314 -0.6697269 0.5214447 0.6530705 0.6771528
0.06101212 -0.6682889 0.5599719 0.6783967 0.6409245
-0.05165765 -0.6747178 0.6881853 0.4497594 0.5610575
-0.2838944 -0.5446679 1.131504 0.05677909 0.2629142
0.03819184 -0.6412371 1.330418 0.4383862 0.2500225
0.02063987 -0.5553507 1.410365 0.4093162 0.1782821
-0.08121614 -0.6339456 1.154538 0.3285108 0.3059845
-0.2587749 -0.5692286 0.9032512 0.09040239 0.3796647
-0.3999795 -0.5429639 1.571782 -0.05357515 0.1343363
-0.2246495 -0.4446486 1.646784 0.1227245 0.05667078
-0.1727624 -0.6250039 0.6561632 0.2521203 0.5652466
-0.2343344 -0.6570938 0.651355 0.1485025 0.5950155
0.03684756 -0.641874 1.237164 0.4526801 0.2791238
0.3231276 -0.5560308 1.325968 0.7462325 0.1975302
0.08894858 -0.6978347 0.9879344 0.5631797 0.4026038
-0.1598469 -0.6369558 0.6389679 0.2782477 0.5844547
-0.06171784 -0.6406164 1.183626 0.3483759 0.2989974
-0.235354 -0.5470155 1.226724 0.1242028 0.2299906
-0.1936265 -0.6302033 0.6619676 0.2153484 0.5662697
0.5549204 -0.5651726 1.188988 1.03779 0.2383589
0.1788631 -0.6709555 0.6360024 0.8250951 0.5735276
-0.2138457 -0.5202494 0.9958342 0.1505205 0.2983202
-0.0003437996 -0.6642232 0.3962507 0.6489955 0.8036116
0.1960758 -0.6696372 0.6582291 0.8390281 0.5562329
-0.2391079 -0.4506385 1.635382 0.1079232 0.06264669
0.1148197 -0.6256039 1.34445 0.5168592 0.2358133
0.04623094 -0.6727699 0.5091001 0.6762217 0.6883225
-0.335305 -0.6659654 0.4076239 -0.074072 0.8552499
0.1011291 -0.6786897 0.5414031 0.7510376 0.6571202
0.1480656 -0.670683 0.7420005 0.729033 0.5082694
-0.3182318 -0.5251759 0.551664 -0.07576436 0.6028038
0.168708 -0.6860039 1.031813 0.646935 0.3742293
0.05461526 -0.6689529 0.5179272 0.6875117 0.6773875
-0.083923 -0.665418 0.3824614 0.4845242 0.8357038
-0.2352948 -0.658547 0.6745964 0.1467785 0.5785089
-0.2378643 -0.4861522 1.683654 0.1148017 0.07596856
0.6112664 -0.5744285 1.32563 1.025086 0.2046767
-0.02175815 -0.5621229 1.377946 0.3678937 0.1913756
0.1486692 -0.5875444 1.022945 0.6421291 0.3201795
0.1184007 -0.6148242 1.320179 0.5263947 0.2365608
0.1994262 -0.6761 0.7565858 0.7921004 0.4991912
0.1001501 -0.6691232 0.4589752 0.7998778 0.7250422
-0.2588218 -0.6647592 0.6649975 0.106995 0.591775
0.1533166 -0.6669151 0.5254246 0.8505973 0.6576161
0.06396326 -0.6706581 0.5292066 0.6974957 0.6674266
-0.2787263 -0.6735607 0.4983894 0.06518042 0.7456445
0.1416917 -0.6675332 0.511505 0.8396606 0.6711304
-0.3113626 -0.4374596 0.5637493 -0.1055469 0.5157174
