-0.7243772 0.05000268 0.4477526 
0.99946 1
0.99946 0
0.0005400776 1
0.0005400777 0
384
0.1402879 -0.5840972 1.221013 1.047687 0.3902015
0.143218 -0.6151968 1.223437 1.038331 0.4058331
-0.01084721 -0.6325247 1.194705 0.9096833 0.4435617
-0.02667403 -0.5805252 1.324722 0.8230775 0.3732938
-0.1454799 -0.4776698 1.586283 0.5874237 0.2552749
-0.2040683 -0.4934454 1.308171 0.6666143 0.3466064
-0.2547174 -0.4706001 1.342877 0.5934857 0.3262993
-0.3307008 -0.6044177 0.996557 0.6952949 0.5692378
-0.05393302 -0.5710297 1.296718 0.815874 0.3798406
-0.2787748 -0.5371512 1.316923 0.5736555 0.3789264
-0.2377862 -0.550914 1.306547 0.6230281 0.3858891
-0.4099572 -0.5494811 1.607047 0.315096 0.3114473
-0.2467984 -0.5112991 1.621292 0.4734932 0.2735128
0.1461864 -0.6040639 1.213494 1.051933 0.4028302
-0.3364492 -0.6095375 0.9940993 0.6885084 0.5748438
-0.1160677 -0.4746367 1.57171 0.6223436 0.2548103
-0.4576558 -0.6581339 0.6498125 0.7904059 0.9122481
-0.4541111 -0.6593935 0.6505978 0.7952808 0.9104366
-0.3440647 -0.6288978 1.003304 0.6686881 0.5825227
-0.271363 -0.5297533 1.18044 0.6602607 0.4247805
-0.381975 -0.5568727 1.251634 0.4847506 0.4283229
-0.2541527 -0.5559604 0.922159 0.8692188 0.5661514
-0.2512842 -0.5572792 0.9228547 0.8719862 0.5659482
-0.378733 -0.5374416 1.122424 0.5595945 0.4718326
-0.22626 -0.656836 0.9371835 0.8601248 0.6109428
-0.2273463 -0.5123404 1.62004 0.4927561 0.2729512
-0.001106858 -0.6027889 1.213382 0.9143765 0.4195206
-0.2541469 -0.5316663 1.314352 0.6029843 0.3736414
-0.4991366 -0.6654458 0.7916702 0.5908346 0.7923772
-0.4142246 -0.525223 1.610146 0.3083591 0.2973197
-0.3883989 -0.5456818 1.551099 0.3556057 0.3225953
-0.3867773 -0.5454773 1.550533 0.3575031 0.3224897
-0.4115615 -0.6015881 0.5876755 0.9742863 0.9360086
-0.2707668 -0.5613318 0.9367437 0.8323985 0.5645375
-0.4278466 -0.4603314 0.6338787 0.9614404 0.8003015
-0.4283809 -0.5828884 0.6244259 0.9044422 0.8894308
-0.4310554 -0.5787222 0.6238711 0.9023074 0.8890464
-0.4061517 -0.5570824 1.787599 0.2684709 0.2716029
-0.405617 -0.5627075 1.798662 0.2665364 0.2720641
-0.013475 -0.5839968 1.312665 0.8422858 0.3775706
-0.4115794 -0.5777704 0.5876354 0.9885319 0.9236717
-0.4328545 -0.5535644 0.6327261 0.900134 0.8650024
-0.4593148 -0.6733811 0.763122 0.6761866 0.8080313
-0.2693724 -0.5294704 0.9398017 0.8415366 0.5418388
-0.4155818 -0.6623339 0.5988094 0.9201729 0.9535779
-0.4131495 -0.6639782 0.5988509 0.9235175 0.9531338
-0.4923128 -0.6660926 0.7946528 0.5994697 0.7878314
0.06995755 -0.661737 1.250958 0.939844 0.4292351
-0.4263281 -0.5452423 1.811743 0.2422808 0.2614783
-0.4024279 -0.5485789 1.804816 0.2670059 0.2631348
0.08345044 -0.579152 1.103903 1.088044 0.4356899
-0.3857368 -0.5180242 1.62094 0.3343296 0.2881203
-0.410261 -0.5594382 0.5865358 1.004122 0.9144329
-0.403481 -0.5773887 0.5801976 1.014717 0.9288731
-0.4371181 -0.6655059 0.6305032 0.8442996 0.9282662
-0.429819 -0.6297233 0.6188872 0.8861624 0.9210714
-0.4284131 -0.6041656 0.6133064 0.9079847 0.9140725
-0.4694401 -1.05718 1.0788 0.4487966 0.7582367
-0.5901886 -1.079769 1.188421 0.2851101 0.733871
-0.2821849 -0.5252129 1.638939 0.4323104 0.2796937
-0.5913943 -1.08082 1.180305 0.2863026 0.7384771
-0.5608916 -0.5599806 1.943073 0.08902338 0.2503478
-0.1325097 -0.457237 1.371825 0.712374 0.2970901
-0.2823423 -0.5295768 1.193089 0.6393685 0.4210716
-0.2592793 -0.4840984 0.9766172 0.8370835 0.4881355
-0.2753212 -0.5213329 0.941393 0.8345462 0.5367529
-0.4448285 -0.7712173 1.080201 0.4833952 0.6356814
-0.4689885 -0.7690089 1.088032 0.4502103 0.6352791
-0.01186013 -0.6346914 1.176753 0.9204975 0.4514915
-0.2767903 -0.5021037 0.9675266 0.8154957 0.5090981
-0.4198444 -0.4178759 0.615811 1.037638 0.7869699
-0.4225097 -0.4156798 0.6151271 1.034775 0.7874593
-0.233686 -0.4506852 1.625866 0.4863855 0.2366078
-0.4013113 -0.540796 1.603117 0.3248643 0.3068911
-0.1641908 -0.4435715 1.575357 0.5769879 0.2390647
-0.4151564 -0.4170478 0.6132673 1.052846 0.7872579
-0.1465022 -0.4346914 1.579015 0.5934101 0.2317046
-0.164901 -0.5005476 1.299671 0.7133004 0.3495383
-0.1751232 -0.4350995 1.606623 0.5529596 0.2277126
-0.1317546 -0.4321829 1.577783 0.6085973 0.2294888
-0.224427 -0.5311143 1.606477 0.5001822 0.2863787
-0.4260346 -0.570592 1.786889 0.250682 0.2801926
-0.1079757 -0.4552142 1.357621 0.7468752 0.2976452
-0.1090667 -0.4527731 1.35277 0.7491321 0.2976018
-0.4591789 -0.7748594 1.075411 0.4680705 0.64291
-0.3785916 -0.5141905 1.612581 0.3442807 0.287473
-0.5953429 -0.7810812 1.179917 0.2576715 0.6177629
-0.1866661 -0.4570901 1.346825 0.6687524 0.3095171
-0.3638819 -0.539417 1.322755 0.4732388 0.388434
-0.1334765 -0.4751053 1.304434 0.7488235 0.3287657
-0.2789169 -0.4715695 1.349736 0.5622577 0.3272607
0.1551949 -0.6031515 1.203242 1.068005 0.4047066
0.1588713 -0.6036484 1.20432 1.070332 0.4041969
0.1243323 -0.5810267 1.146554 1.091641 0.4157252
-0.4281412 -0.4924386 0.6327168 0.9428845 0.8243159
-0.1898241 -0.4347247 1.631395 0.5280049 0.223044
-0.2875958 -0.5203836 1.649531 0.4232904 0.274907
-0.3838307 -0.5667508 1.227411 0.4940047 0.4444256
-0.3214184 -0.5390313 1.102973 0.6460608 0.4724146
-0.4730277 -0.6592568 0.7950563 0.6310923 0.7774532
-0.3073266 -0.5412452 1.341945 0.5288894 0.3761088
0.1230512 -0.611823 1.171656 1.059628 0.4239491
0.1299397 -0.6148576 1.175435 1.062035 0.4234248
-0.4143336 -0.5125652 1.650219 0.2953634 0.2799459
-0.2157152 -0.4626783 1.35096 0.6336665 0.3147125
0.128006 -0.5812282 1.132131 1.106783 0.4205668
0.0258683 -0.6262442 1.230228 0.9224396 0.4230547
-0.4144356 -0.5976306 0.7834191 0.7487697 0.7334675
-0.2114456 -0.4370888 1.644494 0.5013472 0.2230051
-0.4271102 -0.4219956 0.6211432 1.009698 0.7869724
-0.4444327 -0.6171223 0.7618575 0.7146752 0.77361
-0.4072385 -0.6336195 0.5823969 0.9709567 0.9561288
-0.4052261 -0.6348549 0.5819507 0.9744357 0.9562742
-0.4113264 -0.5675229 0.5842395 1.00033 0.9223714
-0.4224586 -0.5530474 0.6080947 0.9536496 0.8896445
-0.3999109 -0.6093321 0.5777301 1.004783 0.946583
-0.4025014 -0.6068946 0.5776222 1.001726 0.9468101
-0.4239602 -0.6577234 0.7258314 0.7701442 0.82134
-0.2149738 -0.5395232 1.30003 0.6528854 0.3787135
0.01861274 -0.6391796 1.212766 0.9238863 0.4368781
-0.2702798 -0.5650864 0.9446697 0.8251425 0.5621582
-0.3491848 -0.573272 1.254767 0.5216059 0.4323839
-0.1150588 -0.4151466 1.576279 0.6272703 0.2184005
-0.3170824 -0.4734854 1.352242 0.5167942 0.3317219
-0.1664081 -0.4725216 1.62201 0.5522969 0.2456619
0.02516949 -0.3703018 1.461445 0.8343081 0.2064258
-0.2657618 -0.5098613 1.686181 0.4314764 0.2591058
-0.2465684 -0.5908186 0.921281 0.8684981 0.5866283
-0.3272527 -0.552255 0.9794323 0.7234228 0.5460192
-0.5625356 -0.5792627 1.505463 0.1792984 0.3726884
-0.256321 -0.4924112 1.324072 0.5994978 0.3464361
-0.411593 -0.4761524 0.5953917 1.045321 0.8524156
-0.3868473 -0.57204 0.5567526 1.085426 0.9481291
-0.4169033 -0.6260331 0.5986717 0.9363976 0.9372452
-0.4196471 -0.6242027 0.5987216 0.9323744 0.9376088
-0.2978282 -0.5367594 1.144952 0.6491935 0.4481362
-0.4462845 -0.6072951 0.7571616 0.7185249 0.7728744
-0.4083798 -0.4843609 0.5910563 1.052937 0.8619953
-0.4416228 -0.5419881 1.257141 0.4084105 0.4253099
-0.2377195 -0.5528629 1.098182 0.7509669 0.4695824
-0.3425416 -0.5661867 1.553927 0.4026273 0.3291069
-0.5955226 -0.5630988 1.309494 0.1904227 0.4389445
-0.5572742 -0.5811911 1.49232 0.189057 0.3774756
-0.2936832 -0.4695044 1.331699 0.5547321 0.3333483
-0.5983788 -0.5702903 1.295573 0.1918564 0.4496233
-0.3996579 -0.5476856 1.250401 0.4639894 0.4256626
-0.5760303 -0.5996101 1.903275 0.08683714 0.2797161
-0.1653478 -0.4548526 1.342762 0.6947056 0.307228
-0.623299 -0.5732582 1.200346 0.1875748 0.4990902
-0.438637 -0.5578452 1.336879 0.3785164 0.403722
0.004724622 -0.3383868 1.479937 0.8096707 0.1825956
0.01799953 -0.3368854 1.468908 0.8300301 0.1831417
-0.2959918 -0.6912438 1.016667 0.708666 0.5997215
-0.4355553 -0.5632724 0.6278477 0.8965056 0.8777145
-0.4264165 -0.6238014 0.6073591 0.9093762 0.9302149
-0.4264433 -0.4758237 0.6208536 0.9743623 0.8268255
-0.4262995 -0.5689848 0.6190554 0.9225299 0.8871446
-0.7094377 -0.6255844 1.294208 0.05154401 0.5006155
-0.5838026 -0.6753955 1.177386 0.2630231 0.5629199
-0.5985998 -0.6758208 1.178217 0.2430355 0.5654905
-0.2043707 -0.4930054 1.63287 0.5104946 0.2574766
-0.4871724 -0.6672745 0.72587 0.6639403 0.8497336
-0.4561257 -1.060585 1.065408 0.4680871 0.7637849
-0.297231 -0.5191239 1.332611 0.546362 0.3647456
-0.3381659 -0.5687795 1.544605 0.4104593 0.3327132
-0.3960522 -0.5535077 1.196872 0.4948998 0.4510685
-0.6078625 -0.772123 1.190412 0.2376652 0.6104941
-0.6096646 -0.6744434 1.201397 0.2203714 0.5551255
-0.4297472 -0.5880281 0.6240959 0.8997874 0.8932663
0.1859438 -0.4411385 1.435684 0.9813144 0.2453775
-0.687434 -0.5703893 1.3357 0.06043896 0.4459512
-0.4219947 -0.573937 1.565006 0.3168895 0.3375722
-0.4240375 -0.5402593 0.6293395 0.928407 0.8569796
-0.6074905 -0.56104 1.304887 0.1754601 0.441354
0.005955458 -0.3455703 1.466697 0.8175968 0.190163
-0.0323956 -0.6404044 1.149587 0.9176886 0.4677119
-0.3737325 -0.5665979 1.070583 0.5947363 0.5149406
-0.3660829 -0.5175979 1.544243 0.3808836 0.3063644
-0.5430806 -0.5620126 1.193268 0.3020974 0.4815987
-0.4458421 -0.5624099 1.346443 0.366224 0.4038426
-0.4921542 -0.5698375 1.39958 0.2921256 0.3948498
-0.4600742 -0.5659851 1.375791 0.3382965 0.397121
-0.4502693 -0.5612022 1.208355 0.4197022 0.4591629
-0.4690344 -0.5566868 1.213496 0.3928862 0.457022
-0.6071543 -0.5656713 1.202698 0.2088374 0.4903575
0.1234828 -0.5414522 1.233425 1.037223 0.3641489
0.06138277 -0.415991 1.440944 0.8713472 0.2376732
0.06651258 -0.5345309 1.454149 0.8418322 0.3030289
-0.484591 -0.5618452 1.228611 0.3660445 0.4559982
-0.5365731 -0.5674803 1.36712 0.2487262 0.4107876
-0.2530058 -0.4667042 0.9598294 0.8667173 0.4836496
0.05790943 -0.5359017 1.431237 0.8471972 0.3103853
-0.5264202 -0.563707 1.224566 0.3124368 0.4654878
0.03063607 -0.3367881 1.463674 0.8458455 0.1834425
0.02629274 -0.3356449 1.460568 0.8438283 0.1835896
-0.1425052 -0.6694962 0.896971 0.9906079 0.6229942
0.2288885 -0.6001813 1.382079 1.008091 0.3426582
-0.2279153 -0.670404 0.9230905 0.8655028 0.6268918
-0.4334829 -0.4153449 0.6388295 0.9713705 0.7623569
-0.4287188 -0.4368523 0.6339463 0.9748359 0.7831085
-0.4257588 -0.5938279 0.7753835 0.7390301 0.7418039
-0.2167486 -0.4458024 1.631861 0.5008931 0.2312614
-0.7194718 -0.7382815 1.306332 0.06060311 0.5576299
-0.3436634 -0.5364743 1.117717 0.6083635 0.4675729
-0.4031923 -0.537513 1.564612 0.335122 0.3155493
-0.3655174 -0.5452654 1.222839 0.5199882 0.4305277
-0.2843142 -0.5715722 1.586249 0.448933 0.318289
-0.3988994 -0.6638536 0.8734137 0.6809704 0.6970053
-0.4939089 -0.6727105 0.75302 0.6287155 0.8291341
-0.8860883 -1.279557 1.406202 -0.02920425 0.7492687
-0.17861 -0.4657058 1.338383 0.6811563 0.3168116
-0.3489169 -0.5472749 1.231365 0.535655 0.4259645
-0.3659155 -0.5907695 1.271293 0.4930122 0.4384431
-0.1175714 -0.4582437 1.339739 0.7471213 0.3056946
-0.4282452 -0.4734115 0.6285051 0.960537 0.8164607
-0.3822153 -0.5777615 1.522249 0.372948 0.3481721
0.1662756 -0.4277669 1.421872 0.9769887 0.2419524
-0.1908278 -0.4651766 1.364749 0.6529711 0.3096747
-0.3298038 -0.5642797 0.9750085 0.7206692 0.5567359
-0.55703 -0.5757142 1.435326 0.2041464 0.3935347
0.159461 -0.6678576 1.266856 1.006202 0.417027
-0.1271905 -0.5337813 1.214716 0.8014022 0.3948323
-0.282153 -0.5388021 1.185227 0.6430672 0.4300181
-0.2881396 -0.5422792 1.138092 0.6646541 0.4531232
-0.002752542 -0.6113568 1.282364 0.8651479 0.4009305
-0.2599723 -0.5514965 0.9256494 0.8597557 0.5624958
-0.2740156 -0.5969766 0.9861182 0.7781072 0.5590342
-0.4209707 -0.5830389 0.799668 0.727302 0.7131881
-0.4498547 -0.662723 0.6451987 0.8072314 0.9161443
-0.3893526 -0.4426582 0.6739547 0.9890034 0.7237337
-0.1788003 -0.4436398 1.582947 0.5591747 0.2383771
-0.3180248 -0.6407607 1.397765 0.4874339 0.4143463
-0.2428125 -0.4712531 1.336495 0.6103139 0.3275102
-0.7771838 -0.7850763 1.369392 -0.01244879 0.5616745
-0.4699049 -0.6664045 0.7647917 0.6593097 0.8066076
-0.09724891 -0.4845791 1.300013 0.7881749 0.3323504
-0.2246897 -0.4807793 0.9846689 0.8776416 0.4749833
-0.4207027 -0.6908554 0.7483866 0.7449912 0.8166222
-0.1869866 -0.4880451 1.579396 0.5496981 0.2658563
-0.3802202 -0.4276555 0.6752809 1.014516 0.7067173
-0.426865 -0.5542051 0.6153905 0.9344531 0.8834463
-0.5732896 -0.5762042 1.895803 0.08725378 0.2692872
-0.3509907 -0.6751696 0.9686093 0.6753681 0.6298006
-0.4090388 -0.65807 0.8508497 0.6848789 0.712972
-0.495794 -0.5535152 1.194097 0.3658931 0.4680249
-0.3500647 -0.5258706 1.079757 0.6257422 0.4800056
-0.2475123 -0.553524 1.093206 0.7424398 0.4738531
-0.4241206 -0.6582461 0.607812 0.8963433 0.9450814
-0.5200707 -0.5604716 1.305715 0.289785 0.4281254
-0.4788471 -0.601449 1.299131 0.3462225 0.4492965
-0.3329123 -0.5514927 0.9789155 0.7162172 0.5470083
-0.162287 -0.4571778 1.321351 0.7104372 0.3149677
-0.5422255 -0.5875738 1.323651 0.2578731 0.4402936
-0.2944328 -0.5531906 1.033621 0.7262568 0.5107951
0.1659926 -0.5883401 1.232112 1.061199 0.3861263
-0.1878099 -0.5204164 1.281747 0.6958246 0.3703142
-0.1298665 -0.469269 1.579113 0.60631 0.2509739
-0.1188508 -0.4683533 1.30286 0.7668148 0.3234781
-0.1877117 -0.5697353 1.288072 0.6846335 0.3973215
0.1303869 -0.6707247 1.172714 1.045648 0.453441
-0.1633167 -0.5060182 1.332417 0.6948702 0.3421887
-0.215645 -0.4958548 1.329989 0.6411865 0.3422489
-0.1017244 -0.4253043 1.569117 0.6425576 0.2252843
-0.1696998 -0.5269917 1.283251 0.7134835 0.3717008
-0.2709535 -0.5547194 1.075363 0.7258327 0.4868745
-0.1503199 -0.4820393 1.297977 0.7333679 0.3369694
0.1379385 -0.5892841 1.257972 1.017062 0.3814892
-0.2597422 -0.442645 0.9694611 0.8565717 0.461962
-0.2599994 -0.5207435 1.091545 0.7351372 0.4558356
-0.2606652 -0.6478364 0.8815473 0.8663074 0.6475121
-0.3484069 -0.5958702 0.7603182 0.8760425 0.7305542
-0.4290034 -0.6011761 0.6037939 0.9207557 0.9243678
-0.4069987 -0.5965449 0.5897632 0.9826959 0.928563
-0.4117896 -0.4543644 0.5964923 1.059757 0.8358638
-0.4352403 -0.6605242 0.6383274 0.8407758 0.9163113
-0.369357 -0.5253211 1.096787 0.58901 0.4746672
-0.4768028 -0.6622437 1.086867 0.4426323 0.5823637
-0.2788767 -0.5143453 1.680706 0.4208202 0.2637236
-0.4004082 -0.5397387 1.289101 0.4451127 0.4057044
-0.4505959 -0.6680501 1.065399 0.4879534 0.5919471
-0.5796762 -1.050225 1.151722 0.3055217 0.7399513
-0.4017737 -0.6181348 0.814288 0.7351849 0.7163182
-0.4522892 -0.6102242 1.69036 0.2527159 0.3259031
-0.4553585 -0.5511377 1.687093 0.2456553 0.2955841
-0.4076415 -0.6249855 0.5859846 0.9702817 0.947764
-0.260699 -0.513987 1.643477 0.4516369 0.270804
-0.4275416 -0.5921264 0.6184341 0.9090518 0.9011756
-0.6775265 -0.5822204 1.247034 0.09773275 0.491447
-0.4138523 -0.5950012 0.8081045 0.7278945 0.711313
-0.3188158 -0.5881075 0.8328819 0.8508151 0.6606499
-0.4434403 -0.6200967 0.7492999 0.7271243 0.7863209
-0.2722524 -0.6391646 0.8972405 0.8405057 0.6354609
-0.3946388 -0.6375242 0.5635668 1.016883 0.9752895
-0.3874561 -0.5475103 0.8014387 0.7901459 0.6789135
-0.7206199 -0.5711781 1.310534 0.01918399 0.4624357
-0.4389277 -0.568159 1.235326 0.4217464 0.4500704
-0.4940581 -0.5625792 1.292456 0.3279552 0.4310913
-0.4167162 -0.5462114 0.6061382 0.9714317 0.8853022
0.1210127 -0.6170735 1.217979 1.021668 0.4111646
-0.4556137 -0.6603414 0.6549474 0.7877392 0.9067656
-0.07136631 -0.4821737 1.30782 0.8106093 0.325801
-0.2278159 -0.5285183 1.305974 0.6369638 0.3715658
-0.228076 -0.669288 0.9251167 0.863988 0.6251346
-0.3529074 -0.5724864 0.7791483 0.858546 0.7022133
-0.1915026 -0.5069895 1.298789 0.6838619 0.3567404
-0.1938743 -0.4854636 1.309401 0.6783268 0.3400853
0.1613414 -0.56975 1.15916 1.120308 0.4004995
-0.3035105 -0.5474914 1.159196 0.6318356 0.4495371
-0.0101285 -0.5984126 1.243698 0.8862672 0.4076828
-0.2568013 -0.4903986 0.9875686 0.8289189 0.4861988
-0.1998559 -0.5950984 1.124723 0.7679321 0.4771674
-0.4287442 -0.4252693 0.6418694 0.9699206 0.7643105
-0.4203357 -0.4185756 0.6266681 1.01742 0.7738448
-0.3831281 -0.4218906 0.6776171 1.009117 0.7007439
-0.4217974 -0.4705292 0.6100228 1.004483 0.8346489
-0.4120259 -0.5984249 0.5950938 0.9650595 0.9253897
-0.3961143 -0.4423302 0.6679691 0.9849652 0.7328279
-0.407483 -1.124044 1.090457 0.5049602 0.7624757
-0.1415381 -0.4416151 1.391796 0.6938242 0.2823476
-0.3806528 -0.5542129 1.305023 0.4612324 0.4059508
-0.0775975 -0.4634461 1.351753 0.7803333 0.3017001
-0.5265481 -0.5760881 1.132398 0.3519328 0.5174852
-0.4276834 -0.4298778 0.6335106 0.9824419 0.7777531
-0.2858881 -0.4622336 1.382408 0.5385136 0.3117514
-0.3271355 -0.5056819 1.5393 0.4237701 0.297363
-0.03407514 -0.6600327 1.12808 0.9257578 0.4869167
-0.3270862 -0.6019176 0.7879241 0.8776745 0.7051408
-0.5605736 -0.5651279 1.161693 0.2904929 0.5019947
-0.3833866 -0.6009869 0.5451025 1.089028 0.9764282
-0.5862933 -0.5572863 1.214123 0.233393 0.4760497
-0.5971898 -0.5570029 1.33982 0.1783811 0.4230959
-0.2768813 -0.6672133 0.9718592 0.7683042 0.607601
-0.4716164 -0.5661808 1.198494 0.3964427 0.4700024
-0.4446141 -0.660338 0.6461576 0.8161169 0.9116507
0.08240902 -0.5884262 1.174144 1.027631 0.4152172
-0.4723489 -0.6660172 0.7036909 0.7091743 0.8653172
0.1380022 -0.6766921 1.329787 0.9451612 0.4042619
-0.5630748 -0.5616824 1.36026 0.2169852 0.4133618
0.1440804 -0.5391766 1.523975 0.8678641 0.2827134
-0.4530268 -0.558229 1.31642 0.3693401 0.4134852
-0.4450041 -0.6635157 0.8012863 0.6691916 0.7654256
-0.2613412 -0.5555109 0.9450874 0.839573 0.5539656
-0.4955512 -0.5536542 1.225394 0.3526823 0.4540136
-0.1491584 -0.5389392 1.217709 0.7744605 0.3996091
0.1692272 -0.5949444 1.461171 0.9122134 0.3246633
0.01863873 -0.3176818 1.447622 0.8488623 0.1745006
0.06263483 -0.6473979 1.073477 1.066869 0.4883533
-0.4502531 -0.6320117 0.7617022 0.7015309 0.7841047
-0.3076267 -0.5560355 1.192835 0.6058281 0.4411711
-0.1503288 -0.5559192 1.142635 0.8204176 0.4390771
0.1512235 -0.6653849 1.189106 1.053998 0.4424325
0.0962652 -0.6059073 1.160203 1.045462 0.4281065
0.05027992 -0.6018344 1.341181 0.8797439 0.3718399
-0.01457489 -0.6131212 1.206255 0.9033344 0.4293762
-0.3976983 -0.6198497 0.5652341 1.020037 0.9664766
-0.3976876 -0.5741112 0.7980484 0.7686872 0.7017243
-0.4010406 -0.569471 0.5716276 1.037374 0.9345237
-0.4311047 -0.550929 0.6412711 0.8936039 0.8525985
-0.4317343 -0.6164969 0.638925 0.8646583 0.8921357
-0.4180806 -0.6075813 0.6043272 0.9366389 0.9217324
-0.3976034 -0.4481119 0.6496719 1.006134 0.7585105
-0.718467 -1.187082 1.291895 0.1392064 0.743452
-0.7376795 -1.287648 1.291435 0.1334314 0.7773817
-0.4289009 -1.057541 1.072223 0.493655 0.753624
-0.4542936 -0.5002379 0.6459042 0.8677886 0.825918
-0.375559 -0.575293 0.8218125 0.780667 0.6769892
-0.699242 -1.453143 1.25158 0.1952959 0.8329299
-0.2122487 -0.6303431 1.103185 0.7608712 0.5087775
0.06558698 -0.640895 1.240261 0.9486178 0.4226391
-0.4284847 -0.4226305 0.6368066 0.9803778 0.7683266
-0.426483 -0.6479148 0.6121216 0.8918173 0.93628
-0.2826844 -0.5526115 0.9452397 0.8116838 0.5565739
-0.3950606 -0.6378611 0.5739875 1.001476 0.9625458
-0.2352367 -0.6816323 0.9845266 0.8058434 0.5997894
-0.2813519 -0.4773916 0.8972822 0.8826964 0.5340901
-0.3145979 -0.5521365 0.9958827 0.7280272 0.5341265
-0.280695 -0.57166 0.9882755 0.7741424 0.5437921
-0.2811269 -0.6380383 0.8328573 0.8862103 0.6797582
-0.4656641 -0.6597945 0.6710194 0.7540026 0.8933995
-0.2851272 -0.6434096 0.9710701 0.7641782 0.5966314
-0.2990412 -0.6343452 1.013553 0.7179993 0.570887
0.08325827 -0.6680518 1.076309 1.076795 0.4950485
-0.1645308 -0.5908577 1.139663 0.7983648 0.4630153
0.1431844 -0.6508389 1.228139 1.023686 0.4228109
