-0.2135595 0.007982813 -0.07150669 
0.99946 1
0.99946 0
0.0005400776 1
0.0005400777 0
418
0.3568019 -0.4844479 1.305605 1.021935 0.1374529
0.04050998 -0.6102229 1.270641 0.6854674 0.2123821
-0.1852714 -0.6455898 0.7748873 0.4672666 0.397835
-0.2137817 -0.4789648 0.9466985 0.431795 0.2214172
-0.142033 -0.6453316 0.3073624 0.5620525 0.7045587
0.3493116 -0.6306669 1.069497 1.040277 0.2845184
0.3348022 -0.6237666 1.116838 1.012395 0.2661033
0.173504 -0.6456852 0.6781536 0.9610927 0.4477079
0.2015872 -0.6027169 1.206939 0.8584776 0.2272329
0.173402 -0.5801193 1.150242 0.8470873 0.2296637
0.1491424 -0.5620468 0.9875233 0.8633143 0.2685031
0.1789314 -0.5799609 1.401219 0.8033997 0.1675292
0.1497664 -0.5679682 1.193687 0.8158916 0.2104187
0.1427112 -0.6456755 0.9892311 0.8342275 0.3166167
0.1495997 -0.6009549 1.194047 0.8087036 0.2289689
0.1333391 -0.5243477 1.202754 0.8061457 0.1820844
0.1267283 -0.5781865 1.012281 0.8272588 0.2697322
0.1349121 -0.5633836 1.196089 0.8009154 0.2068984
0.1298096 -1.187024 0.3736613 0.8285688 0.8493137
0.09876101 -0.5790488 1.03814 0.7896798 0.2614687
0.103186 -0.6550219 1.022002 0.7817339 0.310123
0.08140515 -0.6418638 0.5403069 0.8802851 0.522875
0.08563162 -0.5627843 1.047013 0.7765071 0.2487086
0.07776503 -0.6207253 1.238055 0.7252404 0.2270006
0.06916137 -0.5255963 1.407449 0.707617 0.1344178
0.04216723 -0.6422445 0.5028393 0.8324544 0.5471758
0.03113239 -0.6392967 0.4851531 0.8216534 0.5573716
0.02297495 -0.6408317 0.4759415 0.8110294 0.5646266
0.006721213 -0.6303517 1.194365 0.6580775 0.2429577
0.009321705 -0.6430146 0.4465471 0.7971845 0.5868732
-0.01544875 -0.5477222 1.352111 0.6289625 0.1574455
-0.01056401 -0.6066149 1.226294 0.639879 0.221096
-0.01182103 -0.5904377 1.271197 0.6358465 0.2005948
-0.01753776 -0.5630192 1.285138 0.631749 0.1816713
-0.03252864 -0.5504224 1.302281 0.6163436 0.1701323
-0.04539286 -0.5493093 1.275515 0.6057866 0.1756634
-0.04721859 -0.5044024 1.287185 0.6073257 0.146253
-0.05171672 -0.6244578 1.164575 0.6015573 0.2472501
-0.06002326 -0.4631281 1.310132 0.5959644 0.1153787
-0.0657265 -0.5844644 1.258511 0.5832319 0.1996001
-0.08318134 -0.4475517 1.286298 0.5746061 0.1101683
-0.07525747 -0.6161405 1.093711 0.5831906 0.2631449
-0.1365093 -0.4670899 1.53426 0.5066972 0.07280922
-0.1328618 -0.4595549 1.272685 0.5209001 0.1199188
-0.1427487 -0.458926 1.309937 0.5087669 0.1111122
-0.1884928 -0.4893332 1.277001 0.4598006 0.136696
-0.2030181 -0.4536908 1.309791 0.4446221 0.1065804
-0.1825112 -0.6489903 0.9469773 0.4673903 0.3295714
-0.2371068 -0.465995 1.304349 0.4080503 0.1149243
-0.2634409 -0.465874 1.30974 0.3799998 0.1131457
-0.2183446 -0.5237309 0.9653704 0.4258057 0.2456486
-0.223403 -0.5468745 0.9012824 0.4187044 0.2836641
-0.2932734 -0.4727969 1.32186 0.3489039 0.114302
-0.2562394 -0.6429505 0.9212329 0.3795963 0.3348081
-0.2681956 -0.4978876 0.9634324 0.3618512 0.2279643
-0.2708798 -0.5508777 0.9362304 0.3591707 0.2727405
-0.2725893 -0.5278216 0.9376698 0.3561136 0.2570456
-0.2711416 -0.6567475 0.8357967 0.3580719 0.3767682
-0.1490003 -0.6417161 0.2376515 0.5573737 0.773485
-0.269447 -0.6214197 0.8108544 0.3575 0.3665302
-0.2982689 -0.5779306 0.9585434 0.3276511 0.2815648
-0.3072856 -0.6047114 0.9833956 0.3200567 0.2890979
-0.2963926 -0.5521696 0.9582055 0.3284383 0.2654006
-0.1602125 -0.6427342 0.2480348 0.5335383 0.7629801
-0.285884 -0.5962315 0.8370402 0.3362609 0.3397053
-0.223344 -0.6462732 0.4904839 0.4126574 0.5572512
-0.1713711 -0.6509751 0.2505986 0.5102208 0.7647027
-0.3033388 -0.5773093 0.8124015 0.3098549 0.33781
-0.303158 -0.5795416 0.7799147 0.3074065 0.3534302
-0.3140694 -0.5623022 0.7926502 0.2920304 0.3363571
-0.2171001 -0.646741 0.3032879 0.4200864 0.7098529
-0.250596 -0.6480654 0.3361822 0.3586716 0.6802034
-0.2635682 -0.6525778 0.3361002 0.3349592 0.6828832
-0.30191 -0.6541678 0.4811598 0.2846817 0.5682537
-0.2621087 -0.6486973 0.3475059 0.338405 0.6704959
-0.2802846 -0.6567189 0.9603391 0.3531969 0.3278897
0.2296561 -0.5442547 1.173397 0.9100583 0.2032974
0.1879709 -0.5424404 1.19054 0.8623791 0.1969824
0.1728933 -0.5460371 1.019623 0.8870011 0.2484961
0.1368308 -0.5953166 0.9973862 0.8380378 0.2849876
0.1379672 -0.6382114 0.9952999 0.8293625 0.310309
0.09359945 -0.6010699 1.042448 0.778359 0.272939
0.07262899 -0.6440561 0.4503423 0.8981963 0.584746
0.09540142 -0.6487635 1.343092 0.7232046 0.2156086
0.06479229 -0.5144795 1.409194 0.704767 0.1276399
0.02714749 -0.6397219 0.3916116 0.846109 0.6270604
-0.0003188252 -0.6141452 1.176451 0.6549264 0.2389383
0.0003689826 -0.6383116 1.160885 0.6543819 0.2566102
0.03593798 -1.418979 0.5491043 0.6622487 0.8024169
-0.03503419 -0.5610726 1.272026 0.6154872 0.1834633
-0.00726001 -0.6379004 0.4170956 0.7800763 0.6060097
-0.1748447 -0.6440396 0.9319167 0.4768951 0.3324095
-0.1822682 -0.5813354 0.9468136 0.4696741 0.2895564
-0.2347737 -0.517634 1.2805 0.4104915 0.1524013
-0.2628241 -0.5251199 1.275628 0.3809166 0.1575659
-0.2125887 -0.6278654 0.7708085 0.4315783 0.3888474
-0.2586739 -0.6538638 0.8349668 0.3736477 0.3755845
-0.1643584 -0.647443 0.3549406 0.5162547 0.6627597
-0.2795878 -0.5389762 0.9277065 0.3470832 0.2678832
-0.1634715 -0.6516523 0.2380366 0.5269358 0.7783893
-0.1746658 -0.6437591 0.2654356 0.503314 0.7454554
-0.2163768 -0.6569473 0.290708 0.4212631 0.7275616
-0.105769 -0.6766208 0.8735268 0.5600564 0.3741834
-0.04742092 -0.5876452 1.197407 0.6067892 0.2176008
-0.09490445 -0.6244335 0.7434787 0.5905492 0.4006578
-0.181044 -0.6582239 0.7356619 0.4732744 0.423575
-0.2057862 -0.6392369 0.7861502 0.4404531 0.388794
0.1042908 -0.6454709 0.5673432 0.9035858 0.5085026
0.1234395 -0.6435065 0.5968473 0.9216474 0.4901209
0.07437034 -0.6453938 0.6028963 0.8486881 0.4874712
0.05453567 -0.6405029 0.3784898 0.8977891 0.6380839
0.06842814 -0.637522 0.5080882 0.873123 0.5409914
-0.2339274 -0.5272495 1.2336 0.4107685 0.1695951
-0.2606621 -0.5209536 0.9305462 0.3708892 0.2551646
-0.2618041 -0.5232491 0.9336411 0.3696256 0.2555923
-0.220436 -0.6386887 0.8592989 0.4220366 0.3570702
-0.217444 -0.6324003 0.7651762 0.4250492 0.3941062
-0.2168631 -0.6510917 0.2944687 0.4203944 0.72075
-0.1603106 -0.6431954 0.2311652 0.5349494 0.781528
-0.2744215 -0.6491697 0.4477271 0.326115 0.5895088
-0.190503 -0.6513901 0.2685331 0.4715701 0.746511
-0.2474565 -0.6445503 0.4950476 0.3737683 0.5530286
-0.06146069 -0.6485374 0.5590609 0.6591547 0.5145348
-0.08700689 -0.6031656 1.118349 0.5696797 0.2481712
-0.04789491 -0.610948 1.073732 0.6154843 0.2667375
-0.1506398 -0.6425092 0.7587354 0.5135091 0.4037757
-0.0123426 -0.6667744 0.9018735 0.6688811 0.3585197
0.189525 -0.644655 0.5573899 1.032674 0.5144459
0.0911404 -0.5932115 1.044983 0.7767545 0.2675235
0.02260758 -0.6360437 0.3293132 0.8629885 0.6779482
-0.2128145 -0.4606454 1.286398 0.434027 0.1159461
-0.05243912 -0.6399104 0.3764114 0.7129285 0.6397969
0.02423121 -0.6212738 1.177131 0.6792742 0.2430373
-0.01365565 -0.6390983 0.332958 0.7947375 0.6766126
-0.1971417 -0.6466184 0.3836589 0.4566056 0.6381085
-0.07893991 -0.6417151 0.341441 0.6733807 0.6709099
0.210421 -0.5972971 1.039442 0.9096588 0.2733698
-0.199644 -0.6501186 0.3891685 0.4520195 0.6355955
-0.113208 -0.5569878 1.153752 0.5423699 0.210591
0.2141058 -0.6507946 0.7353745 0.9916447 0.4229055
0.3248423 -0.6447468 0.9521666 1.048565 0.3313595
0.126017 -0.6407452 0.6118974 0.9210275 0.4799631
-0.2180386 -0.6469838 0.3073476 0.4183734 0.7061137
-0.2991083 -0.6489481 0.5381622 0.2953507 0.5268613
-0.4285248 -0.6751946 1.07984 0.1981645 0.2955606
0.2156985 -0.4206789 1.441415 0.8636307 0.06840116
-0.2145377 -0.5328994 0.9004849 0.4302361 0.2748619
-0.2135442 -0.5354279 0.9051611 0.4315316 0.2748291
0.1052878 -0.6387894 0.4449328 0.9554182 0.5856357
-0.2742541 -0.6503468 0.358818 0.3174933 0.6615748
-0.3256515 -0.6540495 0.5110874 0.2503745 0.5475718
-0.258711 -0.6487346 0.4756601 0.3544576 0.5690044
-0.1588901 -0.6412221 0.3965423 0.5234448 0.6243729
-0.2856845 -0.6490934 0.3700765 0.2979878 0.6512351
0.02992325 -0.6087303 1.225015 0.6807836 0.2232004
-0.3354139 -0.6544362 0.5094366 0.2345273 0.5488825
-0.2868096 -0.6563889 0.3609475 0.2956288 0.6632016
0.04255261 -0.6818253 0.8742043 0.7351319 0.3782791
-0.2129004 -0.6464718 0.342432 0.4284331 0.6734701
0.1610688 -0.6391224 0.9724557 0.8603644 0.319041
-0.2988418 -0.6504554 0.3832764 0.276333 0.6409556
0.1062291 -0.6353679 0.4470142 0.9576023 0.582121
-0.2604926 -0.6565491 0.4425964 0.3496047 0.5976307
0.0009454191 -0.6440077 0.4760122 0.7749221 0.5664002
-0.3218501 -0.6389422 0.5117341 0.2545014 0.5381109
-0.3129439 -0.6531188 0.3976186 0.2539103 0.6307464
-0.2487553 -0.6490149 0.3374152 0.3622231 0.6796116
-0.3148839 -0.663891 0.3909227 0.2510385 0.6423372
-0.3255128 -0.5936506 0.5137507 0.2422012 0.5082338
-0.1549814 -0.6683856 0.5709608 0.5159068 0.518401
-0.193354 -0.6453549 0.2815794 0.4659076 0.730132
-0.00152646 -0.6390008 0.3103434 0.8248333 0.6971493
-0.3090125 -0.4450628 0.5457656 0.2535644 0.3765706
0.1099793 -0.6265157 0.517536 0.93817 0.5283957
-0.3255243 -0.5277546 0.5119535 0.2311562 0.4637656
0.09458385 -0.6659022 0.9504856 0.7838948 0.3409649
0.0428554 -0.6305816 0.4425057 0.8578115 0.582556
-0.3046201 -0.4092751 0.5489453 0.2567027 0.3431567
-0.3225461 -0.6504351 0.4059857 0.238025 0.6224754
-0.11354 -0.6607215 0.8864748 0.5511479 0.3600469
-0.1143957 -0.6556475 0.879588 0.5510045 0.3598939
-0.2852693 -0.5510066 0.9433575 0.3413855 0.2700536
-0.3218516 -0.4236558 0.5750651 0.2313675 0.3401186
-0.2546839 -0.6630943 0.3244445 0.3511406 0.6992157
0.07607676 -0.6282734 0.5164855 0.8854604 0.5300008
0.08133437 -0.6408269 0.5260658 0.8854707 0.5312926
-0.269429 -0.6533446 0.3594511 0.3265882 0.6626971
-0.3361025 -0.6560456 0.4215973 0.2182468 0.6134218
-0.3112093 -0.4243054 0.5256841 0.2422794 0.3711529
0.09786017 -0.6448774 1.048379 0.7730217 0.2958039
0.1095898 -0.6471966 1.030091 0.7887774 0.3032179
-0.03095627 -0.6537154 0.6975935 0.6784221 0.4409056
-0.3700243 -0.4530562 0.6552752 0.1687489 0.3201815
-0.2293532 -0.5113695 1.615528 0.4194234 0.08221424
-0.2299412 -0.5113064 1.616351 0.4189028 0.08203048
-0.3204069 -0.6542504 0.5129805 0.2590645 0.5464375
-0.3517793 -0.6651734 0.4272096 0.194179 0.6143379
-0.3497167 -0.6568623 0.433866 0.197445 0.6044517
-0.3070179 -0.6538609 0.479333 0.2760472 0.5693525
0.06240015 -0.6443985 0.5025495 0.8631893 0.5486876
0.06499006 -0.6540908 0.5113414 0.8607987 0.5485108
-0.3363889 -0.6616945 0.4088168 0.2163333 0.6267201
0.05026262 -0.5415174 1.42004 0.685813 0.1404204
-0.05160089 -0.6090346 1.169857 0.6027298 0.2371855
-0.1108204 -0.6517932 0.308012 0.6192368 0.7072162
-0.0433486 -0.6415548 0.3784302 0.7278572 0.63904
-0.09633069 -0.6361679 0.2436011 0.6634786 0.7634124
-0.2923487 -0.654129 0.4074157 0.2914903 0.6234074
-0.1310522 -0.6398792 0.304821 0.5838937 0.7038711
-0.3267399 -0.5665792 1.18132 0.3094188 0.20524
-0.3216818 -0.5955447 0.5114567 0.2485539 0.5110337
-0.2713927 -0.668412 0.3426855 0.3226535 0.6857449
-0.2941107 -0.6507196 0.3827718 0.2847342 0.6415114
-0.05848609 -0.6559509 0.6921415 0.6416581 0.4447303
-0.404743 -0.6563673 0.5596902 0.1354852 0.5171935
-0.3032121 -0.6642662 0.3787314 0.2697546 0.6525847
-0.2827837 -0.6504756 0.4824912 0.3157296 0.5651771
0.1515948 -0.5791833 1.182744 0.8175884 0.2198155
-0.03975038 -0.6429405 0.5391482 0.6968042 0.5237312
-0.07530217 -0.5449834 1.260109 0.5766267 0.176388
-0.3130426 -0.6123957 0.9851996 0.3138247 0.2929739
-0.1971043 -0.5051912 0.9391577 0.4531464 0.2425455
0.1149019 -0.5997441 1.024777 0.8060534 0.2781883
0.07339974 -0.642274 0.5441746 0.8668205 0.520664
-0.3674603 -0.6572337 0.4516882 0.1712283 0.5912697
-0.1728797 -0.6439992 0.2701479 0.5064894 0.7407283
-0.232641 -0.6461462 0.304572 0.390477 0.7084284
-0.0842896 -0.5815961 1.184161 0.5696558 0.2171487
-0.1067339 -0.4689251 1.530501 0.5348666 0.07510614
-0.08092615 -0.5512044 1.270869 0.5695592 0.1772928
-0.3294975 -0.4378639 0.5145621 0.2071112 0.3900493
-0.07627769 -0.4561066 1.239729 0.5850058 0.1263636
0.0192638 -0.6639891 1.156142 0.6710059 0.2719766
-0.1915525 -1.405729 0.4610059 0.447437 0.8497959
-0.4251515 -0.6595049 0.6428745 0.1246338 0.4701158
-0.430398 -0.6695979 0.654029 0.1217737 0.4699103
-0.1058481 -0.4594895 1.268935 0.5503606 0.1212648
-0.2768836 -0.6604558 0.3497097 0.3126923 0.6752093
-0.03315856 -0.6456381 0.4623116 0.7232336 0.5769745
-0.1472292 -0.4581351 1.265891 0.5056497 0.1202461
-0.1192049 -0.4585821 1.540418 0.5232065 0.06710756
-0.1778872 -0.6205369 0.6513611 0.4815299 0.443818
-0.1665499 -0.6462939 0.4316524 0.5075204 0.5998803
0.2128208 -0.5275683 1.180133 0.8949529 0.1912695
-0.2141428 -0.6429944 0.8221868 0.4296885 0.3751584
-0.2407311 -0.4738889 0.9062725 0.3951949 0.2312964
-0.2584659 -0.5377852 1.287045 0.3860613 0.1624938
-0.3574182 -0.6306282 0.5465743 0.2019294 0.510101
-0.3118201 -0.6539271 0.4007837 0.2565121 0.6286484
-0.1835038 -0.6470919 0.3369846 0.4824818 0.6785172
-0.1839939 -0.6482363 0.3379622 0.4814763 0.678284
-0.3280218 -0.5138496 1.042096 0.293296 0.2123743
-0.3008235 -0.6582872 0.7296469 0.3123105 0.4254563
-0.3002889 -0.6589257 0.7302529 0.3131329 0.4255403
-0.3180226 -0.4151075 0.5577743 0.2336913 0.3428387
-0.1466601 -0.6560722 0.5284138 0.5322769 0.5379062
-0.02060212 -0.6454653 0.5679992 0.7190915 0.5074804
0.1078421 -0.5879176 1.135472 0.7789094 0.2373411
0.1104052 -1.393734 0.3794979 0.7623544 0.8926879
0.1212652 -1.074718 0.3376384 0.8572131 0.8447035
0.01342855 -0.6419491 0.4639191 0.7989967 0.5737273
0.05321856 -0.6380383 0.3803407 0.8958279 0.6351622
-0.3263869 -0.4068781 0.5460813 0.2136388 0.3423069
-0.24737 -0.648569 0.4875312 0.3736749 0.5606021
-0.3329847 -0.6537027 0.4199977 0.2229196 0.6133087
-0.4003556 -0.6622671 0.4846941 0.1255977 0.570361
-0.4143537 -0.6625947 0.4990178 0.1065793 0.5605758
-0.05969237 -0.6551899 0.2735458 0.722129 0.7419413
-0.680859 -0.6366675 1.279039 -0.03857136 0.2139033
-0.08012892 -0.6655878 0.2577034 0.68433 0.7635696
-0.3384592 -0.5351331 0.5165827 0.2104002 0.4659342
-0.155112 -0.4550425 1.320257 0.4954591 0.1061832
-0.1557509 -0.4508929 1.309177 0.4952927 0.1058823
-0.1676206 -0.647164 0.2571242 0.5175151 0.7558028
-0.1681378 -0.6425852 0.2548747 0.5171206 0.7557554
-0.142424 -0.6448013 0.3175364 0.560203 0.6947262
-0.168708 -0.518901 1.260978 0.4803139 0.1590012
-0.0855744 -0.6417955 0.2591288 0.6796871 0.7498668
-0.05423425 -0.6564309 0.7951117 0.6334757 0.3963723
0.08802764 -1.125317 0.391382 0.790261 0.8213571
0.136002 -1.389446 0.37231 0.7908219 0.8959848
-0.6979074 -0.5726175 1.314854 -0.06302512 0.1687244
-0.2577228 -0.491937 0.9344655 0.3739535 0.2339095
-0.2267054 -0.6325437 0.7893368 0.4130916 0.3831608
-0.3377426 -0.6674758 0.4063821 0.214568 0.6319374
-0.4165885 -0.6711401 0.4928551 0.1035236 0.5697879
-0.253072 -0.6164291 0.6886301 0.373643 0.4210654
-0.2580475 -0.6651201 0.4388145 0.3539288 0.6053795
0.1051431 -0.6522371 0.527135 0.9167371 0.5373446
-0.4264166 -0.6639409 0.5106918 0.09062187 0.5533885
-0.06127918 -0.6325046 0.2891246 0.7215734 0.7143412
-0.1390623 -0.4759708 1.269297 0.5134732 0.1310322
-0.2831311 -0.6503997 0.4820555 0.3151115 0.5654374
-0.05440328 -0.6408069 0.2861746 0.732996 0.7217215
-0.2856515 -0.6641721 0.4423652 0.3080746 0.6021974
-0.07361539 -0.6397946 0.3979473 0.6713222 0.6222397
-0.8350247 -1.050591 1.370999 -0.0684666 0.373805
0.09655748 -0.6406474 1.043811 0.7732992 0.2949376
-0.108491 -0.6806523 0.8889732 0.5553636 0.370217
-0.2466673 -0.6466193 0.4078921 0.3703691 0.6185973
-0.2528823 -0.6474435 0.416406 0.3601772 0.6123726
-0.1860226 -0.5250762 0.9346969 0.466936 0.2577214
-0.1057462 -0.650767 0.5409855 0.5944172 0.5269149
-0.1161533 -0.6463967 0.353601 0.6031535 0.6630933
-0.3051441 -0.5601087 0.9503894 0.3174268 0.2730991
-0.1246611 -0.6467739 0.4101224 0.5804952 0.6167245
-0.1387792 -0.6579038 0.5848188 0.5397627 0.5041107
-0.1536846 -0.6456065 0.5478765 0.521008 0.5193228
-0.1064533 -0.6477175 0.3661215 0.6182352 0.6530705
-0.1133756 -0.654875 0.5757049 0.5784734 0.5079038
-0.1188454 -0.6522661 0.5826583 0.5699653 0.5021954
-0.0824582 -0.6275167 1.15162 0.5701535 0.2522148
0.143249 -1.384049 0.3826549 0.7974319 0.8883568
0.02550559 -0.6394486 0.3959043 0.8418859 0.6234714
-0.8233677 -1.08804 1.446436 -0.0373823 0.3677601
-0.8558158 -1.005128 1.37047 -0.09529202 0.3566406
-0.4200906 -0.6620886 0.6351424 0.1308432 0.475969
-0.2241783 -1.44771 0.454932 0.4147016 0.8625376
-0.44145 -0.6643801 0.5246156 0.07063177 0.5443103
-0.3665185 -0.6616546 0.4567762 0.1748713 0.5900856
-0.4430431 -0.6765096 0.5200191 0.07019147 0.5543949
-0.3609129 -0.6707432 0.4309741 0.1805733 0.6146258
-0.1925327 -0.6639836 0.6216521 0.4594945 0.486078
-0.2171659 -0.6469744 0.3166025 0.4201835 0.6973662
-0.271078 -0.6499566 0.4788861 0.3345079 0.567426
0.1803484 -0.4219396 1.40423 0.8359907 0.07532674
-0.1154893 -0.6597536 0.8672106 0.5502031 0.3671765
-0.4683663 -0.6742209 0.7234334 0.08575124 0.4363441
-0.133913 -0.5783772 1.146514 0.518862 0.2249486
-0.327595 -0.5354092 1.076064 0.2983511 0.2160438
-0.07068405 -0.6334762 0.2771275 0.7064316 0.7268605
-0.3811083 -0.5685333 0.5737002 0.1569019 0.4526591
-0.1380049 -0.5513009 1.145592 0.5158991 0.2090298
0.1859713 -0.6411455 0.5373198 1.038234 0.5247589
-0.08948505 -0.6328713 0.2561445 0.6750357 0.748259
-0.09691277 -0.6457253 0.3579359 0.6369486 0.6588819
-0.300013 -0.515466 0.5362638 0.2784657 0.4389116
-0.203213 -0.6489872 0.3590572 0.4460181 0.6602578
-0.1233882 -0.645215 0.3428845 0.5918675 0.6718512
-0.110306 -0.6614698 0.5783632 0.5819229 0.510166
0.08954673 -0.6191361 1.207824 0.7418767 0.2343614
-0.07084841 -0.452401 1.322374 0.5845578 0.1057606
0.08457731 -1.14851 0.3915476 0.7809236 0.8276704
0.1264692 -1.151357 0.3505803 0.839193 0.8560724
0.07860713 -1.130469 0.408496 0.7743868 0.8114438
0.05107382 -0.6421195 0.4906024 0.8503466 0.5553569
-0.2454062 -0.4711169 0.9384595 0.3898439 0.2180086
-0.2217773 -0.5429888 0.9768438 0.4215925 0.2542868
-0.2383705 -0.5420333 0.9003676 0.3992609 0.2805858
-0.1889866 -1.420319 0.4952486 0.4495883 0.8335927
-0.4638597 -0.6694072 0.5482852 0.0437994 0.5318264
-0.3966994 -0.6659538 0.4882994 0.1333686 0.5699864
-0.4010065 -0.6870118 0.4768899 0.1285847 0.5900026
-0.4709446 -0.6833366 0.5453973 0.03607339 0.5416942
-0.2337261 -0.6488325 0.3224403 0.3893162 0.6930877
0.1534561 -0.9910119 0.3294998 0.9286864 0.8255113
0.002944559 -0.6395346 0.3135854 0.8316723 0.6943955
-0.2298823 -0.4610322 0.9719992 0.4109958 0.1999539
-0.2594015 -0.6518878 0.3574428 0.3444573 0.6635674
-0.3085796 -0.6550393 0.4768566 0.2732988 0.5717927
0.1604974 -0.6517185 0.5068892 1.008731 0.5503215
-0.03391697 -0.6563811 0.390249 0.7369052 0.6377748
-0.1459555 -0.5265372 1.178575 0.5070595 0.1848324
-0.08713396 -0.6516958 0.5172824 0.6260906 0.5427859
-0.2062888 -0.6469157 0.7689636 0.4397222 0.4011097
-0.04830502 -0.6481383 1.078061 0.6105881 0.2862252
0.06785019 -0.6724929 1.231179 0.7086091 0.2559504
0.1817058 -0.5463227 1.392673 0.8139281 0.1510864
-0.3009606 -0.6315643 0.5312588 0.2898196 0.5207996
-0.02105387 -0.6467402 0.283396 0.7950211 0.7273154
-0.1978555 -0.6440836 0.3986073 0.4551914 0.624455
0.09393229 -0.9690766 0.3751388 0.8421854 0.7847363
-0.1408763 -0.5471487 1.151329 0.5127066 0.2048763
-0.1450639 -0.6169166 1.130839 0.5055001 0.2514588
-0.0290383 -0.631612 0.2968035 0.7808767 0.7061036
-0.04793741 -0.6483208 0.7203487 0.6530148 0.4263754
-0.3367213 -1.448386 0.3216197 0.2934586 0.946169
-0.1203906 -1.4537 0.4326831 0.5174352 0.875509
-0.5891299 -0.7022464 1.212494 0.05469126 0.267988
-0.1671523 -0.6463169 0.2973136 0.5153997 0.7149314
-0.2335718 -0.5998617 0.7969335 0.4038667 0.3597259
-0.3496399 -0.5562122 1.246032 0.288922 0.1818267
-0.2410298 -0.4730193 1.038962 0.3983272 0.1873794
-0.2397718 -0.5836765 0.6482427 0.3905316 0.4214568
-0.1967269 -1.372073 0.4580912 0.4426278 0.8441022
-0.3547482 -0.6226323 0.5374082 0.2030609 0.5110263
-0.5094364 -0.6836305 0.5857236 -0.009694815 0.5166879
-0.4834616 -0.6769648 0.5595652 0.01922187 0.5290221
-0.162647 -1.462212 0.503374 0.4740908 0.8379573
-0.436151 -0.6904849 0.5185573 0.08446285 0.5633239
-0.1184945 -0.633346 0.295714 0.6103359 0.7088934
-0.1765269 -0.6703718 0.2509052 0.4984272 0.7743028
-0.3132384 -0.6571289 0.5205933 0.2718646 0.543097
-0.1511049 -0.6143255 0.2758594 0.5523943 0.7182406
-0.2919307 -0.4201749 0.551195 0.282909 0.3518355
-0.2893937 -0.6395965 0.5372728 0.3096524 0.5218557
-0.4018281 -0.6406599 0.517684 0.1262611 0.5348844
-0.358297 -0.4426473 0.5882093 0.1713001 0.3482702
-0.4536802 -0.6554133 0.6996117 0.09607169 0.4373792
-0.357871 -0.522468 1.090846 0.262893 0.2028567
-0.2713518 -0.6465432 0.4805656 0.3339538 0.5642229
-0.1206859 -0.6378691 0.299243 0.6047372 0.7080129
-0.2577856 -0.6514414 0.3928263 0.3501728 0.6335325
-0.1824282 -0.5695595 0.9722281 0.469341 0.2733202
-0.3338461 -0.5720389 0.514267 0.2246438 0.4934315
-0.5055622 -0.6685137 0.5891058 -0.007663727 0.5058864
-0.2569244 -0.6203621 0.5017219 0.357599 0.5337167
-0.1838831 -0.6602312 0.3667407 0.4798856 0.6599025
-0.2226197 -0.6600308 0.3833298 0.411673 0.6460841
-0.2284512 -0.664232 0.4328807 0.4030392 0.6093202
-0.1349965 -0.6631494 0.6923319 0.536919 0.4482005
-0.2509261 -0.6388932 0.8912679 0.384946 0.344055
-0.3504714 -0.3888142 0.5364122 0.1595272 0.330861
-0.1413585 -0.5965075 0.9327877 0.5193611 0.3044987
-0.4356415 -1.41473 0.3322438 0.1844738 0.9344277
-0.4029864 -1.432713 0.3758234 0.2269594 0.9091622
-0.2216532 -0.6503561 0.3609493 0.4128065 0.6594876
-0.1307413 -0.6621232 0.5535706 0.5538854 0.5255499
