-0.3546781 0.01034528 -0.04379985 
0.99946 1
0.99946 0
0.0005400776 1
0.0005400777 0
398
-0.1899893 -0.6540154 0.780828 0.4750511 0.4128042
-0.2172418 -0.4839616 0.9485072 0.4171961 0.2372584
0.3487766 -0.6373182 1.0714 0.978804 0.2828451
0.3279433 -0.6234215 1.103106 0.9502335 0.2665418
0.1762529 -0.5940053 1.166928 0.7884744 0.2345322
0.1488833 -0.5706156 0.9948906 0.8256007 0.2723606
0.1502701 -0.5787699 1.202349 0.755357 0.2169307
0.1421847 -0.6559859 0.9969355 0.7963971 0.3198701
0.1449081 -0.6032016 1.182578 0.7512046 0.235629
0.1333809 -0.5348365 1.213163 0.7442151 0.1893042
0.1248291 -0.5850148 1.015553 0.7885505 0.2745253
0.1358731 -0.5777036 1.208986 0.7395752 0.2147151
0.09841192 -0.5885075 1.045642 0.7494916 0.2674655
0.08016074 -0.6534631 0.5447598 0.919144 0.5219362
0.07796949 -0.6343622 1.248523 0.6639755 0.2354907
0.06864572 -0.5335627 1.415263 0.630259 0.1425983
0.03955704 -0.6547037 0.5065761 0.8828695 0.5488006
0.001112461 -0.6262788 1.174973 0.6077668 0.2516942
-0.01443654 -0.6013196 1.269406 0.5749443 0.2132506
-0.01849908 -0.5741424 1.297902 0.5679876 0.1913387
-0.03368577 -0.5576547 1.307381 0.552878 0.1799038
-0.04628074 -0.5586558 1.283284 0.5450211 0.1862742
-0.05423924 -0.6283974 1.162005 0.5544831 0.2571493
-0.07604098 -0.626875 1.104644 0.5436859 0.2735119
-0.1379581 -0.4756835 1.546205 0.4204677 0.08365554
-0.1348949 -0.4684898 1.284746 0.4599391 0.1319172
-0.1912491 -0.4963662 1.283908 0.3992274 0.1493702
-0.2395457 -0.474815 1.319155 0.3437715 0.1276909
-0.2267127 -0.5534844 0.9062243 0.4098956 0.2997051
-0.2403694 -0.6205207 0.6906837 0.4264638 0.4390075
-0.1542622 -0.6479818 0.2368877 0.7151756 0.7880163
-0.3024679 -0.5848047 0.9646239 0.3072475 0.2993554
-0.3113075 -0.6087517 0.9859805 0.2956575 0.3063946
-0.1654198 -0.6478463 0.2468057 0.6885576 0.7790243
-0.1775165 -0.6568202 0.2492501 0.661518 0.7827696
-0.2227295 -0.6526513 0.3026592 0.554665 0.7328943
-0.2565539 -0.6551923 0.3372192 0.4806134 0.7059036
-0.2696333 -0.6585031 0.3355126 0.4568699 0.7108651
-0.3076321 -0.6578897 0.4804536 0.3600619 0.5954753
-0.2682783 -0.655543 0.3485107 0.4560801 0.6972104
-0.2843911 -0.6659188 0.968097 0.3314166 0.3453772
0.230195 -0.556944 1.185146 0.8436048 0.2086505
0.1988755 -0.5680185 1.233386 0.7948761 0.2027959
0.1882025 -0.5839937 1.081602 0.831594 0.2528645
0.1363828 -0.6055021 1.004534 0.7997913 0.2896361
0.1354589 -0.6433943 0.9962292 0.7926173 0.3134401
0.06938201 -0.6505834 0.4500777 0.9606051 0.5815321
0.06313741 -0.5206205 1.414774 0.626889 0.1354796
0.02322111 -0.6459309 0.3914205 0.9299756 0.6254485
-0.0008506179 -0.6263614 1.193785 0.6015791 0.2465531
-0.03569791 -0.5708411 1.281032 0.5548148 0.1936578
-0.01057881 -0.6483175 0.4199494 0.8591223 0.6084235
-0.2668772 -0.5363706 1.293902 0.3183374 0.1712158
-0.2642872 -0.656837 0.8382297 0.3705857 0.3916664
-0.2830625 -0.5455697 0.944467 0.3324126 0.2813919
-0.1689295 -0.6568053 0.2363189 0.6844053 0.795261
-0.1802254 -0.6507272 0.2655275 0.6502991 0.763128
-0.2220014 -0.6635008 0.2885386 0.5593337 0.7523162
-0.1115932 -0.6495554 0.8322318 0.5620759 0.3848012
-0.04781771 -0.5996921 1.215058 0.5530723 0.2266645
-0.0961823 -0.6611231 0.7849306 0.5917772 0.4113696
-0.2104062 -0.6548606 0.8031267 0.4445968 0.4039947
0.05176967 -0.6483036 0.3795437 0.9811683 0.6332221
-0.2218048 -0.6379548 0.7672579 0.4370484 0.4109423
-0.2225802 -0.6557472 0.2925304 0.5581627 0.7444172
-0.1662378 -0.6542535 0.2324221 0.6924301 0.797804
-0.2804523 -0.6580951 0.4519799 0.4104008 0.6143275
-0.1960109 -0.6579534 0.2664773 0.618198 0.768103
-0.06518236 -0.6582736 0.5628316 0.706664 0.5231832
-0.04964334 -0.6230655 1.088133 0.5754889 0.276058
-0.1547403 -0.6634454 0.7830865 0.5186973 0.4157915
0.09313905 -0.6077879 1.0639 0.7341902 0.2728564
-0.2140321 -0.4737516 1.308729 0.3721436 0.1294755
-0.01661003 -0.6490535 0.3343958 0.9010653 0.6773542
-0.202485 -0.6533377 0.3849176 0.5612085 0.6571442
-0.08377451 -0.6494201 0.3418131 0.7839208 0.6786112
-0.2049203 -0.6539176 0.3884091 0.5557396 0.654835
-0.2237161 -0.6523941 0.3065289 0.5514569 0.7291469
0.2139811 -0.4263344 1.440104 0.7754567 0.07692099
0.1020057 -0.6452694 0.4444661 1.014606 0.5797781
-0.2802874 -0.6567174 0.359834 0.4313695 0.6891137
-0.3314576 -0.6600495 0.5133432 0.3165032 0.5753004
-0.2645665 -0.658413 0.4793137 0.4307368 0.5929204
-0.1639542 -0.6560255 0.4019575 0.6194275 0.6408935
-0.2919787 -0.6564194 0.3714928 0.4076277 0.6800117
0.03053409 -0.6209659 1.23481 0.6237271 0.2323781
-0.3420701 -0.6621146 0.5127627 0.2994665 0.5777559
-0.2921811 -0.6584458 0.3579035 0.4102097 0.6931658
-0.2186777 -0.6537767 0.343157 0.5473188 0.6952193
-0.3053136 -0.6592707 0.3862017 0.3806894 0.6703711
-0.2653919 -0.6594413 0.4411028 0.4378781 0.6219931
-0.3325261 -0.6588324 0.5263294 0.3131485 0.5657381
-0.3299884 -0.6561993 0.5234584 0.3174549 0.5659629
-0.3196794 -0.6626177 0.400739 0.3526476 0.6615015
-0.2549303 -0.6570151 0.3389304 0.4828832 0.7051287
-0.2446628 -0.6632691 0.3060266 0.5111601 0.7381079
-0.3206615 -0.6683393 0.3898251 0.3528329 0.6739692
-0.3315815 -0.6027166 0.5193602 0.3127548 0.5361835
-0.1987467 -0.6534587 0.2819948 0.6074184 0.7504525
-0.3109995 -0.4413352 0.5375589 0.340277 0.402854
0.1112179 -0.6446259 0.5287261 0.9747282 0.5244954
-0.3321832 -0.5347794 0.5168893 0.3082804 0.4917881
0.09467077 -0.6811298 0.9626036 0.7525581 0.3460717
-0.3287964 -0.654693 0.4053049 0.335583 0.6541991
-0.3242803 -0.4226401 0.5702252 0.3090555 0.3663344
-0.3925932 -0.5570779 1.594674 0.1823803 0.1185452
-0.2761433 -0.6591644 0.3606746 0.4384867 0.6892347
-0.3434269 -0.6635978 0.4246051 0.3075759 0.6449022
-0.3163384 -0.4266831 0.5275544 0.3310456 0.3970729
0.1120497 -0.6636927 1.046641 0.7476373 0.3083716
-0.03152478 -0.6697013 0.7097808 0.6944047 0.4485212
-0.3759065 -0.4562649 0.6610933 0.2107476 0.3443722
-0.2311994 -0.5191566 1.619072 0.3275811 0.09447432
-0.2337414 -0.5202269 1.633215 0.3242772 0.09258431
-0.3258311 -0.6583282 0.5139865 0.3254563 0.5734031
-0.3560227 -0.6661887 0.4231862 0.2859028 0.6487811
-0.3554837 -0.6622874 0.4339542 0.2854052 0.6378607
-0.3141797 -0.6647801 0.4833602 0.3489392 0.5978847
-0.340985 -0.6641366 0.4055829 0.3143415 0.6605595
0.05098099 -0.5490285 1.439527 0.6071001 0.1460371
-0.05382305 -0.6174197 1.177898 0.552754 0.2466464
-0.1364928 -0.6486241 0.3058735 0.7114635 0.7166664
-0.3300997 -0.5645396 1.174252 0.2588337 0.2198346
-0.3272222 -0.5998334 0.5134857 0.3207718 0.5380942
-0.2755562 -0.6621513 0.3339455 0.4461544 0.715007
-0.3007537 -0.6584569 0.3844352 0.389164 0.6709296
-0.06274027 -0.6599624 0.6892064 0.6634011 0.4546359
-0.4121734 -0.6617724 0.5619835 0.1831349 0.5495864
-0.2896704 -0.6583936 0.4864031 0.3884894 0.5899352
0.1500917 -0.58823 1.184248 0.7587439 0.2269284
-0.04240584 -0.6512724 0.5440125 0.7488403 0.5290914
-0.3168887 -0.6132386 0.9824167 0.2893827 0.3104787
-0.3737065 -0.6625755 0.4529831 0.2521238 0.6248069
-0.1780026 -0.6491676 0.2704575 0.6525879 0.7569733
-0.2384672 -0.6537161 0.3046572 0.5244763 0.7335823
-0.1069181 -0.478595 1.54706 0.4491827 0.08544493
-0.3349025 -0.4443345 0.5206411 0.2966413 0.4182183
-0.4366674 -0.6719574 0.6535798 0.1465874 0.5007027
-0.4354476 -0.6751904 0.6555385 0.1489758 0.501381
-0.2831079 -0.6685225 0.3489203 0.4282833 0.7056266
-0.1817643 -0.6324621 0.6611024 0.5148686 0.4589953
-0.2175576 -0.651518 0.8283607 0.4312569 0.3912249
-0.3630142 -0.6359804 0.5481342 0.2601001 0.5397334
-0.3183253 -0.6603227 0.4019904 0.3547877 0.6590319
-0.3341131 -0.5299609 1.06929 0.2575681 0.2296234
-0.1513183 -0.660038 0.5283201 0.5934651 0.5515504
0.1070211 -1.41701 0.3778462 0.7929481 0.8870661
-0.3317249 -0.4111457 0.5505142 0.2964967 0.3688388
-0.3396669 -0.6620793 0.4227698 0.3142887 0.6451511
-0.4062299 -0.665207 0.4842725 0.1951499 0.6055118
-0.4201744 -0.6662198 0.4985186 0.1714413 0.596818
-0.3456632 -0.544589 0.5227017 0.2840846 0.4957202
-0.1573389 -0.4576871 1.319903 0.4312757 0.1171268
-0.1584285 -0.4597283 1.328648 0.4288297 0.1165085
-0.09109062 -0.64608 0.2561127 0.8230178 0.7578087
0.1323773 -1.286642 0.3268369 0.868099 0.8886492
0.0833391 -1.138099 0.3882475 0.8329466 0.8164827
-0.3425442 -0.6684909 0.4008026 0.3124429 0.6671412
-0.4216434 -0.671869 0.489931 0.1699798 0.6064959
-0.07351357 -0.6489195 0.4665622 0.7380702 0.5806639
-0.2634241 -0.6699585 0.4373243 0.4414262 0.6306274
-0.4328821 -0.671004 0.5138623 0.1509698 0.5895775
-0.2529706 -0.6553168 0.4106066 0.4666665 0.6424311
-0.2590424 -0.6585714 0.4213107 0.4533503 0.6363212
-0.1093212 -0.6575224 0.5427689 0.6510134 0.53797
-0.1288922 -0.6521336 0.4101422 0.674706 0.628872
-0.142367 -0.6656506 0.5884728 0.5864776 0.5170504
-0.1219631 -0.6638777 0.5879313 0.6159149 0.5150848
-0.08696407 -0.6186917 1.129251 0.528035 0.2617302
0.1369971 -1.388776 0.3751562 0.8289671 0.8802085
-0.2315442 -1.47073 0.4575956 0.4421048 0.8808134
-0.4490077 -0.674386 0.5290207 0.1251249 0.5821384
-0.3730296 -0.6689978 0.4594045 0.2534631 0.6234353
-0.4503149 -0.6857566 0.5235374 0.1251107 0.5925599
-0.286629 -0.6456089 0.5515921 0.3819503 0.5377552
-0.2225257 -0.6547864 0.3178489 0.5491421 0.7195002
-0.2759087 -0.6555998 0.4771709 0.4128198 0.5938154
0.1849539 -0.4338406 1.424264 0.7515836 0.08403504
-0.4774982 -0.6887062 0.7369434 0.09262848 0.466992
-0.1611626 -0.6548436 0.4465045 0.6074829 0.6058465
-0.09266025 -0.6267399 1.111224 0.5248532 0.271679
0.09667763 -0.6443714 1.255928 0.6782209 0.2386174
0.08066946 -1.218768 0.40395 0.8033447 0.8283598
-0.4688259 -0.6714625 0.5477212 0.09257939 0.5691018
-0.4022572 -0.6689457 0.4881232 0.2023125 0.6044496
-0.4037594 -0.6840936 0.4716774 0.2024988 0.6254028
-0.002004057 -0.6423405 0.3121324 0.9438682 0.6914156
-0.2320442 -0.4586009 0.9494763 0.3980909 0.2189778
-0.2657694 -0.6610177 0.3614324 0.4567429 0.6883896
-0.04087111 -0.6472136 0.379925 0.8344367 0.641317
-0.05108726 -0.6470056 1.077739 0.5735944 0.2925021
0.1743344 -0.5420986 1.368137 0.7375419 0.1573796
-0.3468456 -0.435446 0.5189437 0.2724462 0.4124074
-0.2031234 -0.6570673 0.4045001 0.5528556 0.643337
-0.1721715 -0.6533736 0.2969611 0.6499251 0.7321983
0.1552294 -0.5982254 1.159385 0.7693552 0.239102
0.1392386 -1.405415 0.3301279 0.8425244 0.9106618
-0.2424861 -0.6459059 0.8583926 0.3953446 0.3760259
-0.3577521 -0.5692739 1.271325 0.2246438 0.1965426
-0.3540509 -0.5634503 1.254539 0.2287488 0.1974576
-0.2480095 -0.6110874 0.6784201 0.4181485 0.4399738
-0.2042527 -1.408765 0.4667602 0.4701973 0.8603355
-0.35958 -0.6270116 0.5352864 0.2659619 0.5426241
-0.1718048 -1.413191 0.4795939 0.4998221 0.8512774
-0.1824747 -0.6594818 0.2419623 0.6548318 0.7925752
-0.3189944 -0.6655365 0.5242124 0.3353125 0.5700124
-0.07366475 -0.6396222 0.2657528 0.8515272 0.7423717
-0.03144363 -0.5153012 1.341766 0.5523064 0.1477642
-0.36484 -0.5370705 1.12273 0.2187505 0.2181153
-0.1256027 -0.6478571 0.3006479 0.7339112 0.7197993
-0.1253402 -0.6544142 0.3049794 0.7298627 0.7192112
-0.1856215 -0.5664062 0.9560085 0.4525058 0.2887126
-0.3398607 -0.5799821 0.5151365 0.2977343 0.5249152
-0.5088403 -0.6656274 0.5813931 0.0281361 0.546162
-0.1840659 -0.6458232 0.3522909 0.6068084 0.6787432
-0.1394836 -0.6610515 0.6876367 0.5624897 0.4597669
-0.2540999 -0.6517176 0.9051476 0.3745694 0.3606813
-0.1351787 -0.6577481 0.5451561 0.6122112 0.5383803
0.3542535 -0.5173541 1.275571 0.9387274 0.1640156
0.4003811 -0.5801712 1.297484 0.9542139 0.1931859
0.381511 -0.5714778 1.23979 0.9617369 0.2022225
-0.08723992 -0.4751816 1.395234 0.4906742 0.1124403
0.3726041 -0.5111741 1.275923 0.9573222 0.160431
0.07020396 -0.6519899 0.4592735 0.9554422 0.5759909
-0.3448786 -0.5739915 0.5230233 0.2877086 0.5157763
-0.2348285 -0.6215078 0.7712355 0.4196159 0.3997202
-0.4462515 -0.6830526 0.5121531 0.130981 0.5987875
-0.354489 -0.6557508 0.2779557 0.3058966 0.7779891
-0.3171559 -0.6599403 0.4117851 0.3551947 0.6505986
-0.3113333 -0.666065 0.3617314 0.3745456 0.6961358
0.1167631 -0.6366058 1.028913 0.7637768 0.2994102
-0.1550844 -0.6555915 0.3020038 0.6778925 0.7263684
0.3618373 -0.5031096 1.2961 0.9419671 0.1513592
0.03973114 -0.6757277 1.193336 0.6349852 0.2720726
-0.4103386 -0.6537033 0.6175579 0.18392 0.5095989
-0.1887504 -0.6525593 0.7965805 0.473576 0.4047796
-0.3682393 -0.5403724 1.147636 0.2142693 0.2129059
-0.3684351 -0.5692487 1.244232 0.213888 0.2036703
0.2044981 -0.5860806 1.089457 0.8447621 0.2515574
0.4257189 -0.5760186 1.339934 0.9617404 0.1814159
0.01242781 -0.6249992 1.288734 0.5941836 0.2208998
0.388212 -0.584513 1.31023 0.9376729 0.192592
0.4190432 -0.4874573 1.625545 0.882796 0.08151358
0.366892 -0.661782 1.069023 0.9891697 0.2959818
0.3695928 -0.4018399 1.334021 0.9644086 0.08317709
-0.1468237 -0.6667426 0.2472425 0.7171355 0.7853054
-0.1227923 -0.6646159 0.4403856 0.6686141 0.6124675
-0.2383725 -0.5621589 0.9168969 0.3931834 0.3014834
-0.236308 -0.5686341 0.9252272 0.394496 0.3024179
-0.3666309 -0.5475004 1.113348 0.2178865 0.227531
-0.3078364 -0.6574582 0.2559321 0.4041019 0.7955623
-0.328164 -0.6682989 0.2732911 0.3597226 0.7854012
-0.3002425 -0.6558148 0.2564738 0.4192829 0.792978
-0.1651312 -0.6742093 0.3534935 0.6326888 0.6910028
-0.2130073 -0.6647224 0.4643887 0.5170629 0.6028913
-0.09614269 -0.5994168 1.204824 0.5060077 0.2296637
-0.3271336 -0.4529658 0.521075 0.3123044 0.4247814
-0.1073402 -0.6683813 0.548792 0.6493884 0.540274
0.2413461 -0.6102737 1.110672 0.8673755 0.2583917
0.1693057 -0.5789603 1.194818 0.776143 0.2188653
-0.01805639 -0.6613972 1.299925 0.5597205 0.2371603
-0.3222857 -0.6642752 0.3139049 0.3633032 0.7412053
-0.321059 -0.6679062 0.3159831 0.3652661 0.7409177
-0.1547786 -0.6445804 0.7438998 0.5297701 0.4231202
-0.2958468 -0.6907972 1.005297 0.315483 0.3457375
-0.1987782 -0.6705069 0.9505386 0.4333269 0.3522227
-0.3064609 -0.6622629 0.2704492 0.4032152 0.7821616
-0.3084495 -0.6707593 0.5052925 0.3549927 0.5852034
-0.2129905 -0.5257161 1.62803 0.3434078 0.09660852
-0.3627968 -0.672317 0.4802158 0.2693285 0.6087168
0.02052638 -0.6054162 1.221959 0.6188963 0.227434
0.3959932 -0.5576974 1.216426 0.9884547 0.2003371
0.08273351 -0.5358271 0.9951288 0.7611628 0.252142
0.04242539 -1.425314 0.2949937 0.753764 0.9459845
0.1177846 -1.414037 0.3816352 0.8026633 0.8832865
-0.1139282 -0.6492249 0.3021213 0.7534398 0.7176883
-0.04822645 -0.6484146 0.3887923 0.8171138 0.635697
-0.1511811 -0.4469863 1.559559 0.4070258 0.06447202
-0.2619612 -0.5661034 0.9430719 0.3597631 0.2947102
-0.386127 -0.538703 1.565429 0.1871448 0.1140129
-0.2407464 -0.5348513 1.293706 0.345837 0.1703292
-0.2802529 -0.5544426 1.164789 0.3150302 0.2160367
-0.2779406 -0.5504625 1.153335 0.3184922 0.2168545
-0.1800549 -0.4374945 1.609925 0.3745886 0.05021894
-0.2212726 -1.425223 0.4532144 0.4545628 0.8731303
-0.3629535 -0.6153709 0.5440138 0.2585857 0.5297249
-0.1763996 -0.5981907 0.9239331 0.4678396 0.3198446
-0.3693987 -0.6581913 0.4590238 0.2586268 0.6172185
-0.2580117 -0.5749343 0.8773966 0.3733765 0.3255057
-0.08890331 -0.4281491 1.262567 0.515904 0.1110899
-0.03661996 -0.5389146 1.313204 0.5505858 0.1678883
-0.2595839 -0.6650591 0.8221388 0.3786988 0.4032413
-0.4568663 -0.6541711 0.3710974 0.09969217 0.6983948
-0.2589165 -0.5966595 0.8995122 0.3692875 0.3303353
-0.4470917 -0.6608206 0.3599152 0.1197632 0.7112988
-0.4774911 -0.6798244 0.7938347 0.09355685 0.4334968
0.4579181 -0.5421979 1.405348 0.9746287 0.149942
0.1499758 -0.6484706 0.9761234 0.8136324 0.3226568
-0.1801639 -0.6631027 0.5625321 0.5397795 0.5337
-0.3324484 -0.6597754 0.2949824 0.3471072 0.75914
-0.1462539 -0.6745707 0.8546179 0.5124367 0.3906934
-0.3407196 -0.5378252 0.5153143 0.2932739 0.4956955
0.0929493 -0.6073051 1.440855 0.6374102 0.1764253
-0.1353917 -0.4371871 1.556657 0.4225205 0.05933189
0.4395798 -0.5580445 1.32521 0.9843951 0.1751717
-0.04790139 -0.6289756 1.143077 0.5648046 0.2628455
0.3964116 -0.5889477 1.145672 1.008267 0.2354975
0.1393069 -1.438792 0.3219047 0.8372523 0.9221182
0.2269137 -1.425092 0.4615032 0.8744743 0.8321007
0.007944971 -0.648206 0.4627566 0.8633576 0.5763665
-0.170124 -0.6520409 0.3529627 0.6295167 0.6800383
-0.2197525 -0.4556358 1.611915 0.3374683 0.06002057
-0.1692751 -0.4601431 1.619883 0.3835135 0.06188011
-0.2722357 -0.5512083 1.131402 0.3269767 0.2236167
-0.3968668 -0.5365081 1.595932 0.176509 0.1070459
-0.4892288 -0.6653758 0.5417615 0.05678824 0.5712699
-0.3576049 -0.6609969 0.286275 0.2988759 0.77236
-0.1531968 -0.5004401 1.275318 0.4406249 0.1539587
-0.2677611 -0.5106882 1.133812 0.3308762 0.1974047
-0.3708792 -0.6627565 0.4142751 0.2602165 0.6557006
-0.3585451 -0.6564282 0.2942762 0.2956009 0.7618068
0.363065 -0.5305052 1.258649 0.9495577 0.1752872
-0.4650878 -0.6717086 0.5792181 0.1003219 0.5479735
0.1175271 -0.5924233 1.16383 0.7319303 0.2350363
0.2006583 -0.5637693 1.041606 0.864747 0.2530011
-0.2718049 -0.5266794 1.650794 0.2891196 0.09277546
-0.2591494 -0.6650895 0.3237726 0.4787866 0.7240223
-0.3872376 -0.4555292 0.5920083 0.1926351 0.3841307
-0.4615738 -0.6627898 0.3833327 0.09364814 0.6925702
-0.09440628 -0.6439212 0.2572505 0.8171679 0.7559941
-0.2972925 -0.5621817 1.357952 0.2832874 0.1710477
-0.4054406 -0.6584702 0.4962286 0.1951496 0.5927246
-0.1071544 -0.6196239 1.037812 0.5243186 0.2910414
-0.3861813 -0.6181214 0.5769076 0.2186562 0.5115108
0.3555408 -0.4155928 1.261297 0.9767412 0.1062971
-0.25621 -0.6555668 0.3907591 0.4662816 0.6591821
-0.03720617 -0.6510677 0.4618582 0.7949424 0.5822301
-0.2098432 -0.6518414 0.7702724 0.4515354 0.4172115
-0.03792909 -0.4679159 1.307098 0.557251 0.1269431
-0.4655851 -0.6637667 0.4942613 0.09325369 0.6025179
-0.2923474 -0.6469403 0.279441 0.4294784 0.7627548
-0.3867171 -0.5002458 0.5761749 0.2012891 0.4298984
-0.128248 -0.6464067 0.6678269 0.5853085 0.4609867
-0.4052282 -0.616805 0.610555 0.186649 0.4908599
0.09528613 -0.6507987 1.049703 0.7321953 0.3008431
-0.06558654 -0.6448913 0.2904328 0.8475815 0.7202845
-0.3071024 -0.6500072 0.2814784 0.399714 0.7643638
-0.2773876 -0.6540429 0.3087161 0.4500533 0.73492
-0.3456547 -0.5470236 1.312137 0.2344192 0.1732084
-0.3660917 -0.540111 1.320971 0.2118574 0.1669966
0.4101362 -0.5566139 1.238183 0.9928985 0.1944181
0.4136304 -0.5529788 1.196323 1.014629 0.2026083
-0.1680412 -0.5725197 0.8943698 0.4856517 0.3150796
0.3949695 -0.5874866 1.168946 0.9976146 0.2285725
-0.007603317 -0.5811725 1.348436 0.5677655 0.1832751
-0.2103158 -0.6496881 0.3067511 0.5766568 0.725754
-0.3952095 -0.465897 0.5931851 0.1796296 0.3923771
-0.2545466 -0.5001965 1.026471 0.358296 0.2227969
-0.372905 -0.5535129 1.537188 0.201419 0.1277119
-0.2507098 -1.422885 0.4504456 0.4256207 0.8768082
-0.231223 -0.6436591 0.483386 0.4848086 0.578636
-0.377646 -0.6502575 0.2899776 0.2571454 0.7657996
-0.4318356 -0.6580855 0.4885975 0.1500812 0.6004386
-0.004765183 -0.5394956 1.287416 0.5872906 0.1742363
0.1293043 -0.5056118 1.010355 0.8154695 0.2278214
0.09224689 -0.623101 1.181752 0.6965243 0.2471222
-0.2885808 -0.5678682 0.9750304 0.322932 0.2847573
-0.3853078 -0.5493167 1.204802 0.1941374 0.20243
-0.1697637 -0.5304696 1.143254 0.4414796 0.206673
-0.4936092 -0.6588976 0.4391651 0.03738633 0.6456451
-0.05744255 -0.6458446 0.3761576 0.8101457 0.6452202
-0.2207905 -0.6617422 0.9092992 0.4140547 0.3637645
0.2105401 -0.420896 1.471077 0.7643236 0.06815422
-0.0009031892 -0.6544802 1.177126 0.6018729 0.266149
-0.4114918 -0.4514755 0.6210764 0.146836 0.3644184
-0.4371281 -0.6520665 0.5936732 0.1415686 0.5251454
-0.07600853 -0.4708011 1.276271 0.5235581 0.1355221
-0.4504584 -0.6692582 0.4317138 0.1182445 0.653223
-0.002413779 -0.5659155 1.432443 0.5581239 0.1565644
-0.2164409 -0.654056 0.3746647 0.5404844 0.667629
-0.4021399 -0.6687256 0.5686756 0.1999846 0.5485397
-0.1126063 -0.646441 0.3610764 0.7260632 0.6636964
-0.3331684 -0.6602381 0.435071 0.3238344 0.6336187
-0.2704432 -0.4854977 1.513247 0.2971084 0.09425223
-0.4961774 -0.6677436 0.6175362 0.05242214 0.5235118
-0.4257898 -0.6489224 1.030117 0.1598653 0.3166467
-0.2978742 -0.6586357 0.4085382 0.3894429 0.6505429
-0.2976238 -0.4853233 1.347269 0.2799138 0.1277425
0.1173736 -1.025977 0.3298028 0.9339761 0.8202617
-0.1111497 -0.653615 0.3764478 0.7187864 0.6547878
-0.3824836 -1.425046 0.3438363 0.2986773 0.9568422
-0.5103794 -0.6763762 0.6078418 0.03126103 0.5355741
-0.575983 -0.8222734 1.211455 0.02767846 0.3491231
0.1436149 -0.5888001 1.206889 0.745578 0.2213365
-0.2775112 -0.6506969 0.2929295 0.4544561 0.7488222
-0.470922 -0.6708295 0.4809156 0.08489868 0.6171283
-0.4150689 -0.6132259 0.3702922 0.1721522 0.6703163
-0.1736046 -0.6264498 0.6941645 0.5186203 0.4376783
