-0.1400308 -0.01097562 0.02765478 
0.99946 1
0.99946 0
0.0005400776 1
0.0005400777 0
196
-0.01988337 -0.6396095 1.209026 0.4656069 0.2634393
-0.2184934 -0.5021976 1.317458 0.2339945 0.1541257
-0.2697736 -0.4790503 1.353249 0.1740291 0.1310369
-0.2605735 -0.5132652 1.633345 0.2006098 0.09472084
-0.1840678 -0.4638058 1.349464 0.2689267 0.1210914
-0.2829768 -0.6643301 0.8738919 0.159425 0.4099457
-0.2614802 -0.6580227 0.826076 0.1845974 0.4282572
-0.02630383 -0.6363238 1.215782 0.4580236 0.2597098
-0.2851758 -0.644093 0.9272602 0.1565292 0.3739429
-0.2549004 -0.5663162 0.9367034 0.1833592 0.3193752
-0.2498475 -0.6547713 0.7960815 0.1987939 0.4409323
-0.1454326 -0.6813812 0.9149916 0.3430423 0.3963947
-0.1036942 -0.6434214 1.145554 0.378644 0.2870191
-0.06135578 -0.5966326 1.317607 0.4116389 0.2094815
0.1279209 -0.5900431 1.233742 0.622847 0.2252294
-0.2709234 -0.5620592 0.9373913 0.1603036 0.3167058
-9.863079E-05 -0.6212801 1.279328 0.4792566 0.2327342
-0.04454245 -0.5790759 1.323517 0.4285251 0.1975573
0.0755851 -0.6018243 1.075804 0.5936593 0.2815017
-0.07510708 -0.6094164 1.23826 0.4030215 0.2386944
0.04967329 -0.6284746 1.340649 0.5226759 0.2197608
-0.1908242 -0.6818976 0.8710953 0.2854367 0.4180056
0.121184 -0.6732547 1.02793 0.6487898 0.3386844
-0.2143189 -0.668103 0.9795594 0.2538539 0.3640548
0.07306406 -0.631564 1.088295 0.5859554 0.2950041
-0.2647599 -0.570067 0.9369623 0.1704323 0.3220772
0.3838595 -0.5929767 1.332227 0.8587775 0.1975189
0.395337 -0.5764668 1.345694 0.8694297 0.1848549
0.3601713 -0.5883712 1.320683 0.8399223 0.1980811
0.1900006 -0.6207233 1.197085 0.6929805 0.2522778
0.1046689 -0.5999236 1.046598 0.6339713 0.2896373
0.1761684 -0.5857967 1.095135 0.707452 0.2632065
-0.2069722 -0.6707311 0.9772613 0.2633185 0.3662699
0.1530282 -0.6061563 1.192898 0.656265 0.2458081
0.4255461 -0.5753421 1.369396 0.8916065 0.1783058
0.3720472 -0.5996452 1.301008 0.8551052 0.2091638
0.4314816 -0.5675762 1.414519 0.8851773 0.1637307
-0.02669545 -0.6520897 1.186375 0.4605233 0.277418
0.1153037 -0.6619145 1.030238 0.6428763 0.3316175
0.4177708 -0.5316671 1.385536 0.8889007 0.149743
0.3931531 -0.5704511 1.271395 0.892035 0.1997409
-0.217778 -0.6688315 0.8064674 0.2468737 0.4426799
-0.1242892 -0.6814392 0.8113468 0.3767904 0.4436473
0.3722004 -0.5746378 1.255264 0.8749563 0.2066458
0.4007803 -0.5706866 1.23636 0.9115437 0.2088883
0.003808349 -0.6281282 1.265452 0.4847666 0.2403352
0.3581792 -0.5163307 1.330413 0.8500513 0.1536492
-0.2320347 -0.4653935 1.350167 0.2147443 0.122394
0.4988753 -0.5757324 1.288091 0.9905215 0.197117
0.508076 -0.4586655 1.398 0.9919677 0.1023053
-0.2106542 -0.5772381 0.9491293 0.2461922 0.3202129
0.4826462 -0.5762429 1.276574 0.9785739 0.2005225
0.5043708 -0.5806926 1.345487 0.9737002 0.1859387
0.3742947 -0.598609 1.19227 0.8921826 0.2376702
0.4762483 -0.5786477 1.316154 0.9573921 0.1921661
-0.08704431 -0.6779155 0.587715 0.4548425 0.5699092
0.06475565 -0.5888516 1.092495 0.5789765 0.2683079
0.06583287 -0.6769677 0.651585 0.673502 0.5192076
-0.08618075 -0.6800739 0.718385 0.4387876 0.4901137
0.01237872 -0.6820965 0.8743199 0.5480258 0.4090277
0.4890421 -0.5757657 1.371745 0.951319 0.1772655
0.1953793 -0.4357266 1.479611 0.6604712 0.0737828
0.3518174 -0.6039758 1.208531 0.8622416 0.2365592
0.05311885 -0.6418458 1.279612 0.5336494 0.2431977
0.3254997 -0.6626323 1.177806 0.83196 0.2786187
0.4435686 -0.5729039 1.253364 0.9487134 0.205093
-0.01467635 -0.6749678 0.470627 0.5997552 0.6508558
0.05945989 -0.6751128 0.5679054 0.6908363 0.5724005
0.1531312 -0.6751042 0.706514 0.779782 0.4820445
0.008233041 -0.6754194 0.5142937 0.625531 0.6148471
-0.07488914 -0.6493745 1.14016 0.411595 0.2915161
0.3821214 -0.6556251 1.138207 0.9046308 0.2856575
-0.07843065 -0.6748215 0.3993737 0.503563 0.719411
0.335927 -0.5009376 1.333651 0.8295568 0.1437125
0.1665628 -0.5593702 1.225579 0.6693873 0.2086004
0.3777469 -0.5927002 1.196758 0.8957139 0.2329229
0.3748608 -0.6711016 0.999175 0.943563 0.3410007
-0.1182675 -0.6188277 1.151779 0.3606077 0.2710723
-0.2894472 -0.6794081 0.8480231 0.1516122 0.4313639
-0.3054808 -0.6752352 0.8645777 0.1302965 0.4216385
-0.09357031 -0.6031537 1.301165 0.3790033 0.2180374
0.2986731 -0.6810668 1.034751 0.8441021 0.3358033
0.5028627 -0.5775716 1.194813 1.03057 0.2225633
0.4790841 -0.5830407 1.1589 1.018883 0.2362969
0.4977271 -0.5636001 1.193413 1.030327 0.2147785
0.07419699 -0.660064 1.292809 0.5523106 0.2491174
0.4850541 -0.5824535 1.358734 0.9502331 0.1840495
0.4901582 -0.5804798 1.1844 1.020774 0.2273651
-0.0288001 -0.6780185 0.446386 0.5816141 0.6741321
0.108845 -0.6818094 0.6271224 0.7437042 0.5345719
-0.248106 -0.664007 0.8206389 0.2041286 0.4339879
-0.05917388 -0.5660779 1.341239 0.4115476 0.1856738
-0.2389432 -0.6793329 0.9319899 0.2231984 0.3911415
0.434926 -0.6564486 1.017091 1.00714 0.3248014
0.2088964 -0.6345383 1.119023 0.7302442 0.2835915
0.05107039 -0.6770037 0.4756171 0.7097781 0.6426853
0.09780088 -0.6725471 0.5623719 0.7532672 0.5722322
0.004820317 -0.6772467 0.4163786 0.6509033 0.6971717
0.01808175 -0.638837 1.332272 0.4917032 0.2280629
-0.2535478 -0.662111 0.8928595 0.1998178 0.3988265
-0.3088894 -0.6690866 0.9909013 0.1359257 0.363022
-0.3091644 -0.6576768 0.8641747 0.1212829 0.4115386
0.07245025 -0.7044436 1.003623 0.5949132 0.3663002
-0.174246 -0.6406013 0.6461487 0.3087381 0.5142012
-0.08040757 -0.6392164 1.19204 0.4013375 0.2695351
0.08196911 -0.676727 0.546224 0.7335755 0.5869821
0.1454056 -0.6784339 1.029382 0.6753194 0.3403844
-0.04214866 -0.561267 1.387727 0.4255893 0.1714136
0.08494514 -0.6734565 0.4690744 0.7704288 0.6432732
0.04725814 -0.6735867 0.5371896 0.6821514 0.5940254
0.1257702 -0.6725092 0.520896 0.8148035 0.5998016
0.3779445 -0.6662542 1.007194 0.9452657 0.3353159
0.4349222 -0.6241747 1.030621 1.011993 0.3016444
-0.2466079 -0.6781681 0.9180457 0.2126457 0.3967875
-0.2988098 -0.5498427 0.9890246 0.123818 0.2886128
-0.09839123 -0.650812 1.148515 0.384712 0.2901538
-0.247545 -0.6686782 0.6648409 0.1976593 0.5237178
-0.256553 -0.6771902 0.5170466 0.1741391 0.6337646
0.22438 -0.6205074 1.127053 0.747365 0.2726568
0.4349088 -0.5534592 1.415303 0.8912683 0.1555958
0.03244282 -0.6757122 0.4007156 0.7069054 0.7080817
0.41226 -0.6297343 1.131963 0.9451977 0.2725252
-0.3054053 -0.5715837 0.9778403 0.1185952 0.3077243
-0.2371364 -0.6621777 0.64801 0.2119045 0.529879
0.322797 -0.6752464 0.8688667 0.9347388 0.3964165
-0.2200243 -0.6567422 0.6420992 0.2379574 0.5293871
0.1694675 -0.6743321 0.5820336 0.8543561 0.5554917
0.1243559 -0.6161348 1.218415 0.6195068 0.2446961
0.4251742 -0.5737236 1.230993 0.9377457 0.211727
0.3420821 -0.6742597 1.056855 0.8855741 0.3232667
0.434358 -1.096843 0.8251903 0.952189 0.5992854
-0.2442081 -0.5257604 0.9722387 0.1928134 0.2770169
0.1615306 -0.684255 1.022024 0.6944993 0.3458404
0.2024879 -0.6888921 0.9540072 0.7588786 0.3730119
0.1625344 -0.6682612 0.8132844 0.7572719 0.4233459
0.05107988 -0.6816661 0.4664914 0.7122014 0.652679
0.06673059 -0.691631 0.554645 0.7033773 0.590545
0.08698671 -0.6207116 1.195621 0.5832845 0.2546316
-0.03676365 -0.6837038 0.359195 0.5918877 0.7593087
-0.1942245 -0.680195 0.5781491 0.2827379 0.5849787
-0.2169817 -0.5515251 0.9910366 0.2348949 0.2868295
-0.1574493 -0.6769263 0.6482719 0.338683 0.5338237
-0.142582 -0.6039577 1.121936 0.3327884 0.2723546
-0.1362456 -0.6788838 0.6803267 0.3690378 0.5140789
-0.2448745 -0.5425678 1.332321 0.2101624 0.1761305
-0.1405744 -0.471966 1.372461 0.3179345 0.1209086
0.1181341 -0.6595353 1.341622 0.5884888 0.235181
0.01942883 -0.6674292 0.3298152 0.7146394 0.775362
-0.2515026 -0.5560499 1.004052 0.1900109 0.2858409
-0.2517143 -0.6785155 0.6023811 0.1891286 0.5708444
-0.2917157 -0.552434 0.9621851 0.1315135 0.3007032
0.1649828 -0.4449942 1.467301 0.6311455 0.08210087
-0.2417358 -0.6722214 0.5395693 0.2004458 0.6121629
-0.2596033 -0.4579729 1.003685 0.1600228 0.2159942
0.06051323 -0.6798977 0.5575851 0.6950333 0.5822421
-0.1949672 -0.6834467 0.3785508 0.2838272 0.7561563
-0.1996189 -0.67898 0.3775119 0.2739548 0.7553686
-0.2265773 -0.6774347 0.9738306 0.2396605 0.37214
-0.1653685 -0.6584535 0.6568459 0.3242828 0.5178965
-0.2584916 -0.672732 0.9814291 0.1993039 0.3673674
-0.2947978 -0.6417595 0.9745505 0.1471514 0.3530313
-0.255578 -0.6630682 0.6863838 0.1853688 0.5075338
-0.250836 -0.6806861 0.3219131 0.1671993 0.8222972
-0.1438691 -0.678947 0.3139339 0.3899869 0.8176102
-0.2788216 -0.50632 0.9745975 0.1405468 0.2631331
-0.1719706 -0.6771208 0.3260245 0.3308246 0.8063823
-0.09824571 -0.6773508 0.3728278 0.4713941 0.7486662
0.08252512 -0.6782264 0.5941314 0.7167823 0.5551239
-0.2696295 -0.6716788 0.83284 0.1762529 0.4334099
-0.2865267 -0.6299604 0.7030188 0.1308431 0.4787112
-0.2821658 -0.6745147 0.5195286 0.1285191 0.6322458
-0.1543338 -0.6807173 0.3025666 0.3696725 0.8328896
-0.2555567 -0.6615151 0.6287887 0.181039 0.5431262
-0.271634 -0.6759362 0.9690463 0.1826632 0.3746901
0.1850678 -0.6606152 0.7442038 0.8130864 0.45201
0.05637756 -0.6446938 1.201313 0.5480703 0.2670954
-0.06942051 -0.6798157 0.4030806 0.5191883 0.7177346
0.05840188 -1.250543 0.4522621 0.6359485 0.87217
-0.2843627 -0.6876751 0.5193725 0.1283761 0.6400321
-0.07925373 -0.701987 0.701407 0.4509333 0.5119737
0.04863597 -1.172989 0.448249 0.6340921 0.8559695
0.03114066 -0.7200255 0.4696983 0.6698261 0.6723371
-0.2264711 -0.6820249 0.3000074 0.2174616 0.8456485
-0.1607015 -0.6797311 0.3276079 0.3541076 0.8045802
0.02294695 -0.6717628 0.4743875 0.6636225 0.642945
0.098856 -1.146283 0.3583009 0.7233542 0.9117943
0.09687969 -1.228086 0.390936 0.6981455 0.9068807
-0.2382742 -0.6700476 0.8723527 0.2207062 0.4123308
-0.2229033 -0.6938145 0.2894653 0.2274247 0.8633361
-0.2691305 -0.6946392 0.3308341 0.1344958 0.8210592
0.002816468 -0.6847098 0.3567876 0.6674564 0.7581198
0.1218487 -1.15087 0.3846256 0.7436144 0.8907238
-0.3103642 -0.6661307 0.6572772 0.0969775 0.5306199
-0.2494737 -0.658672 0.6231534 0.1899174 0.5447901
-0.1061421 -0.6793258 0.3639255 0.4577893 0.7595409
-0.2000853 -0.6829211 0.2745557 0.2738749 0.8738253
