-0.6346519 0.02762789 0.2414361 
0.99946 1
0.99946 0
0.0005400776 1
0.0005400777 0
329
-0.2300917 -0.4754596 0.9450957 0.6798854 0.3371777
0.1663164 -0.5963383 1.173539 0.946625 0.2871467
0.1429615 -0.5810038 1.217901 0.9023694 0.2678772
0.1337405 -0.6590745 1.009973 1.002594 0.3786308
0.1443721 -0.6126214 1.21822 0.8957301 0.2851959
0.1152395 -0.5850341 1.026471 0.9972614 0.333168
0.089719 -0.5900423 1.058878 0.9476233 0.3277183
0.08171803 -0.5767294 1.079349 0.9299278 0.3138521
-0.01102519 -0.6239052 1.182671 0.7654443 0.3168941
-0.02997112 -0.5693842 1.306105 0.6935073 0.2517666
-0.05931038 -0.5530461 1.290435 0.6742359 0.2491165
-0.08345592 -0.6351799 1.13726 0.7143876 0.3457274
-0.1438998 -0.4756025 1.579752 0.479332 0.140518
-0.2018107 -0.4918168 1.300666 0.5261305 0.2209321
-0.2506545 -0.4704686 1.338352 0.4574833 0.2008278
-0.2407849 -0.5507624 0.9167264 0.6709296 0.4036991
-0.3248903 -0.6023225 0.992009 0.5157943 0.4144927
-0.2833486 -0.651351 0.3511612 1.087763 0.9075391
0.1287474 -0.6474139 1.013498 0.9991111 0.3716165
-0.0435257 -0.5723398 1.306825 0.6795971 0.254407
-0.2769776 -0.5309312 1.302453 0.4418544 0.2516434
-0.2374045 -0.548367 1.300282 0.4857009 0.2593027
-0.05337608 -0.6433848 1.137752 0.7435042 0.3467568
-0.2954546 -0.6537431 0.3633165 1.048552 0.8992122
-0.3468379 -0.6571589 0.519754 0.7884651 0.7561097
-0.3071852 -0.6534499 0.3756028 1.012234 0.889562
-0.3570707 -0.6546785 0.5156006 0.7760684 0.762091
-0.3094944 -0.6507147 0.3562659 1.034592 0.9126712
-0.3208618 -0.6561562 0.3904247 0.9682664 0.879267
-0.3340641 -0.6582206 0.4035347 0.9284645 0.8706728
-0.3432299 -0.6561989 0.4127047 0.9028503 0.8631631
-0.3350248 -0.4115727 0.5700588 0.8533715 0.54047
-0.4070146 -0.5487241 1.600949 0.2190151 0.1949487
-0.3592418 -0.6568049 0.4259056 0.8597355 0.8551891
-0.2414933 -0.5103409 1.617917 0.3744225 0.1587122
-0.2436362 -0.5088297 1.615969 0.3728729 0.158376
-0.3420074 -0.6579469 0.5219477 0.7941465 0.7529169
-0.3704987 -0.6556174 0.4219386 0.8443114 0.8636258
-0.428795 -0.6583989 0.5687501 0.6112421 0.7388776
0.1465969 -0.6000805 1.205505 0.9082151 0.2817445
-0.3305404 -0.6071504 0.9909485 0.5089219 0.4187379
-0.1140055 -0.4736847 1.5656 0.5127806 0.1405234
-0.3470897 -0.4391501 0.5305192 0.863377 0.6047264
-0.449958 -0.6599667 0.649102 0.5216443 0.6786271
-0.4475446 -0.6590554 0.6482762 0.5261146 0.6781107
-0.3766162 -0.6219271 0.5463133 0.7253711 0.7227124
-0.3330951 -0.6539567 0.4026684 0.9333465 0.8693391
-0.2631915 -0.5300019 1.18613 0.5045549 0.2862011
-0.3424262 -0.4112471 0.5708746 0.8378063 0.5417351
-0.3554034 -0.6574169 0.4262239 0.8659437 0.8535839
-0.423921 -0.6609764 0.4896997 0.6821744 0.8140917
-0.4359396 -0.6568847 0.5001701 0.6528364 0.8058343
-0.4368381 -0.6574207 0.4850991 0.6637766 0.8219613
-0.4506361 -0.6603111 0.5161265 0.6131669 0.7967925
-0.4633905 -0.6597754 0.5234798 0.5848684 0.7937797
-0.3882669 -0.6586589 0.4574825 0.7754475 0.8331869
-0.4633384 -0.6623595 0.5127812 0.5927485 0.8057255
-0.3780493 -0.6542852 0.418772 0.8345516 0.869711
-0.488913 -0.6732712 0.7349383 0.4121633 0.6322356
-0.4185627 -0.6597461 0.4889262 0.692642 0.8123125
-0.4158051 -0.6557001 0.457563 0.7268404 0.8423988
-0.3576363 -0.4323168 0.5279261 0.8483747 0.6052964
-0.2411239 -0.6588964 0.894644 0.6667828 0.4801092
-0.3723526 -0.6206886 0.5391161 0.7393218 0.727219
-0.3341323 -0.6529908 0.522489 0.808187 0.7472972
0.3560629 -0.5262904 1.305362 1.05387 0.1978017
0.3886087 -0.5823209 1.30049 1.066501 0.2275529
0.3697109 -0.5162647 1.297508 1.073609 0.1929443
-0.3594652 -0.5651963 0.5260238 0.7919581 0.7027594
-0.4612336 -0.6657649 0.5077728 0.5998885 0.8116757
-0.382854 -0.5441412 1.18239 0.3632481 0.3096171
-0.3779893 -0.5567952 1.247158 0.3473021 0.29477
0.1867425 -0.5753684 1.075508 1.036794 0.303315
0.3743387 -0.5820717 1.305608 1.051776 0.2272381
0.3694695 -0.4064398 1.355991 1.07175 0.1141011
-0.2485847 -0.5587866 0.9223824 0.6559999 0.4074856
-0.2475207 -0.5569676 0.9189872 0.6597385 0.4077359
-0.3768069 -0.5329538 1.110509 0.3976805 0.3283308
-0.4650186 -0.6562959 0.5283248 0.5787754 0.7878401
-0.2166297 -0.6626502 0.9427255 0.6682889 0.4554948
-0.2263592 -0.5110621 1.612356 0.3905297 0.1593713
0.1104378 -0.5865233 1.100217 0.942155 0.3096857
-0.2513409 -0.5309816 1.308558 0.4676846 0.2475749
-0.4914145 -0.6632467 0.7878883 0.3826519 0.5915269
-0.05427039 -0.639242 1.174669 0.7241298 0.3323381
-0.4109204 -0.5274568 1.613361 0.2098117 0.1802112
-0.505191 -0.6591484 0.5473421 0.4928098 0.7847648
0.3695362 -0.5435119 1.298816 1.063893 0.2080906
-0.4821385 -0.656943 0.4978154 0.5706728 0.8255386
-0.256 -0.5423359 1.162628 0.522819 0.3012196
-0.3838977 -0.5449873 1.541053 0.2559577 0.205249
-0.3837595 -0.5475008 1.551136 0.2539176 0.2042716
-0.01360112 -0.6456776 1.173303 0.7639692 0.3320324
-0.4655029 -0.6587721 0.4318043 0.6566626 0.8934629
-0.4648316 -0.659695 0.4309242 0.6585381 0.8946176
-0.4421844 -0.6661267 1.078308 0.334716 0.4309383
-0.4055158 -0.6012334 0.5857123 0.6477699 0.684922
-0.2662088 -0.5609983 0.934126 0.6257091 0.4061605
-0.4137985 -0.6605617 0.5966339 0.615428 0.7112365
-0.5123499 -0.6630347 0.5754177 0.4618065 0.7624036
0.3795064 -0.5056669 1.31216 1.075999 0.1828376
-0.7060737 -1.185134 1.277369 0.07865465 0.6050628
-0.2854079 -0.5435172 1.129311 0.502955 0.3170936
-0.4812286 -0.6700357 0.5540966 0.5302365 0.7754624
-0.4216068 -0.6554321 0.4741859 0.70126 0.8267034
-0.3397303 -0.5292661 1.08596 0.4553539 0.3307993
-0.4630186 -0.6623785 0.7082914 0.466211 0.6387588
0.105598 -0.6104906 1.044306 0.9670691 0.3427609
-0.5258271 -0.6588275 0.5906012 0.4286795 0.7506707
-0.3295014 -0.6649864 0.4835749 0.8484758 0.7883249
-0.1976404 -0.4550991 1.343567 0.5142503 0.1851948
-0.4927425 -0.6562518 0.4076431 0.625308 0.9343023
-0.4231785 -0.5843038 0.6222095 0.592095 0.6489721
-0.424101 -0.5836926 0.6235574 0.5895917 0.6477457
-0.4039729 -0.5473722 1.750483 0.1912367 0.1620701
-0.4030291 -0.5585874 1.783868 0.1872021 0.1615009
-0.3517578 -0.6585524 0.3866609 0.9160333 0.8978622
-0.01546001 -0.578195 1.298718 0.7098576 0.2575654
-0.4032034 -0.5791812 0.5872971 0.6548798 0.6695461
-0.4260051 -0.554835 0.6316542 0.5841383 0.6232346
-0.4513255 -0.6620015 0.7541887 0.4594777 0.6038254
-0.2717326 -0.5177295 0.9206184 0.6322579 0.3844709
-0.5790993 -0.7821996 1.190287 0.1555542 0.4637085
-0.4404282 -0.6553977 0.4825242 0.6599044 0.825053
-0.4614956 -0.656653 0.3790194 0.7154944 0.956791
-0.4173033 -0.6625211 0.4841848 0.6983157 0.8180497
-0.5039193 -0.6634864 0.5683402 0.4812073 0.766425
-0.4220472 -0.5982363 0.6218423 0.5923969 0.6574354
-0.4223831 -0.5974109 0.6232058 0.5909438 0.6559104
0.09041166 -0.618704 1.074991 0.9294406 0.3385413
-0.4390054 -0.6603397 0.4089543 0.7286263 0.9099828
-0.4405758 -0.658108 0.4095693 0.7256889 0.9089872
-0.4362201 -0.6572689 0.6433285 0.5476435 0.6778842
-0.4072934 -0.6646674 0.5972572 0.6249116 0.7109459
-0.4089801 -0.6632091 0.5978832 0.6219571 0.7101543
-0.05135268 -0.5737591 1.283687 0.6826844 0.2623259
-0.2761572 -0.5308936 0.9261943 0.6211119 0.3915275
-0.3359355 -0.4205368 0.5801164 0.8358105 0.5396569
-0.4278579 -0.6656656 0.6025517 0.5875723 0.7131575
-0.4132745 -0.6606774 0.4909912 0.6999571 0.8087195
-0.4846748 -0.6621709 0.7903706 0.3915733 0.5877979
0.07891667 -0.6649894 1.258037 0.8036801 0.3075001
-0.2445363 -0.5043215 0.9887949 0.6293558 0.3408809
-0.4244483 -0.5452873 1.805451 0.1616946 0.1513938
-0.4009619 -0.5459352 1.792975 0.1858779 0.1528352
-0.01194263 -0.6254901 1.195843 0.7573568 0.3137331
0.08137834 -0.5757291 1.095197 0.9195651 0.3080498
-0.1611788 -0.6343682 1.001992 0.7036287 0.4056852
-0.3828803 -0.5189681 1.620498 0.2356002 0.1718969
-0.4024443 -0.5633176 0.5861948 0.6604295 0.6603606
-0.3961735 -0.5785634 0.5792438 0.674032 0.6740571
-0.4297239 -0.6652333 0.6284149 0.5670658 0.6922308
-0.4230236 -0.6340334 0.6193106 0.5878413 0.6806186
-0.3752771 -0.659704 0.5528625 0.7123643 0.7367106
-0.4211744 -0.6129497 0.6156376 0.5963658 0.6710393
-0.3674378 -0.5854135 0.5412095 0.756399 0.7033888
-0.4180586 -0.6758792 0.5569348 0.635177 0.7549533
0.1987861 -0.4172668 1.468284 0.851249 0.1082281
-0.5789216 -1.078255 1.187538 0.1990336 0.5870754
-0.5081871 -0.6600626 0.5732139 0.4706304 0.7615518
-0.1607365 -0.6630297 0.9944397 0.7036842 0.4248779
-0.2773013 -0.5199465 1.636456 0.3354156 0.1625069
-0.5833631 -1.07745 1.175314 0.1970508 0.5923865
-0.5594623 -0.5607943 1.940643 0.02036443 0.1418227
0.3693253 -0.4508331 1.333784 1.071375 0.1462342
-0.2752681 -0.5334582 0.9744965 0.5940111 0.3711426
-0.1278538 -0.4579473 1.373448 0.5759289 0.1743779
-0.4106565 -0.6069192 0.6007328 0.6262246 0.6769115
-0.3818837 -0.6166388 0.5640161 0.7026089 0.7055295
-0.2762309 -0.5297136 1.192653 0.4865499 0.2852148
-0.4712838 -0.659973 0.6009694 0.5169104 0.7246855
-0.3195287 -0.4108859 0.5635468 0.8922377 0.5409158
-0.4104296 -0.473325 0.59205 0.6603992 0.5948411
-0.2652068 -0.5271821 0.9246739 0.6372618 0.3880283
-0.2569028 -0.4835791 0.9694595 0.6272489 0.3362193
-0.343421 -0.6561446 0.3875209 0.9313649 0.8922124
-0.4781839 -0.6594203 0.3844105 0.6757168 0.9588021
-0.2709092 -0.5187797 0.9361306 0.6237978 0.3778382
-0.4411187 -0.7621503 1.066448 0.3464071 0.4863805
-0.3253586 -0.4133353 0.5343734 0.916023 0.5719169
-0.4954194 -0.6641876 0.5607429 0.5011712 0.7710623
-0.4624079 -0.7650369 1.082203 0.3167317 0.4840857
-0.7200621 -1.335687 1.300583 0.08748123 0.6433471
-0.01307976 -0.6294332 1.167271 0.770599 0.3250561
0.1661797 -0.5232359 1.447839 0.8121468 0.1768475
0.3795924 -0.5643332 1.306849 1.06077 0.2169793
-0.3319547 -0.6648991 0.3821169 0.9536929 0.8974353
-0.1362518 -0.66266 0.6296719 0.9962903 0.6138836
-0.2700262 -0.5038553 0.9698862 0.606869 0.3522209
-0.4156933 -0.4197685 0.6155138 0.6403414 0.532088
-0.4150432 -0.4195949 0.6136616 0.64343 0.5333461
-0.2284536 -0.4530223 1.631189 0.3811177 0.1215147
-0.396814 -0.5357995 1.582914 0.2318989 0.1909946
-0.1592338 -0.4439329 1.577863 0.4656091 0.1226269
-0.4085517 -0.4219341 0.6145164 0.6552609 0.5327045
-0.1410913 -0.4353149 1.584202 0.4811766 0.1150948
-0.3531642 -0.5774433 0.5236578 0.8011742 0.7103317
-0.3938943 -0.6259304 0.5724322 0.6732147 0.7071013
0.03620446 -0.6083778 1.293207 0.7568331 0.2714154
-0.1610781 -0.4996448 1.296738 0.5714862 0.2235523
-0.4664025 -0.6618929 0.5435393 0.5644544 0.7763698
-0.1674251 -0.4385706 1.617899 0.4442379 0.1120374
-0.4407677 -0.6591145 0.7475378 0.4789361 0.6041957
-0.05014449 -0.4684072 1.333472 0.6735792 0.1852912
-0.08258921 -0.4529958 1.357817 0.6304451 0.1717609
-0.4549183 -0.6595808 0.390936 0.7157388 0.9393443
-0.4561135 -0.6578024 0.391471 0.7133773 0.9385055
-0.3603719 -0.4785011 0.5365962 0.8123349 0.6340671
-0.128719 -0.431458 1.576118 0.4961349 0.1136101
-0.4452594 -0.6588953 0.5099308 0.6278789 0.8003532
-0.2439625 -0.4734867 1.340173 0.464182 0.2017694
-0.4844284 -0.6694709 0.7067094 0.4334987 0.6492665
-0.498749 -0.668788 0.6877924 0.4206329 0.666782
-0.430813 -0.613724 0.7708277 0.4825158 0.5600773
-0.5143555 -0.6667858 0.5633633 0.465714 0.7763164
-0.4255389 -0.5592648 1.752451 0.1719814 0.1693887
-0.1713107 -0.6280385 0.9938686 0.6976668 0.4068176
0.1212679 -0.6176262 1.241613 0.860371 0.2833482
0.07664406 -0.5939003 1.09097 0.912478 0.3205409
-0.3328345 -0.4477318 0.522568 0.8973069 0.6145695
-0.1063232 -0.454351 1.354173 0.6073204 0.1752328
-0.3988028 -0.543608 1.214129 0.3326829 0.2999353
-0.4528926 -0.7749682 1.073112 0.3314034 0.4915102
-0.3678592 -0.5343865 1.659902 0.2432253 0.1712988
-0.5879288 -0.7928032 1.189396 0.1474082 0.4703851
-0.1835876 -0.4553573 1.340084 0.5310399 0.1851901
-0.1122659 -0.6530975 1.102404 0.6997812 0.3711693
0.01240319 -0.557464 1.408211 0.6879562 0.2155377
-0.3539386 -0.5547054 1.349457 0.3414851 0.2593396
-0.1312934 -0.472832 1.30072 0.6038164 0.2028599
-0.3608325 -0.6607391 0.5172011 0.7664966 0.7649399
-0.406128 -0.6647938 0.5901556 0.6319575 0.7166305
-0.2241109 -0.6763182 0.9285519 0.6653867 0.4707775
-0.4123651 -0.6628123 0.4592074 0.7294887 0.8425976
-0.2403996 -0.5428882 0.924634 0.6677988 0.3947589
-0.573165 -1.055194 1.186106 0.2021306 0.5786251
-0.5153378 -0.6658254 0.6089777 0.4364258 0.7344567
-0.2755688 -0.4724573 1.347738 0.4261234 0.201612
-0.4195505 -0.550033 1.229181 0.3031074 0.3010766
0.1577951 -0.5996325 1.200953 0.9213392 0.2817898
-0.3458109 -0.4476553 0.5950844 0.7894548 0.55235
-0.4199888 -0.5008378 0.6365458 0.598974 0.5801075
-0.4129058 -0.4779595 0.6114489 0.6372666 0.5820892
-0.1869197 -0.4359531 1.633298 0.4204213 0.1085454
-0.3845924 -0.4537463 0.6716946 0.6436073 0.5066604
-0.284093 -0.5163468 1.643909 0.3267131 0.1593229
-0.4011418 -0.4231985 0.6198009 0.6648551 0.5271155
-0.5939311 -1.060801 1.154712 0.1885791 0.5965363
-0.4830008 -0.6639674 0.5479658 0.5318189 0.7788706
-0.3873935 -0.5429638 1.186877 0.3560091 0.3077883
-0.3223521 -0.5374984 1.094588 0.4733825 0.3306664
-0.281157 -0.6588747 0.3397105 1.101942 0.9237492
-0.2256029 -0.4397942 1.653363 0.3768834 0.1091192
-0.3799441 -0.4532668 0.6804782 0.6448209 0.498552
-0.3799276 -0.6256988 0.5571861 0.7094451 0.7160706
0.1837502 -0.5995696 1.441049 0.8166139 0.2185322
-0.3001527 -0.548785 1.355873 0.3978116 0.2491468
-0.5841534 -0.5511687 1.925886 -0.002930284 0.1406697
0.1279706 -0.6089138 1.170748 0.9091373 0.2985959
-0.1263205 -0.6706885 0.8893526 0.8045723 0.4705349
-0.4459516 -0.6604385 0.4077856 0.7163885 0.9145339
-0.4495171 -0.6543851 0.3835908 0.735474 0.9441848
-0.4063883 -0.5287225 1.691527 0.1981934 0.1638327
-0.1193982 -0.465064 1.365298 0.5877681 0.1803355
-0.4540622 -0.6594098 0.3772561 0.731308 0.9565988
-0.5065953 -0.6690212 0.67817 0.4129851 0.6764367
-0.5177931 -0.6552249 0.6561878 0.4056249 0.6896126
-0.3484051 -0.4517827 0.5871107 0.7913573 0.5632975
-0.2134561 -0.4602717 1.345702 0.4958662 0.1892619
0.01823187 -0.3676704 1.474363 0.6872718 0.08428365
-0.03353542 -0.4869814 1.34339 0.68311 0.1932572
0.1359198 -0.5871779 1.136983 0.9432375 0.2958784
0.02044886 -0.6171215 1.21309 0.7812774 0.3006817
-0.3340152 -0.4214835 0.5529702 0.8710572 0.5642667
-0.3785411 -0.6400595 0.4375924 0.8195775 0.8421128
-0.346464 -0.4267424 0.5702829 0.8236146 0.5568889
-0.3568203 -0.442734 0.5726838 0.7940269 0.5712699
-0.4136944 -0.5901612 0.7732439 0.5082971 0.5401534
-0.2089244 -0.4373003 1.644888 0.3955361 0.1083282
-0.4173318 -0.434236 0.6285361 0.6222723 0.5338255
-0.2605065 -0.5163388 1.080237 0.5581756 0.3146297
-0.2735359 -0.5482219 0.9538207 0.606329 0.389901
-0.3076195 -0.6796476 1.003604 0.527671 0.4512782
-0.2306112 -0.5470097 1.233194 0.5205823 0.2782247
-0.4150389 -0.490026 0.6120027 0.6303412 0.5913372
-0.4058776 -0.4653071 0.6041226 0.6600892 0.5765527
-0.400443 -0.6350962 0.5815987 0.6531038 0.7062371
-0.4002619 -0.5832918 0.5749135 0.6694242 0.682066
-0.4121714 -0.5666356 0.6151121 0.6193012 0.6405798
-0.394179 -0.6131372 0.5796974 0.6695919 0.6935909
-0.4202508 -0.6409689 0.7123613 0.5310922 0.6131371
-0.414563 -0.5991632 0.6060021 0.6168221 0.6690264
-0.1361979 -0.6274561 1.042002 0.710399 0.3823906
-0.3731094 -0.4660651 0.5550568 0.772223 0.6112701
-0.3974214 -0.5327634 1.579152 0.2317955 0.1901464
-0.2972667 -0.6641278 0.9876766 0.5484788 0.4482588
-0.2155721 -0.5356846 1.292748 0.5126192 0.2518302
-0.519416 -0.6657408 0.6032111 0.4326954 0.7407963
0.006291866 -0.6209419 1.185014 0.7817386 0.3127809
-0.2634853 -0.5699657 0.9485773 0.6197616 0.4048133
-0.4246641 -0.6432292 0.7517559 0.5013658 0.5886118
-0.2674751 -0.5084214 0.9466121 0.6234835 0.3653784
-0.3350694 -0.5944477 1.28789 0.3841975 0.2996853
0.1813576 -0.5106328 1.474527 0.8144587 0.1631888
-0.1111485 -0.4173103 1.58042 0.5120339 0.1030463
-0.5024935 -0.6614038 0.4721422 0.5515646 0.8635854
-0.2118364 -0.45478 1.365505 0.4898134 0.180441
-0.4847562 -0.6653792 0.5290416 0.5418676 0.7986386
-0.4469202 -0.6697296 0.8369524 0.4250684 0.5552319
-0.2505286 -0.5019928 0.9238049 0.661446 0.36876
-0.3069558 -0.4812535 1.366593 0.384489 0.2047884
-0.4120871 -0.6594241 0.4776187 0.7141891 0.8214155
0.3646678 -0.4187038 1.35697 1.062865 0.121895
0.1623851 -0.5287454 1.45831 0.8027432 0.1779283
-0.1548176 -0.4846134 1.651475 0.4454101 0.1323029
-0.2368564 -0.4763883 1.346447 0.469542 0.201406
0.03055012 -0.3720621 1.466367 0.7026458 0.08812654
-0.03763139 -0.6166694 1.199644 0.7315363 0.3102307
-0.4001917 -0.5282064 0.5901047 0.6688824 0.6331025
-0.2600009 -0.5149395 1.697623 0.3353567 0.1463886
-0.4434862 -0.6725912 1.067123 0.3374272 0.4395561
-0.2293405 -0.6131508 0.9439227 0.6595148 0.4283383
-0.2798173 -0.5117994 1.666173 0.3246984 0.1519529
-0.3223511 -0.5545905 0.9785544 0.5282835 0.3901638
-0.5578443 -0.5834386 1.511954 0.08297122 0.2483114
-0.2490308 -0.4972595 1.334881 0.460429 0.2188938
-0.4370362 -0.5266198 1.782343 0.1512618 0.1462986
-0.3257644 -0.5563139 0.9833882 0.5212276 0.3896161
-0.2285441 -0.5216823 1.291317 0.4996035 0.2447841
