-0.02300987 0.01443755 -0.0002926439 
0.99946 1
0.99946 0
0.0005400776 1
0.0005400777 0
13
0.0355525 -0.5455642 1.138301 0.5942546 0.2469563
-0.08610679 -0.3918104 1.16503 0.4552985 0.1337355
0.1869913 -0.4898148 1.074383 0.7881271 0.2345892
0.05902699 -0.6195676 0.485995 0.6473498 0.6163638
-0.1857611 -0.5744975 0.7491984 0.2781275 0.4125592
0.009469057 -0.6115926 0.3621833 0.5615869 0.7200227
0.02303642 -0.5080162 1.201147 0.5816399 0.2053328
-0.148027 -0.6198909 0.2959951 0.2289052 0.7887749
-0.3122362 -0.629523 0.483034 0.0009568036 0.6116078
-0.1983308 -0.4912913 0.8350763 0.2665862 0.3144162
0.3692048 -0.5000565 1.147309 0.9908682 0.2231574
-0.1452439 -0.6159695 0.2888758 0.2312799 0.7949593
-0.1359497 -1.092972 0.3572176 0.3336939 0.9074288
