-0.7299255 0.04666053 0.399881 
0.99946 1
0.99946 0
0.0005400776 1
0.0005400777 0
392
0.1413061 -0.585264 1.220722 0.9810755 0.3629888
0.1434891 -0.6162871 1.222036 0.9730256 0.378861
0.08841568 -0.594071 1.062169 1.05009 0.427384
-0.009079933 -0.6344854 1.196349 0.8481162 0.4146518
-0.02563095 -0.5806423 1.323291 0.7657645 0.3477592
-0.1442676 -0.478571 1.586377 0.5344182 0.234368
-0.203318 -0.494338 1.306789 0.6111408 0.3213149
-0.2535835 -0.4707842 1.340768 0.5404216 0.3014965
-0.2425495 -0.5528625 0.9214203 0.8192339 0.5215449
-0.3292783 -0.605962 0.9973016 0.6394041 0.532018
-0.05117929 -0.5718146 1.299293 0.757492 0.3526939
-0.276885 -0.5379363 1.318078 0.5218006 0.3524193
-0.238084 -0.5501639 1.303399 0.5701215 0.3599075
-0.4090461 -0.5501482 1.606277 0.2686758 0.2904545
-0.2453693 -0.5124469 1.621796 0.423609 0.2528326
0.1476294 -0.6048734 1.213153 0.9861008 0.3750994
-0.335141 -0.6101147 0.9934864 0.6339353 0.5376091
-0.1158095 -0.4764628 1.570793 0.5679529 0.2345826
-0.4563399 -0.659496 0.6495848 0.728927 0.8461878
-0.4541126 -0.6596809 0.650221 0.7319047 0.8447441
-0.3435596 -0.6285383 1.001724 0.6152084 0.5457708
-0.37688 -0.6204565 0.5412546 1.00594 0.9057623
-0.364799 -0.565015 0.5264934 1.085165 0.8878443
-0.3811944 -0.5580275 1.251089 0.4352784 0.4007961
-0.251572 -0.5578239 0.9226371 0.805236 0.5259236
-0.2527933 -0.5572349 0.9220604 0.8043252 0.5261186
-0.3782227 -0.537344 1.120617 0.5076607 0.4401675
-0.2237624 -0.6598129 0.9385522 0.7990785 0.571638
-0.2268302 -0.5126695 1.618375 0.4424945 0.2523651
-0.001375318 -0.6024098 1.211344 0.8531201 0.3915004
-0.2528436 -0.5326596 1.314253 0.5501599 0.3477535
-0.4979016 -0.6663389 0.7912365 0.5408896 0.7407243
-0.41306 -0.5255921 1.609283 0.2618315 0.2762589
-0.3871814 -0.5465651 1.551168 0.3086348 0.3007205
-0.3873843 -0.5459952 1.550684 0.3085571 0.3005453
-0.01211023 -0.6548651 1.181574 0.8501112 0.4307747
-0.4106667 -0.6019405 0.5870117 0.8977388 0.8608552
-0.2693156 -0.5627425 0.9367911 0.7694644 0.5251279
-0.3361214 -0.535683 1.105921 0.56982 0.4386322
-0.4689805 -0.6655762 0.7112964 0.6498445 0.7968889
0.1019503 -0.612097 1.044123 1.071002 0.4422629
-0.426589 -0.46068 0.633108 0.8786147 0.7280579
-0.4295252 -0.5796238 0.623359 0.8305945 0.8180555
-0.4284733 -0.5834018 0.624076 0.8300176 0.8190384
-0.4068481 -0.5574412 1.787763 0.220481 0.2523687
-0.4044532 -0.5631279 1.797973 0.2206047 0.2530116
-0.01169467 -0.5860004 1.314387 0.7828489 0.3518181
-0.4105343 -0.580089 0.5878952 0.907635 0.8477385
-0.4321846 -0.5534524 0.6313052 0.8273258 0.7953256
-0.4579703 -0.672966 0.7617205 0.6236571 0.7545744
-0.2698169 -0.5298647 0.9369652 0.7772759 0.5039883
0.001114666 -0.6329336 1.268338 0.8127692 0.389241
-0.4132735 -0.6640912 0.5983348 0.8521733 0.8818105
-0.4149588 -0.6620203 0.5979142 0.8507486 0.8819821
-0.4909539 -0.6677238 0.7946923 0.5489286 0.7365285
0.07165933 -0.6633589 1.251449 0.8792153 0.4019966
-0.4252503 -0.5462869 1.811963 0.1960286 0.2427161
-0.4015142 -0.5493043 1.804219 0.2205718 0.2443151
0.08261281 -0.578525 1.101687 1.018381 0.4050857
-0.3846054 -0.5188255 1.62071 0.2870172 0.2673242
-0.4090903 -0.5600896 0.5859669 0.9230922 0.8376595
-0.4024125 -0.577852 0.5795693 0.9339991 0.8519017
-0.435555 -0.6671416 0.63033 0.7800732 0.8603691
-0.4289548 -0.6296894 0.6180634 0.8176711 0.8509079
-0.3823301 -0.6605461 0.5530567 0.9587097 0.9145375
-0.427323 -0.6046432 0.6126735 0.8366368 0.8423696
-0.4675415 -1.061657 1.080819 0.4108369 0.7247256
-0.5886594 -1.084843 1.191211 0.2506703 0.7039034
-0.1634426 -0.6651809 0.9975516 0.821695 0.5336487
-0.2807634 -0.5263934 1.63953 0.3834376 0.2591527
-0.5902432 -1.082773 1.180779 0.2519832 0.70833
-0.5597655 -0.5611032 1.943977 0.04374593 0.2325965
-0.130942 -0.4580666 1.371711 0.6552414 0.2730025
-0.2812627 -0.5298728 1.192094 0.5852545 0.3919063
-0.269218 -0.5277444 0.9264066 0.7875521 0.5081196
-0.25813 -0.4844901 0.9757629 0.7723171 0.451106
-0.2737915 -0.5221776 0.9410127 0.7707115 0.4975615
-0.4435517 -0.7717986 1.079635 0.4397575 0.6016376
-0.4677677 -0.7694126 1.087315 0.407496 0.6014677
-0.01442969 -0.6317998 1.169648 0.8612962 0.4230921
-0.2766629 -0.5015361 0.9644493 0.7528454 0.4720414
-0.421764 -0.4169367 0.614521 0.940354 0.7118319
-0.419777 -0.418548 0.6155846 0.9417118 0.7110608
-0.232616 -0.4512154 1.624797 0.4352862 0.2162542
-0.399284 -0.5409324 1.603211 0.2789676 0.2852637
-0.1626737 -0.4442644 1.575671 0.5236503 0.2179824
-0.4141144 -0.4181169 0.6127465 0.9578241 0.7112824
-0.1451602 -0.4352727 1.578757 0.5396232 0.2108061
-0.3600154 -0.5750389 0.5231731 1.09148 0.8949194
-0.1633991 -0.5012135 1.299635 0.6566771 0.3234756
-0.1736623 -0.4355523 1.606432 0.5002142 0.2070121
-0.08824891 -0.4504772 1.348802 0.7129936 0.2705882
-0.1298907 -0.4332372 1.579441 0.554009 0.208455
-0.2256161 -0.5317019 1.601229 0.4499221 0.2666682
-0.2481567 -0.4708287 1.335187 0.5493095 0.3026364
-0.4244688 -0.5716719 1.788712 0.2049259 0.2607936
-0.1090604 -0.4539009 1.35403 0.6882528 0.2731953
-0.1058564 -0.4570285 1.359022 0.6881303 0.2735164
-0.4577855 -0.7768574 1.076022 0.4245729 0.6087057
-0.3775394 -0.5151079 1.612347 0.2966747 0.2666588
-0.5938467 -0.7851228 1.182798 0.2192281 0.5869747
-0.182658 -0.460792 1.352074 0.612 0.2848898
-0.3631831 -0.5397133 1.321328 0.4239659 0.3625743
-0.1335962 -0.4750023 1.302059 0.6903353 0.3034375
-0.2780577 -0.4722312 1.348836 0.5090886 0.3025126
0.1557466 -0.6036385 1.202332 1.001163 0.3768618
0.1579279 -0.6038651 1.203856 1.001903 0.3762708
0.1217791 -0.5792206 1.142754 1.022643 0.3865262
-0.3560257 -0.4383401 0.588567 1.095494 0.7277793
-0.4272819 -0.4925141 0.6318156 0.8631129 0.752746
-0.1880871 -0.4360467 1.632487 0.4755241 0.2028502
-0.2855005 -0.5224295 1.652126 0.374445 0.2544855
-0.3819824 -0.5687761 1.228737 0.4448632 0.4158319
-0.4729321 -0.6569833 0.7926567 0.5793214 0.7265466
-0.3052725 -0.5433095 1.343675 0.4782562 0.3506444
0.124834 -0.6132311 1.171917 0.9928557 0.3951331
0.1290008 -0.6149862 1.17492 0.9938491 0.3946027
-0.4144575 -0.5111346 1.644837 0.2485344 0.2595537
-0.2139764 -0.4640561 1.351668 0.5784349 0.2900857
0.02654719 -0.6263731 1.229054 0.8618625 0.3952802
-0.2105592 -0.4372863 1.64304 0.4496927 0.2028316
-0.42576 -0.4224938 0.6204356 0.9197909 0.7116228
-0.3992829 -0.4321478 0.6374047 0.9407672 0.6897814
-0.3121578 -0.6746339 1.000178 0.6479871 0.5658959
-0.4127359 -0.4588112 0.5995458 0.9551413 0.757178
-0.4441453 -0.6161343 0.7600331 0.6571741 0.7199414
-0.4054509 -0.6348665 0.5813935 0.8978679 0.8817754
-0.4061026 -0.6337196 0.5816436 0.8970096 0.881223
-0.4102158 -0.5675902 0.5834455 0.9204961 0.8453738
-0.4209482 -0.5538796 0.6075503 0.8767173 0.815747
-0.3999632 -0.6098173 0.5774232 0.9243667 0.8706198
-0.4011288 -0.6074821 0.5770032 0.9241081 0.8703833
-0.4227144 -0.6580747 0.7251041 0.7114241 0.7646306
-0.4042637 -0.5213293 1.548949 0.2900067 0.2884035
-0.2135426 -0.5402779 1.299718 0.5990674 0.3524545
0.01961035 -0.6395853 1.211951 0.8634104 0.4085855
-0.2687849 -0.5659148 0.9442687 0.7633219 0.5230291
-0.1136843 -0.4157985 1.575926 0.5723585 0.1976811
-0.3159718 -0.47381 1.351215 0.4651813 0.3067321
-0.1649853 -0.473235 1.621836 0.5003319 0.2251288
0.02636647 -0.3708689 1.460755 0.7722964 0.1848146
-0.2644436 -0.5104908 1.685873 0.3825055 0.2390743
-0.3261468 -0.5525149 0.9784921 0.6656421 0.5082685
-0.5613452 -0.5795583 1.504525 0.1363525 0.3499025
-0.2559021 -0.4919948 1.321766 0.5461185 0.3208852
-0.4123871 -0.4623313 0.6070008 0.9424738 0.7512641
-0.4121906 -0.4760556 0.5935501 0.9545823 0.7762352
-0.3865319 -0.5703908 0.555079 1.000192 0.8678864
-0.3658568 -0.5562944 0.5299418 1.084197 0.8793099
-0.4172343 -0.6254985 0.5978621 0.8624421 0.8646648
-0.4190721 -0.6231251 0.597244 0.8611025 0.8649081
-0.4161018 -0.4404614 0.6082334 0.9467067 0.7350495
-0.2954592 -0.5394577 1.147034 0.5941308 0.4174514
-0.180892 -0.4508806 1.614558 0.4892554 0.2148178
-0.4452457 -0.6071256 0.7560052 0.6608377 0.7183052
-0.2517899 -0.4963119 1.512209 0.4610917 0.2701315
-0.40815 -0.4838082 0.5894569 0.9636714 0.7844379
-0.7013403 -1.345608 1.290195 0.1435409 0.76116
-0.4415116 -0.5432147 1.255877 0.3600774 0.3982677
-0.2373472 -0.5550901 1.098089 0.6914877 0.4383242
-0.3424954 -0.5687479 1.554738 0.3537956 0.3080633
-0.5941278 -0.5629976 1.30751 0.1489597 0.4122258
-0.5552269 -0.582751 1.495122 0.1462585 0.3539323
-0.2942519 -0.4709865 1.329331 0.5007183 0.3093339
-0.5965568 -0.5713559 1.296474 0.1505053 0.4220332
-0.3997775 -0.5495543 1.249741 0.4138203 0.3987048
-0.5727409 -0.6016898 1.912243 0.04330158 0.2602972
-0.1640954 -0.4561714 1.343021 0.6372125 0.2827516
-0.6218913 -0.5715687 1.195574 0.1480953 0.4694619
-0.4373243 -0.5598767 1.338702 0.3313486 0.377836
-0.064071 -0.6532007 1.105245 0.8515234 0.4650694
0.005245328 -0.3390633 1.478684 0.7473475 0.1616868
0.02132797 -0.3390216 1.472036 0.7667692 0.1620699
-0.2909717 -0.6990747 1.022741 0.6546916 0.5634494
-0.4349228 -0.5630274 0.6268232 0.8238401 0.8069994
-0.428975 -0.455484 0.6412072 0.8655461 0.7166392
-0.4263376 -0.6222385 0.6058881 0.8389747 0.858526
-0.425881 -0.4756238 0.6197516 0.8906769 0.753071
-0.4256625 -0.5687811 0.6180752 0.8483549 0.8155447
-0.7083542 -0.6298212 1.298703 0.01333737 0.4731277
-0.5826211 -0.6769257 1.177752 0.2225809 0.5321268
-0.5970557 -0.6796387 1.18129 0.2029603 0.534588
-0.2033441 -0.4939128 1.632545 0.4594768 0.237119
-0.4862976 -0.6673632 0.7249752 0.6103293 0.7921517
-0.4540584 -1.066136 1.068174 0.4295194 0.7297779
-0.5332568 -0.6599821 0.5878275 0.6565893 0.948022
-0.2949256 -0.5216962 1.335186 0.4945471 0.3392415
-0.3964973 -0.5515701 1.19232 0.4456096 0.4218383
-0.6065617 -0.7750216 1.192163 0.1994965 0.5800729
-0.6085227 -0.6758912 1.201694 0.1807389 0.5250867
-0.4289663 -0.5881007 0.6232562 0.8281964 0.8227969
0.1803402 -0.4385991 1.427206 0.916456 0.2234671
-0.6864896 -0.5689353 1.331526 0.02077401 0.4198955
-0.419719 -0.5774426 1.569949 0.2708756 0.3158391
-0.4243326 -0.5382517 0.6273755 0.8528284 0.7865312
-0.6064251 -0.5618925 1.304471 0.1335537 0.4145232
0.006906748 -0.346475 1.466134 0.7550737 0.1690078
-0.03195 -0.6408006 1.148527 0.8564923 0.4377223
-0.3721763 -0.5683267 1.071148 0.5421131 0.4810847
-0.3637562 -0.5205415 1.548366 0.3327004 0.2845485
-0.5422121 -0.562125 1.19175 0.258155 0.4516723
-0.4428198 -0.5676797 1.353431 0.3196154 0.3780764
-0.4909362 -0.571176 1.400016 0.2473271 0.3703077
-0.459127 -0.5666158 1.374979 0.2926117 0.3721605
-0.05276024 -0.6457881 1.123129 0.8522506 0.4526501
-0.448991 -0.5625384 1.208586 0.372416 0.4299266
-0.4030328 -0.5627039 1.044502 0.5183412 0.4962054
-0.4263839 -0.7692397 1.082471 0.4585668 0.5956354
-0.4685223 -0.5561933 1.211038 0.3463595 0.4279968
-0.6057731 -0.5681764 1.204626 0.1670971 0.4604236
0.1230125 -0.5414246 1.231462 0.9702156 0.337459
-0.1534707 -0.4729326 1.31643 0.6613591 0.2999201
0.06502533 -0.4185026 1.444294 0.8086445 0.2156004
0.06787777 -0.5357702 1.454319 0.7830198 0.2803721
-0.4835198 -0.5627071 1.228161 0.3201838 0.4272986
-0.5354841 -0.568467 1.366935 0.204964 0.385527
-0.2519023 -0.4676312 0.9593603 0.7991878 0.4461464
0.05632639 -0.5349411 1.427196 0.7882957 0.2874202
-0.5258201 -0.5630515 1.221883 0.2681364 0.4366304
0.03035414 -0.3373715 1.464068 0.7805623 0.1620493
0.02789104 -0.3367014 1.460797 0.7803403 0.1623958
-0.2672115 -0.537878 1.16993 0.6137516 0.4033462
-0.1411397 -0.6706043 0.8967324 0.9242696 0.5822826
0.1879133 -0.5642444 1.192886 1.04866 0.3548578
0.227577 -0.5994624 1.379163 0.9452721 0.3186678
-0.22597 -0.6723621 0.9235365 0.8048099 0.5868622
-0.4325374 -0.4156201 0.6379604 0.8840174 0.6899468
-0.4290862 -0.4350014 0.6318806 0.8891099 0.7106788
-0.424128 -0.5955039 0.7754549 0.6794802 0.6891131
-0.2134877 -0.4486282 1.636848 0.4491057 0.2109584
-0.7183789 -0.7415516 1.308983 0.02427706 0.5305092
-0.3441947 -0.5346847 1.113866 0.5549623 0.4358599
-0.4013718 -0.5395557 1.566928 0.2882921 0.2939084
-0.3605289 -0.5523021 1.231571 0.4693622 0.4017942
-0.2821206 -0.5738783 1.588957 0.4006492 0.2969121
-0.4926379 -0.6737021 0.752633 0.5771804 0.7741174
-0.8856874 -1.284228 1.408969 -0.05860842 0.7256233
-0.8887467 -1.309982 1.402681 -0.0555566 0.7362961
-0.178856 -0.4652122 1.335451 0.6247196 0.2920532
-0.4452466 -0.6656298 0.858312 0.5713564 0.6755936
-0.3472237 -0.5489053 1.232167 0.4848832 0.3976711
-0.1182828 -0.4575278 1.336311 0.6886235 0.2811745
-0.4291226 -0.4704923 0.6260244 0.8784399 0.7440073
-0.570226 -0.6308252 1.966035 0.04144144 0.2634191
-0.3785924 -0.5830805 1.530414 0.326241 0.3257319
0.1676812 -0.4287878 1.421816 0.911481 0.2197002
0.007264853 -0.5911904 1.364781 0.7699896 0.3383722
-0.4220857 -0.6171426 0.7611332 0.6902587 0.7124387
-0.1895585 -0.4660917 1.364549 0.5973722 0.2853729
-0.3297955 -0.5632799 0.9726962 0.6631314 0.5188709
-0.5555182 -0.5779397 1.437511 0.1609768 0.3695474
0.1615038 -0.6695182 1.267484 0.9437503 0.3902522
-0.0850578 -0.5363179 1.27461 0.7458912 0.3436767
-0.1238425 -0.5367321 1.217433 0.7419803 0.3667976
-0.2805714 -0.5401563 1.185562 0.5887434 0.4006516
-0.2876896 -0.5417256 1.136043 0.6098147 0.4221509
-0.2283829 -0.5500608 1.241601 0.6140987 0.3793841
-0.004287243 -0.6094682 1.278405 0.8065485 0.374388
-0.2604307 -0.5498344 0.9230047 0.79577 0.5225011
-0.3785225 -0.6269102 0.8667642 0.6648813 0.630386
-0.4194527 -0.5839551 0.799256 0.6686013 0.6626063
-0.4484269 -0.6634752 0.6446422 0.7456541 0.8497716
-0.3877495 -0.4435519 0.6734751 0.9052625 0.6588467
-0.1778944 -0.4438792 1.581611 0.5063903 0.2174981
-0.3121983 -0.6489342 1.408385 0.4401207 0.3895544
-0.2419872 -0.471331 1.334997 0.5561571 0.3023802
-0.7759424 -0.7849863 1.368131 -0.0474841 0.5361808
-0.4688026 -0.6663193 0.7638227 0.6065475 0.7529595
-0.09808028 -0.4834129 1.296395 0.729016 0.3067384
-0.4183342 -0.6938913 0.7489725 0.688897 0.7625093
-0.1886513 -0.4857355 1.572456 0.4980568 0.2447314
-0.3795605 -0.4272587 0.6740246 0.9282203 0.6422085
-0.4255989 -0.5545592 0.6146681 0.8590555 0.8106099
-0.5718321 -0.5777758 1.898005 0.04268968 0.2510985
-0.3514697 -0.6723713 0.9652969 0.6230545 0.5912352
-0.4947889 -0.5532887 1.192451 0.3203322 0.4380926
-0.2467702 -0.5534195 1.091787 0.6849647 0.4414359
-0.4225145 -0.6593907 0.607372 0.8288146 0.8742094
-0.3581113 -0.6479632 0.5164638 1.055008 0.9385487
-0.5188905 -0.5606944 1.304652 0.2456847 0.4012982
-0.4761108 -0.6057355 1.303803 0.3017148 0.4222369
-0.3322602 -0.5510649 0.9772967 0.6586974 0.5091988
-0.1614555 -0.45736 1.320007 0.6530271 0.2898195
-0.5411896 -0.5872895 1.321864 0.2149349 0.4138156
-0.2059278 -0.4804607 1.309002 0.6086774 0.312248
-0.2918007 -0.5555863 1.034954 0.668839 0.4757504
0.1645977 -0.5871383 1.229103 0.9948954 0.3590006
0.1361636 -0.5509227 1.245193 0.9694521 0.3374359
-0.1868136 -0.520705 1.280691 0.6402133 0.3438097
-0.1296135 -0.4689794 1.57658 0.5530462 0.2299876
-0.11789 -0.4686783 1.301787 0.7078844 0.2979745
-0.4229518 -0.5765522 0.6080812 0.8619418 0.8294842
-0.184176 -0.5728907 1.291245 0.6305466 0.3706793
0.1313015 -0.6711189 1.171903 0.9812154 0.424271
-0.1598291 -0.508755 1.335509 0.6391793 0.3169277
-0.2134148 -0.4974272 1.331128 0.5867516 0.3168854
-0.1000093 -0.4262168 1.569403 0.5874914 0.2044389
-0.1673279 -0.528698 1.284409 0.657505 0.3452288
-0.09495354 -0.5543516 1.279133 0.7301101 0.3537926
-0.2685922 -0.5566849 1.076329 0.6688145 0.4536511
-0.1492128 -0.4824691 1.297109 0.675763 0.3111761
-0.1594392 -0.5184069 1.299833 0.658312 0.3333981
0.1401477 -0.5906467 1.258409 0.9526171 0.3548467
-0.2606542 -0.4418793 0.966168 0.7888854 0.4255778
-0.2620973 -0.5193375 1.086503 0.6761636 0.4245929
-0.2649065 -0.6421164 0.8747876 0.8046346 0.6062136
-0.3504393 -0.5908211 0.7555763 0.8110195 0.6785265
-0.4322879 -0.5899751 0.5976366 0.8523441 0.8526363
-0.4064908 -0.5952496 0.5884604 0.9063699 0.8537146
-0.4119878 -0.454722 0.5952364 0.9657878 0.7586888
-0.4354177 -0.6588784 0.6365712 0.7765688 0.8500143
-0.3477881 -0.6826612 0.9645122 0.6266879 0.5964151
-0.4075525 -0.5658912 1.697956 0.2445375 0.2767494
-0.3692569 -0.524821 1.094158 0.5357218 0.4423243
-0.4768533 -0.6596432 1.082465 0.3979413 0.5488459
-0.2778282 -0.514187 1.678997 0.3723278 0.2435004
-0.4018956 -0.5408559 1.286057 0.3946794 0.3803454
-0.4508166 -0.6648644 1.060602 0.4422734 0.5576102
-0.5795349 -1.044155 1.1459 0.2709532 0.7092179
-0.4007832 -0.6174456 0.8129114 0.6779816 0.6673245
-0.3288574 -0.502373 1.59084 0.3528589 0.2606648
-0.4501073 -0.6063953 1.684098 0.2102437 0.3047425
-0.4661632 -0.5914766 1.520605 0.2384142 0.3417524
0.358381 -0.4166636 1.372261 1.108283 0.2104279
-0.4554944 -0.5517887 1.684596 0.199379 0.2760462
-0.4051772 -0.5662615 1.029953 0.5240864 0.5061856
-0.4064763 -0.6256719 0.5855362 0.8953879 0.8730788
-0.2643626 -0.5083731 1.627807 0.4032124 0.2506015
-0.4274327 -0.5913901 0.6170665 0.8367879 0.8304417
-0.3800893 -0.572565 1.128382 0.49883 0.4590499
-0.6760727 -0.580669 1.24327 0.05939388 0.4627789
-0.4094482 -0.6028634 0.8134262 0.6678139 0.6608281
-0.6293023 -0.580365 1.400996 0.08144045 0.3926316
-0.3217881 -0.5856263 0.8283171 0.7855273 0.6159418
-0.4436373 -0.6181933 0.7468302 0.6690401 0.7316997
-0.2741557 -0.6374253 0.8936497 0.7789277 0.5947438
-0.3956912 -0.6336927 0.5612798 0.9400825 0.8987295
-0.388545 -0.5471649 0.7989925 0.725211 0.6302441
0.1466876 -0.5410532 1.515087 0.8146681 0.2633507
-0.5118107 -0.5612888 1.171659 0.3072755 0.4549683
-0.08056748 -0.5616733 1.280776 0.7419968 0.3558586
-0.7187059 -0.5698817 1.307219 -0.01832074 0.4353439
-0.4404619 -0.5580781 1.219875 0.3778526 0.4213375
-0.2634111 -0.5652383 0.9366922 0.7764566 0.5255197
-0.4944427 -0.5586656 1.284197 0.2836088 0.4043944
-0.4580368 -0.6470124 0.7530919 0.6352403 0.7476182
-0.4157717 -0.547215 0.6056749 0.8916662 0.8113744
0.1267993 -0.62178 1.223052 0.9563134 0.3832761
-0.4523593 -0.6643874 0.6564952 0.7272535 0.8403322
-0.07013226 -0.4841615 1.30828 0.7497978 0.3009781
-0.4034303 -0.6402957 0.7335244 0.737704 0.7414975
-0.2281982 -0.5256733 1.300697 0.5844139 0.3451004
-0.2263027 -0.6691449 0.9246691 0.8043793 0.5845903
-0.3519281 -0.5720752 0.7780052 0.7930899 0.6507499
-0.1879162 -0.5103076 1.30317 0.6276738 0.3305674
-0.1905505 -0.4886054 1.313469 0.6217493 0.3143721
0.157709 -0.5675315 1.154412 1.050129 0.3719811
-0.01579261 -0.5933213 1.234671 0.8264811 0.3806729
-0.257551 -0.4891836 0.9844615 0.7646806 0.4500087
-0.2256924 -0.452322 0.9945518 0.807656 0.4135487
-0.2080214 -0.5846573 1.11011 0.7116387 0.446541
-0.4262307 -0.4283286 0.6428149 0.8827356 0.6925051
-0.4188916 -0.4198807 0.6264298 0.9260826 0.699866
-0.3839281 -0.4200577 0.6750602 0.9227059 0.6369723
-0.4222839 -0.4685314 0.6079519 0.918299 0.7593054
-0.4114545 -0.598099 0.5941392 0.8892782 0.8513958
-0.4002023 -0.435282 0.6619117 0.9023545 0.6681401
-0.4350197 -0.582651 0.6380988 0.8026974 0.8070356
-0.4047277 -1.131786 1.0946 0.4660054 0.7294967
-0.4289319 -0.4268003 0.6304472 0.8960314 0.7055936
-0.03878963 -0.6551018 1.120996 0.865029 0.4564006
-0.329653 -0.5967479 0.7831469 0.8126783 0.6557115
-0.3826507 -0.6010858 0.5443978 1.003385 0.8950329
-0.3131732 -0.6001824 0.8546711 0.7702016 0.6056936
-0.2809572 -0.659836 0.9639257 0.7125378 0.5701925
-0.44467 -0.6581414 0.6443228 0.7537515 0.8458498
0.07357281 -0.581645 1.163352 0.9621157 0.3868713
-0.4730188 -0.6616724 0.7004774 0.6536404 0.8060191
0.1336091 -0.6731729 1.323177 0.8856915 0.3789074
-0.4450625 -0.6613584 0.7988021 0.6158646 0.7155812
-0.4182333 -0.4299923 0.6078505 0.9496138 0.7282432
-0.2566559 -0.5611582 0.9495116 0.7757251 0.5148326
-0.4986496 -0.6543919 0.5511903 0.7619913 0.971994
-0.3957024 -0.4196451 0.6122702 0.9941479 0.7047488
-0.3896002 -0.6580999 0.7204632 0.7655127 0.7571641
0.06072664 -0.6458079 1.070326 0.999532 0.4564191
-0.4500045 -0.6306732 0.7598187 0.6452523 0.7303747
-0.4173414 -0.395073 0.5905348 1.003721 0.7190187
0.08494961 -0.6053705 1.054584 1.048864 0.4370044
0.1575166 -0.6707234 1.194038 0.9885089 0.4137641
0.09509414 -0.6051683 1.157614 0.9789485 0.3990796
0.075414 -0.6621055 0.9898112 1.072154 0.4947073
