-0.04965535 -0.001955759 -0.006510227 
0.99946 1
0.99946 0
0.0005400776 1
0.0005400777 0
13
0.03788161 -0.5648862 1.174068 0.6725143 0.2269086
0.3296331 -0.403931 1.217454 1.052097 0.1209048
0.189039 -0.4948056 1.080009 0.8743975 0.2173481
-0.2415441 -0.4810587 0.8592032 0.2879822 0.2648071
-0.1869413 -0.5832276 0.7569011 0.35157 0.3862284
-0.1203484 -0.6142244 0.5866529 0.4207667 0.5072564
0.009992085 -0.6063963 0.3569777 0.631568 0.6983452
0.02478332 -0.5223233 1.230269 0.6626971 0.1843662
-0.1996993 -0.4990869 0.8436283 0.3463662 0.2869943
-0.260925 -0.6151592 0.4716958 0.1483378 0.5794658
-0.1236464 -0.6131766 0.8209822 0.4518754 0.3786246
-0.2687444 -0.4741532 1.041261 0.2943649 0.1935991
0.02429773 -0.580623 0.4748505 0.6639972 0.5770009
