-0.5468293 0.04703631 0.495629 
0.99946 1
0.99946 0
0.0005400776 1
0.0005400777 0
344
-0.007395208 -0.6302854 1.188919 0.7901633 0.5257324
-0.1442132 -0.4753278 1.581759 0.4782965 0.3089105
-0.2023467 -0.4902948 1.302847 0.5229759 0.4131057
-0.2538884 -0.4673604 1.338082 0.4435079 0.3884914
-0.3287802 -0.5999115 0.9898754 0.4881454 0.6691757
-0.4074871 -0.5451385 1.600356 0.1803808 0.3583682
-0.2402811 -0.5103561 1.618373 0.3620588 0.3240383
-0.3305296 -0.6116752 0.9918393 0.4829594 0.6752999
-0.1131414 -0.4714721 1.566382 0.5172997 0.3093302
-0.3355005 -0.6324685 1.001531 0.4679375 0.6818116
-0.2500784 -0.5314542 1.312668 0.4542122 0.4397079
-0.4132614 -0.5209143 1.600962 0.1715752 0.344286
-0.3846319 -0.5439785 1.548503 0.217527 0.3724378
-0.3848912 -0.5416024 1.546611 0.2174869 0.3716614
-0.4043095 -0.5561314 1.786083 0.1532306 0.3134762
-0.405274 -0.5559352 1.786127 0.1521993 0.3134004
-0.01449853 -0.5794497 1.303774 0.7278549 0.4504965
-0.265928 -0.5312414 0.9398954 0.6336055 0.6485208
0.06666625 -0.6555337 1.240732 0.8316911 0.5091375
-0.4007683 -0.5442942 1.795634 0.1545012 0.3045767
-0.3869584 -0.5112768 1.60898 0.2001289 0.3347302
-0.4688862 -1.042909 1.069726 0.2526656 0.849569
-0.5801587 -1.070988 1.179603 0.09731543 0.8127061
-0.2658641 -0.539226 1.208598 0.4778134 0.4923928
-0.2717987 -0.521158 0.9398095 0.6263808 0.642903
-0.004797935 -0.6372043 1.178349 0.7977612 0.534
-0.231611 -0.4477123 1.619513 0.3723449 0.2860707
-0.4018381 -0.5335392 1.58964 0.1881437 0.3545154
-0.1608148 -0.4416437 1.570589 0.4668241 0.2922131
-0.144321 -0.4313313 1.573503 0.4845911 0.2843525
-0.1651776 -0.4950852 1.291328 0.574648 0.4175675
-0.1719697 -0.4330407 1.601753 0.4441657 0.2792209
-0.2274297 -0.5227714 1.593413 0.382957 0.3374661
-0.4234768 -0.5656527 1.778435 0.1350703 0.3213598
-0.3794597 -0.5108191 1.59937 0.210805 0.3368638
-0.5932622 -0.7779016 1.172949 0.03651133 0.6958466
-0.1309266 -0.4714856 1.299625 0.6166272 0.3960756
-0.2746655 -0.469879 1.346762 0.4128245 0.3885169
-0.1868655 -0.4328754 1.625099 0.4201258 0.2737935
-0.2788644 -0.524228 1.655965 0.3105101 0.3236632
-0.3854743 -0.5566465 1.203964 0.310634 0.5205864
-0.3710595 -0.5752577 1.801948 0.1862891 0.3183271
-0.2416817 -0.5110058 1.259389 0.4897821 0.4483349
0.02373618 -0.6409991 1.212165 0.8073871 0.5179049
-0.111754 -0.4134466 1.572685 0.5219521 0.2720829
-0.3096777 -0.4780352 1.360599 0.3615193 0.3914663
-0.1651406 -0.4706025 1.618064 0.4438201 0.2974713
-0.3217648 -0.5526091 0.9785904 0.5120423 0.6457322
-0.2503239 -0.496102 1.332528 0.4483616 0.4092867
-0.289399 -0.5373735 1.14615 0.4743917 0.5257928
-0.218599 -0.5303579 1.5828 0.3954572 0.3443532
-0.231728 -0.5510272 1.098194 0.5802007 0.5528543
-0.5545547 -0.5755373 1.485647 0.01890239 0.425585
-0.2792974 -0.4786397 1.348208 0.4058066 0.3941681
-0.5971806 -0.5603994 1.281892 -0.02669197 0.5100862
-0.1746569 -0.4448192 1.317789 0.5568131 0.3747783
-0.6189647 -0.5745165 1.202492 -0.05263424 0.5660732
-0.4371957 -0.5539649 1.334297 0.1996468 0.4629182
0.01213789 -0.3398601 1.483523 0.7102066 0.2418981
0.02242392 -0.3361938 1.465459 0.7323405 0.243605
-0.3066634 -0.6731516 0.9987424 0.5082669 0.7011417
-0.5801405 -0.672796 1.174704 0.03607938 0.6365141
-0.5980479 -0.6691461 1.170476 0.007630885 0.6400953
-0.2082639 -0.4833305 1.619507 0.3968122 0.3064808
-0.2955274 -0.5193997 1.327274 0.3908474 0.430319
-0.4165496 -0.5586414 1.545777 0.1811692 0.384015
-0.5972866 -0.5674177 1.317223 -0.02808041 0.4969993
-0.3648053 -0.5095052 1.529163 0.2437367 0.3566908
-0.4409781 -0.5617198 1.345191 0.1925388 0.4634133
-0.4901794 -0.5594276 1.386445 0.116599 0.4493333
-0.4558294 -0.5613236 1.372059 0.166399 0.4532079
-0.4416805 -0.6642725 1.080946 0.2706941 0.6666097
0.0710516 -0.5361347 1.44816 0.7492282 0.3706626
-0.4823171 -0.5591798 1.2236 0.1606379 0.5246769
-0.5378911 -0.5626617 1.354498 0.05502331 0.4699425
-0.5236861 -0.5651615 1.22709 0.09683602 0.5322661
0.03076768 -0.3352211 1.458724 0.7456273 0.2443767
0.02966428 -0.3353849 1.458492 0.7444994 0.2445863
-0.2090373 -0.4458505 1.635631 0.3922149 0.2799307
-0.342046 -0.538593 1.122271 0.4075641 0.5472295
-0.3974698 -0.5336566 1.557238 0.1997907 0.3643734
-0.3793159 -0.5714882 1.509952 0.2338867 0.4008287
-0.1977466 -0.4579071 1.347175 0.5121754 0.3744745
-0.5563488 -0.5656092 1.418185 0.0216929 0.4463092
-0.1214732 -0.5323857 1.212968 0.6643779 0.4700576
-0.2822965 -0.5431042 1.14027 0.4868719 0.5317224
-0.1748838 -0.4416026 1.579925 0.4480422 0.2903095
-0.1748029 -0.4972566 1.603652 0.4369206 0.3173118
-0.3265199 -0.7076727 0.9939553 0.4776262 0.7271419
-0.5142111 -0.560827 1.308035 0.09624788 0.4875116
-0.3259166 -0.5536941 0.9783881 0.5051622 0.6474376
-0.1816869 -0.5207868 1.280473 0.5557321 0.4398595
-0.1130161 -0.4690551 1.303901 0.6367251 0.391429
-0.1792073 -0.4886755 1.305068 0.5513011 0.4091961
-0.2109178 -0.4933792 1.32461 0.5019426 0.4072968
-0.09874338 -0.4238057 1.566343 0.537465 0.2796944
-0.1705925 -0.5231824 1.27504 0.5718698 0.4425699
-0.2508414 -0.522692 1.09362 0.5599799 0.5396088
-0.2790244 -0.6308839 0.8539048 0.6498237 0.7844331
-0.4660384 -0.6691411 1.07325 0.2356448 0.6790873
-0.5739576 -1.061494 1.159892 0.1066075 0.8199596
-0.4392961 -0.5664726 1.72481 0.1259248 0.3365499
-0.3770066 -0.5561563 0.8064194 0.5243651 0.8139861
0.1206076 -0.5004393 1.478033 0.7899792 0.3390145
-0.06824341 -0.5712852 1.294643 0.6748792 0.4541669
-0.4896315 -0.5606907 1.292584 0.135065 0.4919305
-0.07919297 -0.4692757 1.287902 0.6865051 0.394936
-0.2948184 -0.551342 1.161368 0.4582041 0.5274966
-0.3977258 -0.6767292 0.8763257 0.4274405 0.8219602
-0.2799045 -0.4648935 1.384524 0.3920602 0.3715797
-0.1398005 -0.5387874 1.222383 0.6350244 0.4718048
-0.006501913 -0.6156944 1.208127 0.783232 0.5090784
-0.5931982 -0.6797385 1.203487 0.01376113 0.625314
-0.6475928 -0.5654103 1.377245 -0.1080268 0.4731571
-0.5769966 -0.7793044 1.172474 0.06054479 0.6939637
-0.1321701 -0.4518365 1.563123 0.4999795 0.2992279
-0.2061101 -0.4458463 1.622022 0.3996388 0.2832608
-0.3323765 -0.4942832 1.683889 0.2452158 0.3015164
-0.6284269 -0.565286 1.401217 -0.08017331 0.4603733
-0.6280566 -0.5689842 1.405302 -0.07885897 0.4608867
-0.2436459 -0.5339382 1.327279 0.4561936 0.4347566
-0.3086976 -0.5538384 0.9959722 0.5228894 0.6315822
-0.4589322 -0.5611731 1.344822 0.167895 0.4650631
-0.4591975 -0.5625574 1.346288 0.1673526 0.4653137
0.00981915 -0.3268381 1.503897 0.6993976 0.2279832
-0.3194741 -0.5451789 1.16251 0.4228503 0.5262063
0.0179314 -0.6112293 1.23389 0.7957454 0.4930807
-0.284384 -0.6284488 0.9056485 0.6051601 0.7406223
-0.1865379 -0.4498185 1.611066 0.4242952 0.2877039
-0.2727652 -0.6318054 0.8493479 0.6633294 0.787336
-0.1371862 -0.4679888 1.309294 0.6044652 0.3906003
-0.2214424 -0.6445706 0.8411265 0.7487315 0.7882093
-0.2215779 -0.6428004 0.8391275 0.7507509 0.788999
-0.5611248 -0.5650031 1.440297 0.01268166 0.4373928
-0.5517631 -0.5593364 1.219145 0.05267233 0.536684
-0.5526578 -0.5560067 1.21598 0.05106121 0.5363659
-0.1467198 -0.4925979 1.304486 0.5912605 0.4092231
-0.009758174 -0.6155784 1.250105 0.7549206 0.491553
-0.2713864 -0.6476781 0.8817502 0.6379028 0.768079
-0.6062651 -0.6709938 1.173329 -0.005331755 0.6407971
-0.7211148 -1.204757 1.283112 -0.05689067 0.8234137
-0.5307963 -0.5630883 1.457012 0.05161202 0.4269702
-0.1227826 -0.5433 1.215181 0.6592798 0.4760014
-0.2623683 -0.6406274 0.8297411 0.6931291 0.8071703
-0.249355 -0.6405463 0.8129741 0.7282482 0.8189794
-0.07463175 -0.6073257 1.181224 0.7231893 0.5241187
-0.1503187 -0.4692532 1.309316 0.5880118 0.3924662
-0.2024983 -0.4792477 1.308376 0.5215051 0.4036893
-0.2626785 -0.5374294 1.154122 0.5085036 0.5180806
-0.1540675 -0.4377412 1.588981 0.4678366 0.2846957
-0.268094 -0.532288 1.160168 0.4984621 0.512293
-0.2828681 -0.5350405 1.158158 0.4782015 0.5170512
0.03301466 -0.6839041 1.254071 0.7819888 0.521727
-0.3525827 -0.5469694 1.209117 0.3562672 0.5075613
-0.3413256 -0.5316285 1.108876 0.4151131 0.5502122
-0.2844675 -0.6598763 0.900287 0.6019509 0.7628363
-0.582194 -0.5463994 1.923959 -0.0488447 0.282604
-0.360884 -0.5195636 1.306605 0.3107534 0.4452808
-0.3839182 -0.5077438 1.632854 0.1986516 0.3256263
-0.6452708 -0.5645831 1.249338 -0.1017447 0.5366232
-0.08443528 -0.5291793 1.266394 0.6798407 0.4418055
-0.2617421 -0.520501 0.929001 0.6513408 0.6485379
-0.5720395 -0.5507042 1.24957 0.01430839 0.5172908
-0.5421416 -0.5781971 1.404538 0.04518157 0.4583583
-0.2025743 -0.5418201 1.249387 0.5415906 0.4683353
-0.1849844 -0.5215076 1.295232 0.5445005 0.434586
-0.2606072 -0.6556438 0.8130877 0.7047572 0.8303688
-0.09954554 -0.4449437 1.567851 0.5337799 0.292361
-0.181692 -0.4419049 1.597667 0.4344467 0.2861308
-0.2258356 -0.5451024 1.230272 0.5203539 0.4814304
-0.2549454 -0.5046272 0.9710768 0.6356798 0.6052046
-0.2760506 -0.5118937 1.676056 0.3083554 0.3112336
-0.4389228 -1.063826 1.070596 0.2897005 0.8504418
-0.4454144 -1.072695 1.082498 0.2789993 0.8472738
-0.5390236 -0.5559264 1.186211 0.07805362 0.5511848
-0.2463756 -0.5452052 1.106197 0.5558013 0.5467343
0.1735906 -0.5930743 1.421552 0.848783 0.4030853
-0.2354424 -0.4475613 1.660231 0.3562394 0.2758394
-0.4878042 -0.557349 1.23036 0.1505049 0.52066
-0.5846101 -0.5635964 1.388351 -0.01591164 0.460453
-0.3262921 -0.575718 0.8228104 0.6049652 0.7937901
-0.1503302 -0.4750423 1.288931 0.5975209 0.4041585
0.1476848 -0.6176078 1.368695 0.8476544 0.4347718
0.1873959 -0.4164374 1.466316 0.8830528 0.2894899
0.1934154 -0.41901 1.471272 0.8852031 0.2895217
-0.1179371 -0.5010504 1.300491 0.6268487 0.4137419
-0.09974822 -0.4632611 1.56209 0.5339456 0.3049688
-0.2714234 -0.5508032 1.046524 0.5519095 0.5895047
-0.4157347 -0.553541 1.084888 0.3069779 0.5914341
0.02014244 -0.3681514 1.472436 0.7190161 0.2636319
0.06627762 -0.5391372 1.43503 0.7506326 0.3766528
0.002743244 -0.6085983 1.208974 0.79487 0.5037605
-0.2705597 -0.6309084 0.9130647 0.6215368 0.7328942
-0.06895095 -0.6255668 1.157238 0.7399105 0.5451127
-0.2812135 -0.5289395 0.9661939 0.590642 0.6306795
-0.2218802 -0.6474041 0.8303693 0.7559585 0.7993445
-0.5914386 -0.5636667 1.45208 -0.0304932 0.4345915
-0.591769 -0.5682487 1.458222 -0.03041464 0.4350011
-0.4943322 -0.5570235 1.400792 0.1081564 0.4423101
-0.4938891 -0.5585702 1.402813 0.1086258 0.4424025
-0.4009911 -0.5677096 1.348668 0.2459204 0.4616075
-0.4626276 -0.6651012 1.062634 0.2439905 0.6833552
-0.4605562 -1.04645 1.045705 0.2693347 0.8648787
-0.4700586 -0.7629113 1.086833 0.2317845 0.7206275
-0.5781195 -0.7759528 1.186049 0.05646113 0.6842412
-0.6222833 -0.5615663 1.228478 -0.06337595 0.5430159
-0.4660636 -0.5773906 1.618888 0.1122357 0.3747116
-0.668149 -0.5590785 1.343321 -0.1414066 0.4873052
-0.05965149 -0.6352226 1.185648 0.7315746 0.5359666
-0.5435069 -0.5582979 1.17126 0.07369125 0.5622021
-0.6397293 -0.5605305 1.224401 -0.09289426 0.547208
-0.5698903 -0.5535582 1.405488 0.0016101 0.4453399
-0.5913763 -0.5575282 1.203773 -0.01075178 0.5499137
-0.06030589 -0.6451039 1.190397 0.7258044 0.5392679
-0.2020077 -0.5785518 1.116392 0.6060921 0.5558645
-0.3727182 -0.5740957 0.828984 0.5135943 0.8005889
-0.2197353 -0.6365213 0.8283342 0.7648649 0.7945118
-0.09005255 -0.6266211 1.150952 0.7183083 0.5514024
-0.545209 -0.565096 1.287739 0.05394167 0.5037096
-0.2854732 -0.5492181 0.9570657 0.5856138 0.6518458
-0.2149409 -0.4279996 1.624537 0.3897397 0.2719616
0.03612602 -0.3711206 1.448695 0.7489166 0.2713132
0.05039501 -0.6289083 1.255204 0.813118 0.4907856
-0.258452 -0.636984 0.8198858 0.7086323 0.8131253
-0.03413296 -0.6359788 1.141944 0.7875019 0.55396
-0.3866084 -0.5359906 1.363735 0.2594987 0.4343192
-0.5150237 -0.5651275 1.443706 0.07477352 0.4320133
-0.5167778 -0.5664533 1.462601 0.07003897 0.4256753
-0.428856 -0.5657117 1.386973 0.1995718 0.4471834
-0.5804523 -0.6749905 1.192042 0.03376523 0.6273398
-0.6070893 -0.5576441 1.284181 -0.04322886 0.5083686
-0.4778988 -0.7453534 1.09856 0.215919 0.7055596
-0.09896812 -0.4756317 1.375419 0.6154845 0.3690092
-0.4289554 -0.556237 1.318696 0.2150225 0.4703686
-0.6094216 -0.681358 1.2069 -0.01120776 0.6268427
-0.4482317 -0.5522662 1.266691 0.2004009 0.4941471
-0.5886941 -0.5630516 1.349652 -0.01876032 0.4778681
-0.6163643 -0.5657897 1.284595 -0.05591869 0.5146593
-0.6584867 -1.417586 1.274898 0.04330498 0.8790994
-0.2788613 -0.5729998 0.9682828 0.5842031 0.6577514
-0.4657506 -0.5567646 1.21518 0.1876997 0.5253561
-0.3856835 -0.5565108 1.108393 0.3456981 0.5738698
-0.3041263 -0.5460249 1.341425 0.3738849 0.4420431
-0.2563055 -0.4449834 0.9679446 0.6510721 0.5634056
-0.2812726 -0.6544663 0.8726294 0.6268851 0.782047
-0.2590729 -0.4763262 0.9773408 0.6313002 0.5811578
-0.3943558 -0.568528 0.7958393 0.4949843 0.8390719
-0.5771663 -0.561048 1.455839 -0.01157856 0.4302101
-0.5982311 -1.063713 1.159615 0.07690915 0.825412
-0.6102642 -0.6774645 1.193152 -0.01210755 0.6330055
-0.637921 -0.5810186 1.221245 -0.08367842 0.5622299
-0.2443216 -0.4995226 1.313748 0.4635855 0.4184179
-0.3301303 -0.535002 1.102875 0.4348545 0.5542913
-0.3497067 -0.5381299 1.170949 0.3755009 0.5211577
-0.4899881 -0.5596534 1.20199 0.1538205 0.5376626
-0.5931051 -0.5652961 1.284966 -0.01940054 0.511181
0.04288697 -0.2092116 1.464254 0.7878221 0.148923
-0.3619352 -0.5390342 1.313558 0.307364 0.4548839
-0.1883059 -0.535605 1.654043 0.4054396 0.3262293
-0.5078698 -0.559552 1.187459 0.1287937 0.5482601
-0.4611995 -0.5538723 1.360193 0.1607884 0.4541072
-0.2015807 -0.6426713 1.109508 0.5991864 0.5973218
-0.5291387 -0.5603979 1.386255 0.06272474 0.4538012
-0.7698284 -1.470525 1.383735 -0.06585991 0.8559365
-0.2842795 -0.6323618 0.8206741 0.6659667 0.8171545
0.1984924 -0.4167424 1.463095 0.8957551 0.2900557
0.06589842 -0.217291 1.445159 0.8248342 0.1591897
-0.06275493 -0.642023 1.155331 0.7443279 0.5544051
-0.2210524 -0.5645375 1.271172 0.5055401 0.474681
-0.03427142 -0.6453248 1.189061 0.7560899 0.536957
-0.3609723 -0.5476698 1.539577 0.2475644 0.3759307
-0.4577196 -0.5878342 1.624234 0.1222197 0.3783915
-0.468592 -0.7607182 1.061928 0.240855 0.7359682
-0.629366 -0.5663179 1.419891 -0.08198422 0.4530734
-0.5998263 -1.061154 1.184221 0.07140383 0.8099881
-0.1151347 -0.4430233 1.403561 0.5880373 0.3397539
-0.2842713 -0.5515296 0.998526 0.5606283 0.6236562
-0.3701293 -0.562914 1.063269 0.3891245 0.6035985
0.02953315 -0.3200359 1.455904 0.7494395 0.2344803
-0.006483912 -0.6111935 1.263406 0.75194 0.4833735
-0.1067774 -0.4023217 1.55495 0.5356773 0.2693522
-0.4682256 -0.5640827 1.194251 0.189947 0.5417327
-0.5473372 -0.5661611 1.147457 0.07289243 0.5824775
0.07977915 -0.5828838 1.363376 0.7927328 0.4232086
-0.6107345 -0.5678073 1.229414 -0.04258615 0.5449321
0.1447771 -0.4272598 1.415532 0.8685142 0.311938
-0.4261337 -0.7630723 1.076967 0.2979998 0.7188032
-0.5280207 -0.5534627 1.260637 0.08236182 0.5076639
-0.2417469 -0.5531829 0.9226723 0.6800568 0.6710671
-0.1326823 -0.6373727 0.9073542 0.8296411 0.7104689
-0.4328538 -0.5564655 1.344517 0.2033706 0.4596151
0.04493088 -0.6155353 1.330559 0.7678504 0.4552537
-0.02724344 -0.5880765 1.296765 0.7159253 0.4592047
-0.04072094 -0.5832697 1.291969 0.7046906 0.4595804
-0.0223884 -0.5613195 1.314277 0.7174032 0.4368395
-0.2354773 -0.5551648 1.600807 0.3714331 0.3540689
-0.07594579 -0.4561564 1.364903 0.6508549 0.358586
0.0001827478 -0.6067702 1.284166 0.7484947 0.4720242
-0.01183945 -0.6385763 1.212253 0.7690839 0.5204219
-0.2393016 -0.6466828 0.8980203 0.6766905 0.746557
-0.3137953 -0.6671039 0.9937025 0.5010808 0.7027478
-0.05140865 -0.6582165 1.124389 0.7725106 0.5770198
-0.05097765 -0.6429187 1.118987 0.780526 0.5713246
-0.4210128 -0.5491158 1.81997 0.1302515 0.3021436
-0.4273973 -0.5530864 1.851793 0.1197158 0.2970262
-0.4200836 -0.5683297 1.672597 0.1552777 0.3510264
-0.7108363 -1.173334 1.276586 -0.0506152 0.8151014
-0.4724951 -0.6548873 1.086669 0.2205458 0.6631827
-0.4533862 -0.6640332 1.090352 0.2497333 0.6624746
-0.4465709 -0.7730287 1.071666 0.2707113 0.7311439
-0.4502355 -0.7677205 1.086422 0.2607874 0.71951
-0.4387545 -0.7688829 1.078248 0.2797424 0.7232469
-0.4663679 -1.06078 1.081184 0.2536715 0.8480268
-0.3832293 -0.5400237 1.236444 0.3026637 0.4932501
-0.589027 -0.5617515 1.31176 -0.01626885 0.495034
-0.2268756 -0.5251456 1.300031 0.4894595 0.4387736
-0.3094621 -0.570832 1.503704 0.317032 0.3975617
-0.1338623 -0.4496302 1.292367 0.6206748 0.384495
0.2282859 -0.5297046 1.545264 0.8473944 0.3316916
-0.09047151 -0.4499123 1.550507 0.5498759 0.2995911
-0.06154644 -0.6500559 1.102363 0.7767028 0.5852059
-0.03770334 -0.6206785 1.196803 0.7536085 0.5202992
-0.1385831 -0.5297924 1.272957 0.6112453 0.4445409
-0.1770158 -0.4839233 1.594473 0.4383231 0.3120884
-0.2395775 -0.6422597 0.8253984 0.7333993 0.8057492
-0.2570164 -0.5144919 0.9513063 0.6441613 0.6267015
-0.09995937 -0.4935861 1.55918 0.5317686 0.323683
0.1430836 -0.6286654 1.257121 0.906943 0.4811038
0.3562726 -0.4489888 1.622883 0.9362167 0.2652438
-0.3291024 -0.5910119 0.7797322 0.6301157 0.8484288
-0.3237818 -0.5676111 0.8213617 0.6127723 0.7893854
-0.2432906 -0.6282669 0.7760786 0.7751006 0.8461397
-0.3235533 -0.564733 0.9750972 0.5094435 0.6565872
0.1660943 -0.672271 1.268698 0.9092713 0.4970006
-0.2017222 -0.5963472 1.114121 0.6045499 0.5678479
-0.2699563 -0.560541 0.9410531 0.6192555 0.6679582
-0.285622 -0.6168581 0.9166697 0.5982773 0.7252747
-0.2033172 -0.6457313 0.7865878 0.8248249 0.833468
-0.4223804 -0.562034 1.058414 0.3063518 0.6155441
-0.5200126 -0.55404 1.248221 0.09696198 0.5133961
-0.5131307 -0.5598673 1.260852 0.1060827 0.5098398
-0.1058025 -0.5435309 1.260703 0.6547346 0.4549108
-0.1684635 -0.5492005 0.9293188 0.7908166 0.648262
-0.331153 -0.5255055 1.207853 0.3880018 0.4915694
