-0.6991099 0.05557156 0.5242891 
0.99946 1
0.99946 0
0.0005400776 1
0.0005400777 0
316
-0.01088238 -0.6300358 1.194113 0.975093 0.501276
-0.02719849 -0.5775095 1.32324 0.8851836 0.424262
-0.1441883 -0.4760678 1.587227 0.6421643 0.2958241
-0.2031245 -0.4919297 1.308874 0.7226521 0.3971174
-0.2538981 -0.4689562 1.343406 0.6464785 0.3748637
-0.3307669 -0.6019716 0.9962187 0.7450559 0.6429228
-0.0541954 -0.5682795 1.29562 0.8778388 0.4319335
-0.2788161 -0.534427 1.315783 0.622609 0.4293873
-0.4091703 -0.5474604 1.606005 0.3560219 0.3509724
-0.2441709 -0.5090675 1.623641 0.523303 0.312072
-0.2462175 -0.5082032 1.617945 0.5234924 0.3132242
-0.3357828 -0.6079209 0.9945778 0.7376752 0.6486302
-0.1156096 -0.4723114 1.571052 0.6787259 0.2959099
-0.3419507 -0.6276563 1.004363 0.7171149 0.6549883
-0.3803863 -0.5568134 1.254282 0.526365 0.481998
-0.2517477 -0.5562623 0.9241037 0.9360701 0.6466508
-0.2524146 -0.5545235 0.9232373 0.9366847 0.6463174
-0.2257557 -0.654249 0.9361461 0.9220876 0.690066
-0.2539089 -0.5292825 1.31345 0.6540276 0.4243007
-0.4990769 -0.6639773 0.7922376 0.6223778 0.8972669
-0.4131946 -0.5231736 1.610409 0.3497059 0.3361387
-0.3869762 -0.5444801 1.552586 0.3972538 0.3635041
-0.3872942 -0.544206 1.552153 0.3970485 0.3635079
-0.2702277 -0.5591077 0.9364001 0.8962685 0.6440052
-0.4044263 -0.5605329 1.798838 0.308678 0.3067082
-0.4062369 -0.5563249 1.790389 0.3088132 0.3066337
-0.01361084 -0.5813442 1.311717 0.9053673 0.4290938
-0.4586816 -0.6728821 0.7641134 0.7155685 0.9167956
-0.2687076 -0.528243 0.94046 0.9068427 0.6207749
0.01259297 -0.637918 1.285803 0.9327224 0.4662997
-0.4933006 -0.6639733 0.7945321 0.6308197 0.8927062
0.0698393 -0.6586941 1.249242 1.006803 0.4843757
-0.4249079 -0.5429066 1.811059 0.2847593 0.2957439
-0.4014072 -0.5459763 1.802552 0.310104 0.2979587
-0.38557 -0.5149853 1.616832 0.3776312 0.3274697
-0.4681208 -1.05373 1.078218 0.4704463 0.8237549
-0.5916837 -1.071342 1.174562 0.2999563 0.7982804
-0.5605686 -0.555207 1.932794 0.128804 0.2823879
-0.2780392 -0.532295 1.199775 0.6909018 0.4775357
-0.2572653 -0.4839992 0.97872 0.9046912 0.5622107
-0.2747927 -0.5196104 0.9416929 0.9000617 0.6155043
-0.4438466 -0.7701827 1.081309 0.5133951 0.7020468
-0.4681296 -0.7676486 1.088881 0.4782071 0.7011278
-0.01013947 -0.6338893 1.178035 0.9864573 0.5101097
-0.2759288 -0.5010826 0.9684271 0.8800904 0.5848152
-0.2327544 -0.4487697 1.626118 0.5379335 0.275486
-0.4004884 -0.5387328 1.603068 0.3661447 0.3461925
-0.1634245 -0.4415404 1.575308 0.6323712 0.2795579
-0.1450886 -0.4331903 1.580236 0.6498876 0.272066
-0.165467 -0.4975393 1.297974 0.7718767 0.4007183
-0.1737618 -0.4335574 1.607787 0.6077941 0.2672173
-0.130144 -0.4308213 1.579348 0.665859 0.2699193
-0.2229273 -0.5298229 1.608025 0.5494124 0.3263929
-0.424696 -0.5691138 1.788259 0.2917392 0.3150508
-0.3790038 -0.5111117 1.608284 0.3874491 0.327134
-0.5963001 -0.7754396 1.174948 0.2751159 0.6786266
-0.1309869 -0.472719 1.306048 0.8118503 0.3783454
-0.2775542 -0.4692993 1.350049 0.6143622 0.3750809
-0.4274199 -0.4929209 0.6340906 1.024671 0.9760734
-0.1928191 -0.4300179 1.621016 0.5827824 0.2629761
-0.2889193 -0.5149836 1.640252 0.4713346 0.3141379
-0.3130763 -0.5336252 1.328497 0.5752064 0.4278345
0.02957094 -0.6267729 1.2335 0.9888213 0.4784725
-0.4137987 -0.5964971 0.7841266 0.8004436 0.8387315
-0.210018 -0.4353276 1.645577 0.5543426 0.2612951
-0.4235249 -0.6562661 0.7263367 0.8197857 0.9373335
-0.4010298 -0.524868 1.562234 0.378341 0.3503787
0.0204736 -0.6381235 1.214003 0.9900343 0.4934285
-0.2705739 -0.5622422 0.9439648 0.8875328 0.6407611
-0.1129821 -0.4138328 1.578464 0.6861535 0.258652
-0.3148727 -0.4732974 1.355745 0.5654998 0.3794424
-0.164787 -0.4709212 1.623406 0.60607 0.2850158
0.02637362 -0.3683374 1.461868 0.9054375 0.2501123
-0.266235 -0.505864 1.682007 0.4796924 0.2968276
-0.325578 -0.5521746 0.9814015 0.777774 0.6208954
-0.5618537 -0.576231 1.503924 0.2107067 0.4144828
-0.2521478 -0.4942726 1.330918 0.6517132 0.3955846
-0.2963391 -0.5333994 1.143904 0.7030796 0.5080568
-0.4295811 -0.4554989 0.6472275 1.026986 0.9326551
-0.4458833 -0.6062242 0.7578597 0.7655392 0.8845471
-0.245614 -0.5059505 1.531811 0.5595369 0.3358006
-0.4393321 -0.5436835 1.262344 0.4459792 0.4783116
-0.2358904 -0.5527753 1.100282 0.8083538 0.5332546
-0.3422758 -0.5633094 1.552396 0.4455999 0.3703929
-0.5943713 -0.5635002 1.313006 0.2161272 0.4889842
-0.5563952 -0.5794858 1.492892 0.2203469 0.419773
-0.2905251 -0.4706804 1.337164 0.6052951 0.3820703
-0.597872 -0.5677865 1.294908 0.216796 0.5007514
-0.399886 -0.5444352 1.24865 0.5046688 0.4796022
-0.5755539 -0.5944884 1.896437 0.1242042 0.3116785
-0.6224061 -0.5733112 1.202978 0.2080878 0.5560623
-0.4372804 -0.5574554 1.339314 0.4158819 0.4528114
0.006418109 -0.336659 1.481134 0.8807405 0.2251912
0.01859367 -0.3357364 1.468998 0.9017296 0.2268181
-0.3009403 -0.6826264 1.008929 0.756504 0.6736931
-0.7090812 -0.6191313 1.286616 0.06660649 0.5533401
-0.5824519 -0.6730235 1.177114 0.2855467 0.622117
-0.5996734 -0.6694994 1.172109 0.2623261 0.6263472
-0.4105794 -0.5852578 0.8350099 0.7605264 0.7807817
-0.2026414 -0.4916678 1.635007 0.5616856 0.2964715
-0.4857272 -0.6673922 0.7274912 0.7018303 0.9669434
-0.301243 -0.5128913 1.322044 0.5950893 0.4161462
-0.3925619 -0.556375 1.205575 0.5351966 0.5065213
-0.6850168 -0.5714663 1.342617 0.08158588 0.4929678
-0.4212234 -0.5704411 1.561657 0.3569567 0.3783593
-0.6047727 -0.5596216 1.306847 0.2026663 0.4909616
0.004774094 -0.3422446 1.462859 0.889632 0.2335581
-0.3654177 -0.5149283 1.542803 0.4246697 0.3474807
-0.4457426 -0.5581694 1.342096 0.4040729 0.4531335
-0.4911442 -0.5655061 1.395324 0.3278443 0.4413656
-0.4588897 -0.5666639 1.381503 0.3728704 0.443765
-0.4486017 -0.5599065 1.209262 0.4571908 0.5154715
-0.4435776 -0.6702251 1.088447 0.5176476 0.6465272
-0.6059858 -0.5642329 1.203015 0.2319897 0.5474188
0.06319797 -0.5316221 1.44853 0.9065359 0.3503135
-0.4846075 -0.55913 1.226952 0.3994599 0.5116702
-0.5371913 -0.561493 1.359006 0.2800672 0.4595098
-0.2524722 -0.4646596 0.959772 0.9387871 0.5596538
-0.5255133 -0.5625135 1.226012 0.3422958 0.5206627
0.03139204 -0.3359174 1.466365 0.9167312 0.2268738
0.02635813 -0.3342783 1.460439 0.9160362 0.2274652
0.2283343 -0.5970836 1.38021 1.080491 0.3920495
-0.4303843 -0.4181593 0.6419637 1.06664 0.9153544
-0.426938 -0.4387186 0.6361492 1.067367 0.9376208
-0.4247741 -0.5944419 0.7771594 0.7886763 0.8488672
-0.2185489 -0.4424227 1.626643 0.5528601 0.2706636
-0.7189183 -0.7338727 1.303967 0.07362062 0.6088218
-0.3396493 -0.5429588 1.128717 0.6529201 0.5290743
-0.4037328 -0.5302366 1.553833 0.3781378 0.356308
-0.3709303 -0.5341456 1.208378 0.5647504 0.487926
-0.2873024 -0.5668384 1.579528 0.4930729 0.3596854
-0.3986317 -0.662017 0.8735871 0.7245772 0.7861015
-0.4912709 -0.678511 0.7577256 0.6617655 0.9391725
-0.8836439 -1.274326 1.404011 -0.02517384 0.7951844
-0.3502091 -0.545026 1.230103 0.5789171 0.4815978
-0.3671677 -0.5857286 1.265914 0.5350536 0.4923303
-0.1149306 -0.4601815 1.345876 0.8070043 0.3548422
-0.3834287 -0.5706641 1.512598 0.4147923 0.3907981
-0.1964121 -0.4605606 1.356318 0.7081239 0.3591766
-0.5366417 -0.5716514 1.508815 0.2394711 0.4075148
-0.559077 -0.566721 1.422586 0.2337461 0.4392231
0.1620142 -0.6675881 1.268998 1.075753 0.4712043
-0.1263413 -0.530953 1.214166 0.8648458 0.4503199
-0.283006 -0.5463417 1.145895 0.7165676 0.513193
0.0209471 -0.629886 1.310416 0.9270346 0.4521418
-0.2662184 -0.6053321 0.9958235 0.8340552 0.6315495
-0.4183513 -0.585898 0.8030016 0.77738 0.8148583
-0.3871447 -0.4438981 0.6759212 1.082226 0.8598007
-0.1772604 -0.4420154 1.584256 0.6139253 0.2784495
-0.2373202 -0.4742435 1.345775 0.6640518 0.3757627
-0.7752508 -0.7657226 1.349395 -0.001443684 0.610775
-0.469269 -0.6654251 0.7655959 0.697619 0.9155806
-0.240367 -0.4621704 0.9658704 0.9518381 0.5513289
-0.178636 -0.4931185 1.595554 0.6021104 0.3058448
-0.5719975 -0.5740221 1.895998 0.1252733 0.3010836
-0.3995959 -0.6759461 0.8640816 0.7271175 0.8018504
-0.4927109 -0.5577384 1.202598 0.3985302 0.5245195
-0.2459225 -0.5528523 1.094836 0.7993692 0.5378612
-0.5174178 -0.5639077 1.314117 0.3212327 0.4780293
-0.3324479 -0.5496274 0.9791251 0.7701753 0.6223059
-0.1869851 -0.5184978 1.282001 0.752557 0.4223301
-0.1291867 -0.4668625 1.578576 0.6623465 0.291667
-0.1154805 -0.4685193 1.306827 0.8299533 0.3738027
-0.165675 -0.5009414 1.327311 0.752715 0.3920414
-0.2186326 -0.4899048 1.323275 0.6963109 0.3920999
-0.1004683 -0.4233759 1.569705 0.7017926 0.2659394
-0.1703532 -0.5235533 1.281135 0.7711663 0.4238917
-0.2586564 -0.4417963 0.9705966 0.928335 0.5367398
-0.2574136 -0.5215988 1.094825 0.7927341 0.5197467
-0.3420705 -0.6046686 0.7661255 0.9398003 0.8365541
-0.3356212 -0.6985888 0.9824107 0.7253138 0.7069992
-0.4711061 -0.6708866 1.079341 0.4839035 0.6581224
-0.4757962 -0.6619212 1.088584 0.4731261 0.6483638
-0.5770983 -1.061448 1.160997 0.3197458 0.7997448
-0.4482757 -0.5624558 1.715301 0.285285 0.3317158
-0.6767298 -0.5822529 1.249769 0.1146168 0.5452426
-0.6336717 -0.5719879 1.390311 0.1439853 0.4648438
-0.3155954 -0.5910906 0.8361816 0.9131469 0.7541912
-0.4431107 -0.6188648 0.7499138 0.7742101 0.899232
-0.3816506 -0.5556813 0.808004 0.8482308 0.779171
-0.07369101 -0.569832 1.291958 0.8593659 0.4363201
-0.7198848 -0.570793 1.312907 0.03501549 0.5121902
-0.4918143 -0.5649411 1.298678 0.3610185 0.4821373
-0.07687908 -0.4753431 1.299655 0.8761413 0.3768732
-0.2286435 -0.5249979 1.303596 0.6898904 0.4226421
-0.3511325 -0.5735119 0.7810076 0.9226984 0.8065631
-0.1958537 -0.4810309 1.305264 0.7355384 0.3907174
-0.3055348 -0.5442902 1.156281 0.6807298 0.5101597
-0.006404757 -0.5988725 1.24738 0.9513474 0.462075
-0.2566826 -0.489556 0.9882175 0.8943299 0.5599416
-0.3922868 -0.4463389 0.6717238 1.076209 0.8700137
-0.1406138 -0.4385486 1.390905 0.7551975 0.3284205
-0.2881406 -0.4561593 1.374806 0.5901756 0.3586653
-0.3246394 -0.5030594 1.539685 0.471222 0.3380499
-0.03022033 -0.6597635 1.130249 0.9925737 0.5481278
-0.3237906 -0.603842 0.7906031 0.9429405 0.8057801
-0.3253295 -0.6006943 0.7892238 0.9434722 0.805801
-0.5598301 -0.5634258 1.162022 0.3167102 0.5619289
-0.5599707 -0.5628374 1.161287 0.3167481 0.5620047
-0.5937978 -0.5574056 1.34477 0.2074913 0.4706002
-0.4720118 -0.560974 1.19343 0.4319105 0.5279925
-0.4724242 -0.6635937 0.7039612 0.7506992 0.9883657
-0.5615257 -0.5587975 1.359164 0.2474613 0.460907
0.1512576 -0.5353757 1.527842 0.9375442 0.3243247
-0.4507625 -0.5564597 1.317143 0.4075436 0.463307
-0.4434607 -0.6650196 0.803642 0.7092691 0.8661819
-0.2635445 -0.5517386 0.9426882 0.9029444 0.6333878
-0.1435752 -0.5392339 1.222926 0.8365626 0.4538664
0.1648446 -0.5892685 1.453928 0.9796627 0.3716276
0.02936924 -0.3205974 1.462372 0.9218313 0.2173502
0.0303241 -0.3207146 1.464201 0.9215266 0.2169454
-0.4506849 -0.6267881 0.7604445 0.7472592 0.8945336
-0.3081559 -0.551737 1.189862 0.6551415 0.4987107
-0.1364713 -0.5651077 1.158886 0.8833066 0.4967629
0.06889421 -0.6107478 1.360856 0.945567 0.4197961
-0.01024032 -0.6145544 1.210569 0.9687808 0.4859099
-0.3973372 -0.5745342 0.7996294 0.8219495 0.8042893
-0.5964631 -0.6720942 1.199772 0.2583057 0.6112473
-0.5799071 -0.7765337 1.172758 0.297704 0.6772836
-0.7170672 -1.18763 1.294288 0.1476086 0.7951038
-0.1368874 -0.4503324 1.562721 0.6644034 0.2864023
-0.2037361 -0.449498 1.635226 0.5638939 0.2719045
-0.4313496 -0.5517501 1.708837 0.3039021 0.3264101
-0.3454156 -0.4798525 1.659719 0.4065918 0.2926403
-0.2053527 -0.635989 1.111817 0.8156382 0.5713162
0.06526536 -0.6381974 1.239076 1.016287 0.4781635
-0.6313197 -0.5580742 1.392788 0.1444501 0.4549828
-0.4293664 -0.4193079 0.6360059 1.079487 0.9255146
-0.6645122 -0.5665579 1.321105 0.1145197 0.497182
-0.277414 -0.5590432 0.9530627 0.870506 0.633977
-0.2247737 -0.4086514 1.656524 0.5366443 0.2432798
-0.2609542 -0.5146974 1.302028 0.6542457 0.42055
-0.2320644 -0.6851045 0.9890275 0.8595164 0.6732638
-0.636814 -0.5655421 1.295797 0.1603313 0.5047271
-0.3130914 -0.5517629 0.9975916 0.7829564 0.6072106
-0.2771342 -0.6397216 0.8357562 0.9509077 0.7712352
-0.4654354 -0.5538069 1.336559 0.3810223 0.4552599
-0.1616619 -0.591431 1.142864 0.8577191 0.5235335
-0.2152448 -0.5083842 1.311143 0.7040675 0.4079447
0.04677039 -0.6252939 1.320916 0.9463459 0.4432705
0.1457039 -0.6521345 1.23079 1.094179 0.4792905
-0.3143957 -0.5562422 1.178084 0.6534804 0.508153
0.07041514 -0.6366786 1.270811 0.9993132 0.46478
0.0209111 -0.6176023 1.240071 0.9783919 0.4719816
-0.2809983 -0.6366989 0.9136862 0.872695 0.7092578
-0.4120618 -0.6708824 0.8651429 0.7081298 0.8019586
-0.3663524 -0.5830504 1.013595 0.6854292 0.627625
-0.2645561 -0.6409888 0.8672907 0.9374105 0.7428083
-0.450908 -0.6667477 0.735009 0.7583952 0.9434053
-0.212019 -0.4315458 1.574543 0.5830514 0.2767272
-0.3451246 -0.5100291 1.688785 0.3975649 0.3025716
-0.2161167 -0.5460818 1.645315 0.5404046 0.3249615
-0.4697205 -0.7690646 1.091237 0.4749568 0.7006813
-0.5796415 -0.7624173 1.191387 0.291117 0.6597019
-0.6926281 -0.5638528 1.296518 0.07726681 0.5118521
-0.2650326 -0.6457867 0.8560537 0.9456646 0.7545203
-0.6736084 -0.5700802 1.260013 0.1147412 0.5316297
-0.5111462 -0.5591308 1.189929 0.377501 0.5351397
-0.4265391 -0.5541702 1.366599 0.4185399 0.4384192
-0.6692384 -0.5697706 1.900386 0.02520868 0.3037391
0.01086301 -0.5869231 1.323339 0.9206396 0.4255208
-0.4051386 -0.5779821 0.7889885 0.8178526 0.8198549
-0.1414909 -0.4676783 1.312594 0.7968023 0.3737998
0.06799924 -0.2175841 1.45565 1.001285 0.1409925
-0.5206541 -0.5595988 1.198702 0.3600612 0.5323229
-0.2202183 -0.6499306 0.8462822 1.017228 0.7525441
-0.5625504 -0.5696974 1.449938 0.2224857 0.4307395
-0.1942013 -0.5850552 1.138296 0.8239036 0.5269142
-0.5532938 -0.5634198 1.226123 0.3023696 0.5256217
-0.3853709 -0.5452414 1.438383 0.4402159 0.4015864
-0.1511575 -0.4963316 1.310859 0.780313 0.3936574
-0.4256968 -0.6053023 0.759221 0.8013723 0.8747441
-0.4299822 -0.6379196 0.7484527 0.7925386 0.9056555
-0.1320472 -0.6133643 1.204629 0.8425745 0.5035275
0.2534443 -0.5545678 1.583634 0.985855 0.3139276
-0.1469284 -0.566291 1.278564 0.7896225 0.4477537
-0.2556369 -0.6404376 0.9944663 0.8384842 0.6504236
-0.09095585 -0.4500142 1.556188 0.7140094 0.2849066
-0.3247294 -0.5410885 1.143754 0.6638407 0.5175389
-0.0004107952 -0.640526 1.217188 0.9658656 0.4960024
0.002801001 -0.6297042 1.270882 0.9353158 0.4686922
-0.09277982 -0.6063037 1.089731 0.9741827 0.547711
-0.4189134 -0.4895192 0.6123014 1.084955 1.004905
-0.2541906 -0.6328278 1.028256 0.8164303 0.6249462
-0.7039766 -0.6147945 1.266062 0.07693622 0.5608379
-0.6410354 -0.5806102 1.222118 0.1753335 0.5532189
-0.9057524 -1.279656 1.394795 -0.0463326 0.804858
-0.6069657 -0.6749486 1.17715 0.2507594 0.6277688
-0.7129287 -1.206416 1.299353 0.1533002 0.7976602
-0.9070722 -1.2632 1.403772 -0.05160624 0.7958479
-0.7861211 -0.7527298 1.363484 -0.02056289 0.5990188
-0.7231286 -1.213422 1.288255 0.145382 0.8072301
-0.865371 -1.00167 1.390796 -0.06211525 0.7071037
-0.7957584 -0.7963533 1.392089 -0.02533531 0.6077479
-0.8043761 -0.7364393 1.379688 -0.05073166 0.5856724
-0.7787962 -0.7017625 1.352162 -0.02226061 0.5772563
-0.5141751 -0.5788344 1.132987 0.3982596 0.580148
-0.7807608 -1.064476 1.319524 0.05593234 0.7520998
-0.4300808 -0.6206865 1.060064 0.5569936 0.6335058
-0.4305167 -0.6656479 0.7051624 0.8258542 0.9696549
-0.2620989 -0.6453368 0.8344482 0.9717816 0.771147
0.1726038 -0.6582441 1.29018 1.073463 0.4578699
-0.2475514 -0.6451151 0.8177193 1.010585 0.7809675
-0.6792479 -0.5734218 1.253105 0.1082993 0.5383546
-0.1315814 -0.5509781 1.125676 0.9190255 0.5031214
-0.7233578 -0.5774097 1.288469 0.03515354 0.5293878
0.1084025 -0.6626803 1.343532 0.9783487 0.4483089
-0.4857351 -0.6712595 0.7546233 0.6762357 0.9370595
-0.6894819 -0.5680804 1.276879 0.08669803 0.5240987
-0.4591555 -0.6630985 0.7596503 0.7215937 0.9171067
-0.2975163 -0.554281 0.9521456 0.8436285 0.636107
-0.4388663 -0.5651894 1.14269 0.5036608 0.5524261
0.1538836 -0.6934925 1.401302 0.9739193 0.4400469
-0.3532124 -0.5982633 0.8504098 0.8363782 0.7570732
-0.07289821 -0.5945007 1.221067 0.9012245 0.4782382
-0.2641817 -0.6435153 1.01668 0.8091672 0.6399881
