-0.05800154 -0.003135342 -0.01077229 
0.99946 1
0.99946 0
0.0005400776 1
0.0005400777 0
15
0.03850231 -0.5716827 1.187821 0.6817408 0.2221554
0.3363561 -0.4120373 1.24097 1.062246 0.1167277
0.1913637 -0.5006294 1.092268 0.8845215 0.2128314
-0.247289 -0.4938212 0.8815005 0.2991612 0.2590744
-0.1897249 -0.5928036 0.7690777 0.3625436 0.3804972
-0.1213988 -0.6205608 0.5925289 0.4328581 0.5011615
0.01010951 -0.6088197 0.3583452 0.6457887 0.6910572
0.02545229 -0.5314516 1.251173 0.6718575 0.1796041
-0.2003319 -0.5009851 0.8466427 0.358636 0.2811673
-0.2639899 -0.6230044 0.4775908 0.1619348 0.5724468
-0.1257102 -0.6254868 0.8371552 0.4619291 0.3732578
-0.2750809 -0.4868656 1.068238 0.3046613 0.188108
0.02821848 -0.6281093 0.5130956 0.6728934 0.5715489
-0.2892678 -0.5558755 0.5041582 0.1110714 0.5055665
0.06289528 -0.6416949 0.5001233 0.7294919 0.5921336
