-0.2530006 0.01203096 -0.08183791 
0.99946 1
0.99946 0
0.0005400776 1
0.0005400777 0
415
0.3545032 -0.4834546 1.303738 1.011753 0.1387275
-0.1869725 -0.6447676 0.7740251 0.4894421 0.401354
-0.2152987 -0.4766124 0.9424109 0.4464057 0.227896
-0.1436913 -0.6451155 0.307054 0.6184236 0.7006207
0.3439394 -0.6257132 1.061108 1.039364 0.2825887
0.3288508 -0.6180039 1.106514 1.010543 0.2648919
0.1707776 -0.6432547 0.6754999 0.9795468 0.4433196
0.1715597 -0.5794572 1.149452 0.8466453 0.2311492
0.1473982 -0.5615295 0.9870232 0.8684237 0.2690058
0.1774871 -0.5800058 1.402161 0.7962239 0.170653
0.1478974 -0.5672478 1.192757 0.8145216 0.2126251
0.1409257 -0.6450837 0.9886262 0.8403971 0.3167029
0.1461617 -0.597199 1.186861 0.8081741 0.2309374
0.1323532 -0.5251933 1.205521 0.8039985 0.1849106
0.1250518 -0.5778051 1.012038 0.8322098 0.270685
0.1334993 -0.5635179 1.197048 0.7995876 0.2093447
0.1256374 -1.176673 0.369703 0.8640627 0.8425167
0.0966426 -0.5776973 1.036083 0.7945229 0.2630414
0.1017844 -0.655364 1.022932 0.7875791 0.3110306
0.0801868 -0.6426457 0.5410229 0.9090036 0.5179819
0.08261944 -0.5593759 1.040886 0.7814891 0.2506527
0.07559241 -0.6191383 1.235373 0.7246985 0.2300264
0.06704049 -0.5242597 1.404732 0.701531 0.1391857
0.0410981 -0.6437203 0.504081 0.8649129 0.5424669
0.02965494 -0.6395158 0.4852905 0.8560047 0.5525445
0.02202284 -0.6428975 0.4775912 0.8459749 0.5598508
0.003721029 -0.6251853 1.184727 0.660561 0.246524
0.007588163 -0.6423522 0.4459542 0.8353426 0.5817564
-0.01734011 -0.5466995 1.350382 0.6258395 0.1627117
-0.0122285 -0.6064489 1.226582 0.6407705 0.2252333
-0.01882483 -0.5643091 1.288978 0.630355 0.1865214
-0.0348933 -0.5473084 1.295462 0.6152116 0.1753386
-0.047491 -0.5471547 1.271122 0.6054751 0.1809023
-0.05406311 -0.6205712 1.157566 0.6056815 0.2514321
-0.06740607 -0.5843795 1.25904 0.5837536 0.2047365
-0.07714717 -0.6145708 1.091299 0.5897046 0.267292
-0.1383263 -0.4656309 1.530708 0.499653 0.08072424
-0.1346655 -0.4580374 1.269382 0.5210602 0.1270095
-0.1445418 -0.4572504 1.306092 0.5079298 0.1184688
-0.1902002 -0.4881056 1.274662 0.4608066 0.1441883
-0.2046955 -0.4524107 1.307106 0.4444971 0.1147017
-0.1841148 -0.6442471 0.9400169 0.4819022 0.3341751
-0.2388097 -0.465197 1.303139 0.4085325 0.1233112
-0.2201157 -0.5237312 0.9659135 0.4391295 0.2518783
-0.2249631 -0.5449614 0.8983847 0.4355409 0.2893966
-0.2964587 -0.4775062 1.336636 0.3484467 0.1233257
-0.2583437 -0.6450562 0.9247468 0.3951852 0.3405201
-0.2696752 -0.4962465 0.9606879 0.3763989 0.2352048
-0.2728273 -0.5515401 0.9378878 0.3745356 0.2794211
-0.2744706 -0.5281071 0.9387157 0.3715223 0.2639592
-0.2732345 -0.6585149 0.8384235 0.3779511 0.3821856
-0.2365663 -0.5998538 0.669214 0.4283689 0.4247866
-0.1506694 -0.6408123 0.2370018 0.622418 0.7679573
-0.2714187 -0.6224267 0.8125045 0.3789011 0.371981
-0.2995019 -0.5752984 0.9543983 0.3429525 0.2885455
-0.3086214 -0.6025277 0.9800994 0.3342347 0.2961253
-0.298169 -0.55188 0.9581704 0.3433114 0.2725736
-0.1618777 -0.6412422 0.2471023 0.5978592 0.7581085
-0.2252026 -0.647668 0.491611 0.4538831 0.5588006
-0.1730486 -0.6517927 0.2507477 0.5736936 0.7604228
-0.3049665 -0.5764578 0.8114346 0.3322634 0.3441727
-0.3182417 -0.5710341 0.8060696 0.3137738 0.3430196
-0.2187433 -0.6459854 0.3026776 0.4795671 0.7082046
-0.2522243 -0.6472757 0.335538 0.4154773 0.6802153
-0.265293 -0.6524524 0.335854 0.3917843 0.6833167
-0.3030311 -0.6509982 0.4785138 0.3291672 0.5715553
-0.2637915 -0.6482928 0.3470949 0.394196 0.6710579
-0.2817409 -0.6546431 0.9574893 0.3680067 0.3340548
0.2290295 -0.5453228 1.176457 0.906921 0.2045243
0.1866418 -0.5425921 1.191574 0.8598012 0.1988846
0.1778897 -0.5565372 1.040712 0.8884202 0.2491363
0.1345697 -0.5937716 0.9950843 0.8436478 0.2855313
0.13487 -0.6348242 0.9901087 0.835732 0.3105458
0.09174426 -0.600293 1.041492 0.7833093 0.2744732
0.07038863 -0.6420639 0.4487099 0.9338595 0.5780815
0.0959719 -0.6541486 1.35532 0.7190808 0.218883
0.06253387 -0.5128296 1.405538 0.6986082 0.132557
0.02573515 -0.6401508 0.3917914 0.8877749 0.6202151
-0.002114996 -0.6134517 1.175641 0.6573306 0.2426065
-0.001419723 -0.6376469 1.160148 0.6574814 0.2600197
0.03092547 -1.395398 0.5388999 0.6901913 0.800235
-0.03713836 -0.5589975 1.267912 0.6152222 0.1884681
-0.008740559 -0.6382448 0.4172508 0.8210645 0.6006954
-0.2362873 -0.5153994 1.275683 0.4123473 0.1602114
-0.2647114 -0.5253184 1.277035 0.3828704 0.1656381
-0.2140958 -0.6247721 0.7669605 0.4549458 0.3929108
-0.2604886 -0.6540085 0.8354023 0.3936778 0.3807823
-0.2814981 -0.5393624 0.9288898 0.3630459 0.2747632
-0.1651319 -0.6509456 0.2374779 0.5919948 0.7734504
-0.1763263 -0.6431907 0.2649339 0.5658044 0.7415659
-0.3164111 -0.5897632 0.8264942 0.3185954 0.3463439
-0.2181648 -0.6579887 0.2910475 0.4812702 0.7257252
-0.1082894 -0.6667017 0.8602012 0.5773466 0.3768583
-0.04956165 -0.5851174 1.192688 0.6093109 0.2221683
-0.09527248 -0.6362439 0.7587036 0.6104822 0.4024849
-0.1828251 -0.6603733 0.7383809 0.4969393 0.4266666
0.1033023 -0.6467189 0.5685536 0.9297572 0.5036235
0.1225547 -0.644876 0.5982645 0.9454207 0.4853839
0.07241847 -0.6442294 0.6017541 0.8741883 0.4838284
0.05339374 -0.6416216 0.3791155 0.9392158 0.6301659
0.0684721 -0.6418484 0.5118653 0.9037637 0.5358306
-0.2365645 -0.5334049 1.249429 0.4127575 0.1771644
-0.2618558 -0.5230253 0.9345253 0.3873596 0.2620758
-0.2633964 -0.5220799 0.9319549 0.3853783 0.2623451
-0.2220381 -0.6368617 0.8569666 0.4406822 0.3618333
-0.2190748 -0.6309716 0.7635266 0.4484819 0.398209
-0.2185187 -0.6504906 0.2939458 0.4806443 0.7189313
-0.1619578 -0.6452709 0.2318393 0.6004325 0.77636
-0.2763478 -0.6501206 0.4483788 0.372156 0.5918362
-0.1922674 -0.6533513 0.2692826 0.5332936 0.7433598
-0.06321548 -0.6476548 0.5582349 0.6914895 0.513141
-0.08894326 -0.6010912 1.114877 0.5755023 0.2527081
-0.04976131 -0.6097515 1.072019 0.6221722 0.2704186
-0.1522897 -0.6451034 0.7621872 0.5353339 0.4065802
0.08980827 -0.5936599 1.046283 0.7814047 0.269172
-0.2141306 -0.4561456 1.274449 0.4354922 0.1240481
-0.05402778 -0.6399347 0.3762966 0.759192 0.6347836
-0.01497771 -0.6401299 0.3334185 0.8432317 0.6694072
-0.1987728 -0.6453154 0.3826478 0.5072088 0.6373229
-0.08053212 -0.6418422 0.3413604 0.723892 0.6658465
0.2095963 -0.5982797 1.041681 0.9117713 0.2732683
-0.2010659 -0.6450899 0.3856184 0.5029109 0.6348655
-0.1149955 -0.5559196 1.152113 0.5468929 0.2160159
0.2104641 -0.6469879 0.7309027 1.006385 0.4186549
0.3266226 -0.6489486 0.9590087 1.050819 0.3284065
0.1269595 -0.6461619 0.6175617 0.9431884 0.4755135
-0.2196857 -0.6462752 0.306762 0.4774048 0.7045782
0.2132695 -0.4194218 1.438301 0.85243 0.07275784
-0.2139339 -0.5356231 0.9059182 0.4493648 0.2805507
-0.2162969 -0.5328829 0.9009105 0.446583 0.2805753
0.1028142 -0.6364386 0.4430235 0.9902191 0.5780031
-0.2758935 -0.6496682 0.3582349 0.3724152 0.6626672
-0.3269475 -0.6519631 0.5092549 0.2925744 0.5517823
-0.2604273 -0.648468 0.4753837 0.3980148 0.5712246
-0.2873958 -0.6488096 0.3697475 0.3519808 0.6528435
0.02766056 -0.6066027 1.221184 0.6813583 0.2268112
-0.3371797 -0.654234 0.5092281 0.2766107 0.5533589
-0.2882618 -0.654722 0.3597411 0.350646 0.6646647
-0.2145918 -0.6462734 0.3421476 0.4833987 0.6724554
0.1585974 -0.6371777 0.969681 0.866819 0.3187204
-0.3004487 -0.6496391 0.3825943 0.3293735 0.6431099
0.1042011 -0.6340901 0.4459349 0.9920235 0.5745376
-0.2617413 -0.6531242 0.4399207 0.3965606 0.5993965
-0.0004032999 -0.6448615 0.4766569 0.8108566 0.5621392
-0.324925 -0.6440687 0.5162413 0.2953538 0.5424507
-0.3146672 -0.652346 0.3968499 0.3055321 0.6335741
-0.2504953 -0.6479344 0.3365 0.418611 0.6796684
-0.2421254 -0.6608958 0.3090097 0.4353121 0.7113733
-0.3164389 -0.6621894 0.3895339 0.3031216 0.645099
-0.3272063 -0.5927864 0.512764 0.285236 0.5128995
-0.1951595 -0.6448202 0.2810218 0.5268258 0.7273291
-0.3102118 -0.4423929 0.5420841 0.2979228 0.382452
0.1111186 -0.6327699 0.5231882 0.9661609 0.5225245
-0.3271621 -0.5273654 0.5117041 0.2764121 0.4686888
0.09301914 -0.6653917 0.9500928 0.7928666 0.3412648
-0.2904422 -0.4692844 0.9342993 0.3478138 0.2252094
0.04381464 -0.6388087 0.448829 0.8930766 0.5767523
-0.3069468 -0.4105553 0.5512313 0.300571 0.3492422
-0.3245147 -0.6512406 0.4064632 0.2889936 0.6256117
-0.1140689 -0.6629286 0.889686 0.5673473 0.3632023
-0.1158905 -0.6578048 0.882979 0.5663614 0.3629466
-0.2867641 -0.5494694 0.9410625 0.357055 0.2769849
-0.3232648 -0.4220338 0.5726237 0.2736624 0.346911
-0.2563715 -0.6615099 0.323264 0.4086058 0.6992292
0.0750614 -0.6299593 0.5178784 0.9156024 0.5248628
0.08105133 -0.6414512 0.5267737 0.9165366 0.5259991
-0.386782 -0.5364766 1.548122 0.2712495 0.1151963
-0.2719796 -0.6549761 0.3612458 0.3797019 0.6629652
-0.3378806 -0.6557229 0.421603 0.2679644 0.6168171
-0.3127466 -0.4231238 0.5255302 0.2892092 0.3761988
0.09620701 -0.645085 1.048905 0.7778373 0.2971379
0.1070016 -0.6453654 1.027175 0.7941748 0.3042135
-0.03280984 -0.653428 0.6972008 0.7011985 0.4408227
-0.3713976 -0.4510948 0.6549718 0.2045329 0.3269165
-0.2310804 -0.5107797 1.610148 0.4118532 0.09166509
-0.2301164 -0.5130308 1.620859 0.4125714 0.09110296
-0.3214185 -0.6519374 0.5114055 0.3014757 0.550222
-0.3519426 -0.6621943 0.4241264 0.2453196 0.6189956
-0.3507738 -0.6556429 0.432369 0.2471614 0.6089443
-0.3093683 -0.6560627 0.4805184 0.3194658 0.5732728
0.06458108 -0.6579358 0.5125861 0.8918837 0.5447698
0.06276502 -0.6481773 0.5054935 0.8954793 0.5437058
-0.3365405 -0.6588954 0.4055912 0.2692052 0.6310489
0.04875062 -0.5403233 1.422162 0.6797453 0.1444341
-0.05306508 -0.6097832 1.171607 0.6060001 0.2416059
-0.0447133 -0.6429066 0.3792099 0.7732207 0.6338598
-0.2936168 -0.6520864 0.4065524 0.3423809 0.6250957
-0.1327455 -0.6415298 0.3055687 0.6396236 0.6995701
-0.3299999 -0.5708736 1.191457 0.3146527 0.2134985
-0.233154 -0.4979916 1.397024 0.41319 0.1236068
-0.3230987 -0.5944613 0.5105218 0.2921025 0.5153903
-0.2729465 -0.6677989 0.3421744 0.3786516 0.6864801
-0.2955014 -0.6494215 0.381814 0.3380399 0.6434642
-0.05971433 -0.6582311 0.6948801 0.6652156 0.4450316
-0.4059724 -0.6548896 0.5583955 0.1750177 0.5236188
-0.3049055 -0.6641862 0.3785625 0.3227949 0.6547834
-0.2854321 -0.6546722 0.4858891 0.3580376 0.5681895
0.1506329 -0.579897 1.184968 0.8165573 0.221817
-0.04062271 -0.6468918 0.5427861 0.7289521 0.5216334
-0.07675625 -0.5457209 1.26279 0.5768158 0.1819275
-0.3150198 -0.6130974 0.9869174 0.3275549 0.3000254
0.1142194 -0.6015312 1.028423 0.8107619 0.2792892
0.07133214 -0.6407814 0.5427842 0.8959857 0.5159819
-0.3686244 -0.6550557 0.4499317 0.2191712 0.5960178
-0.1745477 -0.6438867 0.269875 0.5682279 0.7369118
-0.2343288 -0.6458696 0.3042259 0.4502046 0.7073225
-0.1085932 -0.4675947 1.527391 0.5275526 0.08269155
-0.08305536 -0.5481207 1.264283 0.5700803 0.1829214
-0.3311555 -0.4373481 0.5140641 0.2550802 0.3960891
-0.07734947 -0.4590912 1.249178 0.5843821 0.1326474
0.01773721 -0.6643048 1.157199 0.6740578 0.2749636
-0.1934489 -1.403291 0.4599142 0.4800555 0.8513271
-0.4317596 -0.667917 0.6521474 0.1542872 0.477451
-0.4277907 -0.6634289 0.6470749 0.1582613 0.4775345
-0.2964762 -0.6638779 0.3652093 0.3369926 0.6654312
-0.1077577 -0.459021 1.268224 0.5498618 0.1281024
-0.2787941 -0.6609852 0.3497914 0.3678371 0.6763474
-0.1491321 -0.4576305 1.265078 0.5058799 0.1275908
-0.1212093 -0.4576312 1.53812 0.5154596 0.07501143
-0.1797501 -0.6193632 0.6499414 0.5107705 0.4463143
-0.1683296 -0.6470724 0.4320411 0.5522274 0.5991853
0.211713 -0.528274 1.182161 0.8916566 0.1929792
-0.2152316 -0.6406434 0.8190173 0.450778 0.3796242
-0.2420514 -0.4767385 0.9115734 0.4123141 0.2384263
-0.3584661 -0.6292017 0.544973 0.2427572 0.5156552
-0.3134626 -0.653671 0.4004748 0.3080022 0.6314069
-0.3272625 -0.5098892 1.031152 0.3071162 0.2216653
-0.3014041 -0.6607111 0.7324613 0.3404914 0.4308751
-0.3034994 -0.6601604 0.7331687 0.3376793 0.430241
-0.1481236 -0.6555728 0.5278252 0.5692719 0.5380965
-0.02096669 -0.6554866 0.5755438 0.7468549 0.5067526
0.1094021 -1.39672 0.3800475 0.7956231 0.887928
0.01256198 -0.6442659 0.4657321 0.8351954 0.5689354
-0.2576647 -0.6054336 1.37961 0.3914279 0.1870583
-0.3267192 -0.4036643 0.5418345 0.2609916 0.348827
-0.2487911 -0.6471478 0.4863636 0.4164704 0.5626004
-0.3349124 -0.6542954 0.4203498 0.2727079 0.6168722
-0.4017913 -0.6612965 0.4839058 0.1708512 0.5761936
-0.4159158 -0.6619361 0.4984792 0.1506978 0.5668673
-0.06257048 -0.643002 0.2674154 0.7823976 0.7338801
-0.6797487 -0.6328104 1.271838 -0.0330413 0.2262504
-0.08259983 -0.6537818 0.2521086 0.7467385 0.7558007
-0.3407949 -0.5365701 0.5182495 0.2545823 0.4712403
-0.1554386 -0.454911 1.320416 0.4956501 0.1138927
-0.1571977 -0.4469595 1.298642 0.4954134 0.1134446
-0.1682748 -0.6483487 0.257544 0.5820934 0.751427
-0.1695649 -0.6398087 0.2533545 0.5816718 0.7512307
-0.1439657 -0.6444649 0.3171826 0.6157662 0.6910061
-0.0868517 -0.6444196 0.260151 0.7386031 0.7429534
-0.05645262 -0.6506674 0.7879971 0.6532813 0.3975573
0.1530097 -1.208384 0.3726806 0.8859661 0.8478551
0.08709399 -1.128446 0.3923985 0.8250168 0.8155241
0.1372356 -1.402937 0.3762069 0.823356 0.8906698
-0.6931141 -0.5649707 1.297544 -0.05833513 0.181753
-0.2595134 -0.4918368 0.9348394 0.3893903 0.2409071
-0.2281354 -0.6292124 0.7851243 0.435706 0.3875878
-0.3392863 -0.6664602 0.4055585 0.2655956 0.635435
-0.417598 -0.6688237 0.4909131 0.1481932 0.5760635
-0.2538219 -0.6093687 0.6802897 0.4034783 0.4252805
-0.2595593 -0.6634331 0.4374699 0.4005408 0.6070585
-0.4274651 -0.6618047 0.5088391 0.1340866 0.5600557
-0.06191938 -0.6384295 0.2921385 0.7755982 0.7075312
-0.14079 -0.4756982 1.269549 0.5137412 0.138021
-0.2849993 -0.6509091 0.4824198 0.358436 0.5683663
-0.0557982 -0.6419421 0.2865768 0.7879077 0.7144722
-0.2862087 -0.6575428 0.4373252 0.3560945 0.6045323
-0.07491411 -0.6420266 0.3994062 0.7159739 0.6183566
-0.833888 -1.045342 1.364237 -0.064973 0.3859391
-0.1102293 -0.6800078 0.8883319 0.5706366 0.3731151
-0.2484069 -0.6466262 0.4077848 0.4196968 0.6196291
-0.2543833 -0.6456747 0.4150172 0.4092422 0.6136466
-0.1879535 -0.5295829 0.9436587 0.4802082 0.2632746
-0.1073944 -0.6507607 0.540971 0.6290443 0.5262756
-0.1176793 -0.6479316 0.3544151 0.6534196 0.6594634
-0.126381 -0.6455722 0.4091526 0.6263894 0.6143917
-0.140175 -0.6655105 0.5922115 0.5707185 0.5049093
-0.1553401 -0.6474619 0.5496031 0.5560845 0.519936
-0.1086052 -0.6417509 0.3621154 0.6685978 0.6492006
-0.1151311 -0.6535755 0.5744747 0.611095 0.5078803
-0.1203682 -0.6543127 0.5846754 0.6016582 0.5024503
-0.08510114 -0.6228728 1.142974 0.5749418 0.2567849
0.1406428 -1.380855 0.3814467 0.8301121 0.8827566
0.0229111 -0.6369273 0.3938914 0.883408 0.6168035
-0.8249992 -1.087002 1.445247 -0.03589016 0.3795972
-0.8562769 -1.002406 1.366838 -0.09227889 0.3692228
-0.2640513 -0.5649898 0.9400887 0.3859096 0.2871405
-0.4211875 -0.6595926 0.6324246 0.1647471 0.4832431
-0.3070655 -0.6233101 0.9110057 0.3355591 0.3332602
-0.2260796 -1.447641 0.454724 0.4473635 0.8647828
-0.4427665 -0.6627048 0.5229759 0.11281 0.5515381
-0.367901 -0.6596838 0.4550362 0.2218913 0.5949466
-0.4441546 -0.674256 0.5179161 0.1125224 0.5615681
-0.362787 -0.6706895 0.4307212 0.2292634 0.619105
-0.2189316 -0.6455569 0.315515 0.4780168 0.696051
-0.2725887 -0.6470392 0.4762831 0.3782423 0.5700504
0.1780743 -0.4211548 1.402372 0.826087 0.07992172
-0.4692102 -0.671409 0.7201223 0.1143108 0.4448654
-0.1358387 -0.577661 1.145355 0.5238705 0.2305309
-0.328981 -0.5330778 1.071473 0.3085839 0.2243696
-0.3827793 -0.5677682 0.5727426 0.1965327 0.4593538
-0.1401203 -0.5486226 1.140126 0.5210372 0.214875
-0.3005957 -0.5181844 0.5388502 0.3235011 0.4440322
-0.3016183 -0.5141482 0.5346336 0.3211176 0.4437305
-0.2049643 -0.644706 0.3560458 0.4993172 0.6592549
-0.1250967 -0.6459588 0.3431072 0.6434755 0.6682431
-0.1126885 -0.656806 0.5737371 0.6143572 0.5101495
-0.2430402 -0.6406445 0.9320464 0.4131034 0.3352484
0.08923949 -0.621471 1.219237 0.7406397 0.235478
0.0834416 -1.149508 0.3909682 0.8162609 0.8224983
0.1289884 -1.172735 0.3585108 0.8722004 0.8488706
0.05006595 -0.6434647 0.4921998 0.8832693 0.5498523
-0.2402012 -0.5422602 0.9019754 0.4159192 0.2863353
-0.4639391 -0.6657382 0.5455601 0.08529103 0.5391648
-0.3977907 -0.6638945 0.4871413 0.1784342 0.5753539
-0.3997781 -0.6802951 0.4716534 0.1761577 0.5955731
-0.2356981 -0.6505737 0.3231664 0.4463668 0.6925169
0.001834556 -0.6414928 0.3151458 0.8806574 0.6856267
-0.2309205 -0.4602304 0.967756 0.4252143 0.2080277
-0.2609066 -0.6502782 0.3570497 0.3992953 0.6635013
0.1567164 -0.6452898 0.5008006 1.039357 0.5430886
-0.03545396 -0.6529953 0.3866539 0.7832272 0.6334049
-0.04967326 -0.6498052 1.081967 0.6169047 0.2895465
0.06309758 -0.6588609 1.206563 0.7117337 0.2584757
0.1773132 -0.5401238 1.377772 0.808031 0.1542696
-0.3026811 -0.631799 0.5312835 0.3301485 0.5248553
-0.2974018 -0.4238911 0.5465266 0.3197836 0.3637623
-0.02213933 -0.6474596 0.2823919 0.8497543 0.7200412
-0.1988721 -0.6373748 0.3957681 0.5060518 0.622202
-0.1467918 -0.6136618 1.130745 0.5116891 0.2551255
-0.04953028 -0.6467724 0.719218 0.6756794 0.4265225
-0.3406221 -1.465547 0.3240354 0.3321761 0.9516598
-0.1220573 -1.442937 0.4294181 0.5513987 0.8752829
-0.1683441 -0.6429894 0.2954565 0.5753371 0.7112955
0.03011139 -0.5473537 1.409077 0.663359 0.1508554
0.1482712 -0.5806804 1.136648 0.8253371 0.2353181
0.03042592 -0.6134148 1.172493 0.691006 0.2434994
0.1487911 -1.419464 0.3425556 0.8395621 0.914391
0.04680939 -0.6427679 0.4198305 0.9089242 0.5998935
-0.237056 -0.6109623 0.8128889 0.4231036 0.3646922
-0.352494 -0.5588323 1.25305 0.292441 0.1906167
-0.2410555 -0.4654275 1.022451 0.4110283 0.1947262
-0.2427653 -0.5910987 0.6572982 0.4196739 0.4254636
-0.1992434 -1.391135 0.4647449 0.4742715 0.8460234
-0.3563502 -0.6221049 0.5369922 0.2441593 0.5163024
-0.5088838 -0.67907 0.5815833 0.02908176 0.5254347
-0.4838452 -0.6739876 0.5569549 0.05948716 0.5371583
-0.1643883 -1.466138 0.5045172 0.5040204 0.839453
-0.4331062 -0.6792101 0.5093488 0.129455 0.5698336
-0.07303789 -0.6461455 0.3078168 0.7471673 0.697701
-0.1778991 -0.6669987 0.2491742 0.5626363 0.7700872
-0.3165894 -0.6631209 0.5257783 0.3110158 0.5472578
-0.07093708 -0.6264459 0.2618729 0.7742189 0.7307281
-0.02048366 -0.5389745 1.429022 0.6142967 0.141874
-0.290524 -0.6371654 0.5351164 0.3497858 0.5254201
-0.4095364 -0.6548237 0.5301714 0.1648523 0.5415224
0.08426394 -0.6470811 1.216236 0.7324039 0.2497902
-0.4601883 -0.6649284 0.7106377 0.1235872 0.4457213
-0.3596997 -0.5223979 1.091547 0.2727326 0.2116371
-0.2732649 -0.64761 0.4814281 0.377179 0.566835
-0.1219815 -0.6473092 0.3041551 0.658639 0.7036429
0.1232271 -0.6489331 0.5801649 0.9523599 0.4979048
-0.1837671 -0.5659618 0.9663821 0.4828523 0.2785755
-0.3360373 -0.5732428 0.5155529 0.2680332 0.4983327
-0.1205956 -0.6466767 0.5197425 0.6136354 0.5374792
-0.5074315 -0.6683852 0.5890718 0.0299536 0.5147501
-0.07936822 -0.512163 1.252619 0.5776911 0.1646042
-0.2225265 -0.6468868 0.3746908 0.466427 0.6454883
-0.2276107 -0.6464043 0.4199885 0.4544511 0.6094947
-0.1365756 -0.6564754 0.6850801 0.5641335 0.4497953
-0.2498639 -0.6235638 0.8691804 0.4057416 0.3493067
-0.1429089 -0.5924488 0.92662 0.5340482 0.3086581
-0.4381313 -1.418072 0.3327294 0.2243449 0.9407541
-0.4050569 -1.434328 0.3759111 0.2644145 0.9148173
-0.2228106 -0.6467733 0.3585877 0.4672015 0.6588879
-0.1323678 -0.6528937 0.5452719 0.5906073 0.5253465
-0.07952484 -0.4977719 1.480477 0.5568522 0.1085104
0.1000252 -1.235378 0.3666324 0.8219508 0.8603116
-0.06379488 -0.6451154 0.3535501 0.7484454 0.6567639
-0.07236904 -0.638901 0.348928 0.7366772 0.6574245
-0.2488127 -0.6420459 0.839939 0.4079174 0.3719306
-0.3400384 -0.5642583 0.5156313 0.2599274 0.4922802
-0.2306391 -0.6299972 0.7877251 0.432354 0.3869301
-0.2557133 -0.5202444 0.9060308 0.395409 0.2703306
-0.5697781 -1.4432 0.409731 0.09694346 0.9009798
-0.1751755 -1.438334 0.4705851 0.496564 0.8523868
-0.440493 -0.6721902 0.508302 0.1157843 0.5667079
-0.3368935 -0.6502723 0.2697641 0.252361 0.7478628
-0.3481911 -0.6491978 0.2758943 0.2307402 0.7416042
-0.3153841 -0.6506219 0.2594903 0.2938685 0.7575729
-0.4896163 -0.6649883 0.569437 0.05105957 0.5243251
-0.3988572 -0.6582345 0.4663306 0.1720073 0.5867578
-0.1359613 -0.6329678 0.2345813 0.653942 0.765649
-0.3113213 -0.6505868 0.4068479 0.311745 0.6245334
-0.3085275 -0.669205 0.3691854 0.3164861 0.6654537
-0.3375032 -0.6135781 0.5135584 0.2710718 0.5258399
-0.3655265 -0.6682103 0.4369749 0.225033 0.6130814
-0.02484231 -0.6766238 0.3270944 0.8155992 0.6951442
-0.8184207 -0.9878185 1.344022 -0.06779766 0.3696493
-0.04526247 -0.6280951 0.298332 0.8075351 0.6952664
-0.1517633 -0.6479257 0.3018526 0.6041999 0.707318
-0.3272339 -0.6495907 0.4435937 0.2870327 0.5963951
-0.1344032 -0.6526705 0.5720162 0.5834012 0.5091344
-0.8217049 -1.242578 1.388126 -0.0146119 0.4465477
-0.1472526 -0.6298212 0.3749773 0.6000643 0.632921
-0.3925682 -0.4778932 0.5859489 0.1626708 0.385991
-0.05625106 -0.6298617 0.5294012 0.7127569 0.5200973
-0.4034312 -0.6382574 0.6043651 0.1826066 0.4861377
-0.2403284 -0.6325065 0.5299668 0.4281777 0.5248976
-0.1861014 -0.6444738 0.7904319 0.4893853 0.3939245
-0.3608211 -0.5175261 1.098243 0.2713672 0.2066134
-0.1138848 -0.6072674 1.054953 0.5541128 0.2742645
-0.3652444 -0.5615169 1.241239 0.2786941 0.1950628
-0.1494792 -0.635696 0.2618056 0.6196743 0.7394406
-0.3896089 -1.452498 0.3690745 0.2817323 0.9221026
-0.03185913 -0.5708162 1.258352 0.6205878 0.1974733
