-0.1329486 -0.009851102 0.01988514 
0.99946 1
0.99946 0
0.0005400776 1
0.0005400777 0
204
-0.01922907 -0.6385817 1.207462 0.4495926 0.2726949
-0.2171978 -0.5013514 1.315277 0.2206821 0.1642115
-0.2678945 -0.4780332 1.351084 0.1619268 0.1411173
-0.2592375 -0.511957 1.632447 0.1890451 0.1051731
-0.1817613 -0.463191 1.347183 0.2568398 0.1319054
-0.2817646 -0.6635029 0.872539 0.1426293 0.4169351
-0.2596631 -0.6576357 0.8245726 0.1682222 0.4354233
-0.02554948 -0.635603 1.215493 0.4420734 0.2687861
-0.2848161 -0.6438361 0.9264951 0.1393037 0.381308
-0.2538884 -0.5662478 0.9357897 0.1671516 0.3273136
-0.2492422 -0.6549637 0.7952248 0.180519 0.4480752
-0.1433651 -0.6806427 0.913629 0.3273274 0.4039748
-0.1023211 -0.6426401 1.143859 0.3635148 0.2959141
-0.06036788 -0.596489 1.31539 0.3969271 0.2199111
0.1289939 -0.5898258 1.231778 0.6062388 0.2359247
-0.2693822 -0.5612305 0.935699 0.1447093 0.3243998
0.0008535087 -0.6212253 1.278752 0.463722 0.2426854
-0.0429835 -0.5789135 1.322718 0.414221 0.2078063
0.0768854 -0.6019564 1.075192 0.5764294 0.2911023
-0.07405207 -0.6091414 1.237638 0.3878973 0.2482018
0.05075599 -0.6286477 1.339659 0.5072948 0.230274
-0.1897849 -0.6819591 0.8703374 0.2682746 0.4254844
0.1220241 -0.6730845 1.027382 0.6305718 0.3476192
-0.213228 -0.668133 0.9786875 0.2377803 0.3720058
0.073805 -0.6316963 1.087473 0.5683519 0.304544
-0.2635768 -0.5702062 0.9359498 0.1545366 0.3301376
-0.2635714 -0.5705326 0.9368563 0.1546784 0.3299828
0.3840778 -0.5932139 1.331445 0.8391029 0.2093136
0.3957938 -0.576822 1.344786 0.849844 0.1969718
0.3603281 -0.5885306 1.31994 0.8203306 0.209751
0.1902859 -0.620945 1.196235 0.6745706 0.2627661
0.1051596 -0.600028 1.045822 0.6153069 0.2992712
0.17654 -0.5860074 1.094329 0.6882417 0.2734733
-0.2065024 -0.6708145 0.9763483 0.2464267 0.3742903
0.1539944 -0.6056359 1.191188 0.6390911 0.2560791
0.4267756 -0.5755684 1.367286 0.8729734 0.1908005
0.3735237 -0.599342 1.299076 0.8370419 0.2207338
0.4318855 -0.5689791 1.414256 0.8651851 0.1766948
-0.02592795 -0.651374 1.184733 0.4445487 0.2867006
0.116304 -0.6613167 1.028873 0.6250742 0.3406488
0.418509 -0.5315 1.38369 0.8696749 0.1624006
0.3945639 -0.570888 1.270585 0.872719 0.2116693
-0.2167945 -0.6690232 0.8059075 0.2291441 0.4497831
-0.1219559 -0.6809884 0.8112036 0.3604542 0.4503967
0.3729706 -0.5753987 1.254302 0.8551297 0.2186419
0.4014537 -0.5713497 1.235525 0.8910458 0.2208599
0.004529998 -0.627673 1.264723 0.4689091 0.2500255
0.3591004 -0.5164519 1.32945 0.8308334 0.1660599
0.4995 -0.5759419 1.287331 0.9693371 0.2092597
0.5079345 -0.4591494 1.397144 0.9696308 0.1163192
-0.2094282 -0.576399 0.947494 0.2299979 0.3281112
0.4825748 -0.576416 1.275949 0.9567751 0.2125222
0.5044731 -0.5810663 1.344762 0.9524524 0.1983284
0.3747852 -0.5988723 1.191425 0.8717909 0.2489179
0.4769474 -0.5793198 1.315173 0.9367967 0.2046133
-0.08658485 -0.6788945 0.5866285 0.4332697 0.5770976
0.06611967 -0.5882708 1.090696 0.5622658 0.2779866
0.06732595 -0.6766026 0.6507491 0.6532663 0.5261074
-0.08506855 -0.6800361 0.7169754 0.4197999 0.4974737
0.01348639 -0.6816691 0.8730764 0.5299211 0.4170494
0.4935635 -0.5798172 1.379885 0.9307601 0.1897143
0.4892548 -0.5758668 1.370356 0.9308254 0.1897371
0.1968426 -0.4350017 1.477344 0.6447389 0.0866915
0.353071 -0.6043143 1.206342 0.8434798 0.2481548
0.05440742 -0.6420066 1.278845 0.5180901 0.2533507
0.3268753 -0.6630851 1.177038 0.8133535 0.2892363
0.4445645 -0.5731544 1.252821 0.9281731 0.2169274
-0.01322258 -0.675868 0.4699934 0.5775692 0.6571254
0.0610113 -0.6756725 0.5675063 0.6694528 0.5790539
0.1544204 -0.6758791 0.7058915 0.7587036 0.4900385
0.009796709 -0.676459 0.513402 0.6040132 0.6216909
-0.07323415 -0.6486133 1.139821 0.3964915 0.3000261
0.3835392 -0.6568094 1.138475 0.8845591 0.2964218
0.3833878 -0.6560482 1.137539 0.8849007 0.2962973
-0.07699531 -0.6757023 0.3987919 0.480651 0.7251044
0.337547 -0.5006741 1.33272 0.8113 0.1559758
0.3385385 -0.5026437 1.336673 0.8107726 0.1562757
0.1675033 -0.5593707 1.225039 0.6517759 0.2193782
0.3785536 -0.5930254 1.195878 0.8755893 0.2442899
0.3757805 -0.671701 0.9983889 0.9224781 0.3510846
-0.2886371 -0.6794176 0.8471695 0.1342143 0.4384779
-0.3044281 -0.6750551 0.8638688 0.1134077 0.4285951
-0.09266537 -0.6026688 1.300293 0.3642298 0.2277189
0.3001154 -0.6816262 1.033636 0.8249718 0.345834
0.5031505 -0.5783958 1.193887 1.008004 0.2347708
0.479629 -0.5834194 1.158144 0.9966738 0.2479332
0.4982823 -0.5642615 1.19247 1.007975 0.2270114
0.0746652 -0.6600312 1.292005 0.535891 0.2591862
0.48501 -0.583036 1.357873 0.9292083 0.1965512
0.4918633 -0.5811234 1.183408 0.9998432 0.2393611
-0.02857608 -0.6793712 0.4451277 0.5571589 0.6811303
0.1100011 -0.6818085 0.6268569 0.7221015 0.5413238
-0.2477572 -0.6640469 0.8198095 0.1857266 0.4411436
-0.05855307 -0.5656597 1.340303 0.3964834 0.1959278
-0.2380048 -0.679477 0.9311191 0.206636 0.3988519
0.4352099 -0.6567049 1.016083 0.9848297 0.3351409
0.2091663 -0.6311479 1.114007 0.7127042 0.2930098
0.05277166 -0.6770521 0.4749599 0.6877064 0.6486399
0.09908526 -0.6729136 0.5611904 0.7313154 0.5793861
0.00631991 -0.6775886 0.4155901 0.6279804 0.7029871
0.01905482 -0.6379887 1.330185 0.4765559 0.2381148
-0.2522607 -0.6611584 0.891461 0.1832273 0.4059346
-0.3073148 -0.6683145 0.9883913 0.1205722 0.3709018
-0.3076546 -0.656904 0.8626416 0.1048371 0.418518
0.07472336 -0.7035717 1.002264 0.5788732 0.3747367
-0.1728506 -0.6402838 0.64486 0.2895724 0.520735
-0.07922088 -0.6381207 1.190396 0.3861514 0.2785125
0.0823216 -0.6769618 0.5451677 0.7101299 0.5939077
0.1463944 -0.6782317 1.027542 0.6573914 0.3498142
-0.04032869 -0.5604095 1.385566 0.4119729 0.1819523
0.08632815 -0.6738598 0.468052 0.7474356 0.6497687
0.04865406 -0.6733515 0.5367411 0.6603878 0.600043
0.1271458 -0.6726808 0.5201008 0.7920641 0.6063896
0.3790454 -0.6664367 1.006659 0.9243875 0.3451514
0.4356744 -0.6250474 1.029931 0.9896041 0.3125134
-0.2453877 -0.6781324 0.917357 0.1963347 0.4042256
-0.2972733 -0.5497567 0.9884149 0.1090872 0.296597
-0.09768414 -0.6505864 1.147965 0.3687861 0.2990046
-0.246406 -0.6687308 0.6643384 0.1786266 0.5299096
-0.2551746 -0.6775879 0.5164434 0.1534989 0.6394942
0.2257857 -0.6208532 1.126431 0.7291905 0.2829614
0.0781121 -0.6875643 0.8804179 0.608635 0.4150025
0.4362711 -0.5535612 1.414659 0.8724086 0.1680728
0.03375855 -0.6767325 0.4000744 0.68296 0.7140984
0.414108 -0.6301965 1.131128 0.9254697 0.2834907
-0.3037992 -0.5709912 0.9758583 0.1035492 0.3157229
0.3244597 -0.6750269 0.8683304 0.9140783 0.4051391
-0.2186485 -0.6567906 0.6414992 0.2189291 0.5355719
0.1709546 -0.6754972 0.581093 0.8318863 0.5632198
0.1252606 -0.6161639 1.217348 0.6025544 0.2550325
0.4267967 -0.5745738 1.229922 0.9179162 0.223888
0.3443255 -0.676397 1.055592 0.8666221 0.3344414
0.4313799 -1.089989 0.819961 0.9326608 0.607245
-0.243095 -0.5252431 0.9709579 0.1769945 0.2852192
0.1633382 -0.6835851 1.021369 0.6771176 0.3545575
0.2044597 -0.6885554 0.9528783 0.7409166 0.381887
0.1641403 -0.6679897 0.812666 0.7377665 0.4313461
0.05261734 -0.6811167 0.4660121 0.6898457 0.6581247
0.06822073 -0.6929999 0.5533414 0.6819646 0.5982219
0.115609 -0.6827105 0.6961008 0.7069779 0.5011445
0.08759548 -0.6213627 1.194667 0.5661415 0.2650548
-0.03505739 -0.6848844 0.3577152 0.5688587 0.7659114
-0.1930903 -0.6800678 0.5774796 0.2624233 0.5909005
-0.2165607 -0.5514519 0.9899201 0.2181815 0.2953541
-0.1562919 -0.6766569 0.6474076 0.3191965 0.5402123
-0.1417268 -0.6033875 1.120692 0.3171307 0.2812003
-0.1353631 -0.6788759 0.6792786 0.3494758 0.520955
-0.2437644 -0.5419909 1.331139 0.1968246 0.1858194
-0.1400566 -0.4711172 1.370955 0.303624 0.1315947
0.1177389 -0.6588443 1.340418 0.5712931 0.2453223
0.02031782 -0.6678923 0.3291574 0.688749 0.7806489
-0.2526448 -0.5643504 1.017846 0.1739147 0.2943299
-0.2508579 -0.5558066 1.00298 0.1738707 0.2941417
-0.2507694 -0.6786392 0.6013986 0.1689397 0.5771142
-0.2907416 -0.5523953 0.9610016 0.1156855 0.3088274
0.16574 -0.4448139 1.466762 0.6146184 0.09477675
-0.240742 -0.672529 0.5385429 0.1794197 0.6183103
-0.2588403 -0.4576986 1.002472 0.1443324 0.224901
0.06160975 -0.6796671 0.5570112 0.6730527 0.5885305
-0.1983797 -0.6796567 0.3767314 0.2506486 0.760941
-0.2265571 -0.6780718 0.9732115 0.222335 0.3802778
-0.1649987 -0.6584522 0.6561243 0.3036806 0.5244106
-0.2581455 -0.6728903 0.9812958 0.1825377 0.3749771
-0.2929766 -0.6400402 0.9721609 0.1318595 0.3603241
-0.2537978 -0.6619675 0.6847371 0.1672844 0.5137681
-0.2492861 -0.6806796 0.3208685 0.1430154 0.8276184
-0.1426359 -0.6794858 0.312863 0.3653815 0.8232567
-0.2772221 -0.505307 0.972379 0.1254784 0.2712992
-0.2763237 -0.5019243 0.965955 0.1253633 0.2712711
-0.1704009 -0.6772966 0.3251348 0.3070775 0.8116114
-0.09690808 -0.6776272 0.3716676 0.4480667 0.7544704
0.08364952 -0.6794149 0.5935021 0.6948301 0.5625329
-0.285657 -0.6300555 0.7018809 0.1118994 0.4853922
-0.2807842 -0.6730418 0.518142 0.1072666 0.6374626
-0.1527954 -0.6810338 0.3015927 0.3454459 0.8382618
-0.2550351 -0.660514 0.6274469 0.1602377 0.5490572
-0.2703111 -0.6745394 0.9664411 0.1666441 0.3822793
0.1860819 -0.6613139 0.7432535 0.791685 0.4604909
0.05788556 -0.6466857 1.203975 0.5316629 0.2769461
-0.06800341 -0.6800492 0.40207 0.4964274 0.7235353
-0.2824309 -0.6841301 0.5159861 0.1072332 0.6456876
-0.07807362 -0.6919027 0.6916704 0.4328747 0.5183293
0.04447648 -1.146161 0.4398017 0.612778 0.8624671
0.0316816 -0.7163594 0.4668579 0.6477359 0.6782269
-0.2246573 -0.6799552 0.2981473 0.1928839 0.8509128
-0.1590285 -0.6783124 0.3260652 0.3305041 0.8097494
0.023967 -0.6704939 0.4721535 0.6413099 0.6493942
0.09874903 -1.144734 0.3570962 0.7019064 0.9198849
0.09551513 -1.219863 0.3885149 0.6772372 0.9146729
-0.2365421 -0.6667559 0.8673562 0.203964 0.4196514
-0.2339758 -0.6487085 0.8443463 0.2035893 0.4195322
-0.2212295 -0.6915922 0.2876358 0.2024078 0.8686756
-0.2675129 -0.6927715 0.3291474 0.1098967 0.8263246
0.004003346 -0.6841212 0.3554872 0.6434615 0.7637084
0.1202545 -1.143058 0.3820453 0.7221603 0.8982516
-0.307191 -0.6613187 0.6522782 0.07913265 0.5364177
-0.247817 -0.6555206 0.619794 0.1702589 0.5506746
-0.1984544 -0.6825475 0.273258 0.2489818 0.8792568
-0.002183571 -0.6742228 0.3479414 0.6364435 0.7668222
-0.3191374 -0.5976224 0.5644663 0.02149013 0.5572261
0.4718875 -0.573261 1.109736 1.011813 0.2561942
-0.1622722 -0.6381721 0.6495535 0.3060457 0.5158938
-0.340419 -0.615634 0.5610633 -0.01139569 0.5731425
0.5461868 -0.5710998 1.21596 1.044771 0.2241339
