-0.7154901 0.04010519 0.3261814 
0.99946 1
0.99946 0
0.0005400776 1
0.0005400777 0
394
-0.2327847 -0.4819787 0.9508106 0.764328 0.3949076
0.1412253 -0.5852764 1.221866 0.9365443 0.3122619
0.1315963 -0.6637325 1.013021 1.052749 0.422318
0.1428705 -0.6158609 1.222558 0.9296729 0.3283325
0.1125531 -0.5883778 1.028652 1.049285 0.3781216
0.08750337 -0.5933642 1.061891 0.9979801 0.3727692
0.07909316 -0.5775815 1.082018 0.9798502 0.3580374
-0.007948697 -0.6360233 1.198711 0.8048345 0.3633085
-0.02930403 -0.5779612 1.319283 0.7258979 0.2989342
-0.07154155 -0.5445462 1.270215 0.7182172 0.2981547
-0.1474648 -0.4770964 1.583009 0.4999035 0.1893357
-0.2047753 -0.4941283 1.305747 0.5688954 0.2717194
-0.2547067 -0.4711589 1.340607 0.4991738 0.2525429
-0.2442681 -0.5512866 0.9186761 0.758718 0.4587286
-0.3288939 -0.6076368 0.9977307 0.5897111 0.4718476
-0.0508014 -0.5729271 1.301363 0.7163953 0.3033052
-0.2780192 -0.5381675 1.317466 0.4828655 0.3031174
-0.2401202 -0.5518923 1.305638 0.528089 0.3105454
-0.3399966 -0.4109714 0.5688542 1.051655 0.6178104
-0.4116963 -0.5490406 1.601242 0.2403095 0.246842
-0.365491 -0.6575785 0.4251896 1.055594 0.9408051
-0.2483242 -0.5115794 1.617761 0.3920647 0.2090532
-0.2440724 -0.5109667 1.623286 0.3941164 0.2072216
-0.3485047 -0.6564136 0.5199317 0.959815 0.8294286
-0.3765202 -0.6567244 0.4216439 1.042502 0.9504743
-0.4340305 -0.6612272 0.5703387 0.765411 0.8180875
0.1481847 -0.6063694 1.215867 0.9410415 0.3246166
-0.3367734 -0.6105126 0.9910355 0.5837862 0.4781497
-0.1165457 -0.4771564 1.572975 0.5326709 0.189237
-0.4556615 -0.6589034 0.6476593 0.6590872 0.755188
-0.4514858 -0.6599363 0.6496805 0.6637406 0.7525215
-0.3818671 -0.6216862 0.5457285 0.8919523 0.8001407
-0.2670717 -0.5376407 1.193825 0.5562542 0.3411354
-0.3462071 -0.4102232 0.5720193 1.03558 0.6165868
-0.4300561 -0.6612279 0.4886426 0.8613313 0.900983
-0.4416696 -0.6593199 0.5005339 0.8283069 0.892417
-0.4437511 -0.658516 0.4832688 0.8451272 0.9124748
-0.4562338 -0.662746 0.5160978 0.7845833 0.8837821
-0.4691173 -0.6587834 0.5221273 0.7570646 0.8813654
-0.4692643 -0.6604841 0.5110548 0.7681926 0.8943636
-0.4248318 -0.660491 0.4879621 0.8713934 0.8989131
-0.3630561 -0.4328774 0.5276515 1.058241 0.6876703
-0.3770491 -0.6233006 0.5405265 0.9052174 0.8041081
-0.3648524 -0.5644466 0.5249561 0.9746476 0.7816206
-0.4672971 -0.6656852 0.5063715 0.7750154 0.9009972
-0.3825333 -0.5577804 1.249064 0.397017 0.3495679
0.1840349 -0.5781846 1.076549 1.081189 0.3470396
0.3688723 -0.5834011 1.303486 1.070109 0.2685862
-0.2540935 -0.5580947 0.9204997 0.7434316 0.4640908
-0.2501473 -0.5581124 0.9221452 0.7471405 0.462534
-0.3802653 -0.5363644 1.115475 0.4632342 0.3856077
-0.4704254 -0.6567543 0.5276269 0.7495755 0.8750718
-0.3439442 -0.4406936 0.514249 1.111089 0.6997134
-0.2227092 -0.6614891 0.9402293 0.7453487 0.509612
-0.2303618 -0.5123117 1.613878 0.4103716 0.2089478
-0.008119464 -0.597107 1.20117 0.8109365 0.3414601
-0.255458 -0.532434 1.310704 0.5103292 0.2991871
-0.4971598 -0.6658049 0.7893337 0.4889598 0.6631379
-0.05906355 -0.6424182 1.175134 0.769495 0.3806396
-0.4171264 -0.5224783 1.597464 0.2331216 0.2331551
-0.5112519 -0.6619631 0.5482718 0.6556818 0.8740697
-0.4883793 -0.6586634 0.4973988 0.7496974 0.9182932
-0.2613623 -0.5417457 1.160703 0.5805248 0.3545133
-0.3870469 -0.5458341 1.548292 0.2808706 0.2557047
-0.3885057 -0.5475391 1.551863 0.2784095 0.2559175
-0.01744282 -0.649875 1.175499 0.8072882 0.3792077
-0.4107007 -0.6014708 0.5849879 0.808175 0.7629944
-0.2703651 -0.5625492 0.9350191 0.7111909 0.4629911
-0.4186645 -0.6625957 0.5968275 0.7633914 0.7880355
-0.5180864 -0.6618251 0.574039 0.6196389 0.8501078
-0.713043 -1.188332 1.279102 0.1062249 0.6670653
-0.4876159 -0.6665156 0.550992 0.6933334 0.8627356
-0.4277868 -0.6564746 0.4733661 0.8857664 0.9150817
-0.3423623 -0.5298522 1.090065 0.5246971 0.3857512
-0.4689221 -0.6641142 0.7083799 0.5884334 0.7130777
0.1007764 -0.6124972 1.043837 1.017982 0.3879758
-0.5323318 -0.6613914 0.5907352 0.5799953 0.8391154
-0.4251016 -0.4655819 0.6351726 0.7750186 0.6326421
-0.4262938 -0.5847433 0.6239686 0.7467463 0.7235562
-0.4290631 -0.5832137 0.6234449 0.7430829 0.7241443
-0.4068432 -0.5557225 1.781152 0.1982458 0.2108113
-0.4059293 -0.5687147 1.811384 0.1932992 0.2115083
0.3540356 -0.4247957 1.377261 1.057184 0.1655809
-0.01026219 -0.5879455 1.318041 0.742533 0.3028028
-0.4084494 -0.584131 0.5882498 0.8146218 0.7490187
-0.4319294 -0.5538884 0.6298594 0.7401894 0.701395
-0.271318 -0.5286805 0.934396 0.7171118 0.4415488
-0.4458236 -0.65944 0.4829333 0.8415205 0.9142911
-0.423672 -0.6604145 0.4819038 0.8806781 0.9051118
-0.5096166 -0.6644496 0.5680555 0.6394264 0.8538092
0.08551544 -0.6197999 1.074271 0.9786142 0.3835166
-0.4149336 -0.6614919 0.5960206 0.7704008 0.7867777
-0.4108738 -0.664584 0.5979321 0.7739857 0.7850928
-0.4322967 -0.6695831 0.603817 0.7331817 0.7904663
-0.4894175 -0.6659958 0.792987 0.4980724 0.6584921
0.07140672 -0.663592 1.253188 0.838281 0.3520092
-0.429219 -0.5451238 1.804487 0.1706067 0.2021285
-0.4051751 -0.5473447 1.796176 0.1952182 0.2032864
-0.01318192 -0.6329725 1.202525 0.7982656 0.3611195
0.07978165 -0.5749826 1.099026 0.9687038 0.3508205
-0.3876988 -0.5185883 1.617422 0.256785 0.2239093
-0.4081759 -0.5637786 0.5862596 0.8249372 0.7385787
-0.4018077 -0.579295 0.5787442 0.8383172 0.7525164
-0.4354524 -0.6666452 0.6279783 0.706638 0.7688144
-0.4288892 -0.632167 0.6174358 0.7356212 0.7573928
-0.3811746 -0.6614992 0.552508 0.8688072 0.8138539
-0.4272413 -0.6115065 0.6135076 0.7479271 0.7488312
0.1919111 -0.4183947 1.463473 0.8691708 0.1556233
-0.5863298 -1.078989 1.18557 0.2372254 0.6478805
-0.5149159 -0.6614446 0.5735609 0.6256877 0.8490331
-0.1647846 -0.6664224 0.9964162 0.7704273 0.4764914
-0.283206 -0.5239716 1.635719 0.3533437 0.2147602
-0.5895522 -1.081983 1.178873 0.2362131 0.6523621
-0.5632154 -0.5608556 1.938411 0.02220806 0.1936684
-0.1334621 -0.4589192 1.370927 0.6122499 0.2253504
-0.41558 -0.61136 0.6029308 0.7778423 0.7538854
-0.3887628 -0.609189 0.55857 0.8710803 0.7836895
-0.2797539 -0.5350631 1.200132 0.5387321 0.3390308
-0.2697182 -0.5295964 0.9262971 0.7251352 0.4457725
-0.2591349 -0.4866091 0.9758564 0.7100845 0.3915076
-0.2752313 -0.5229302 0.9392043 0.7095794 0.4361505
-0.4457328 -0.7663608 1.071518 0.4064472 0.544525
-0.3280845 -0.4163022 0.5375406 1.121092 0.6485133
-0.468269 -0.7663158 1.083034 0.3754307 0.5434138
-0.7238785 -1.316399 1.28469 0.1141156 0.70491
-0.02022135 -0.6265292 1.163044 0.8170877 0.3711507
-0.2784752 -0.5001532 0.9614323 0.6931486 0.410841
-0.4209862 -0.418721 0.6138579 0.8275346 0.6132112
-0.4177521 -0.4199466 0.6154952 0.8311778 0.6114497
-0.2343264 -0.4514519 1.625206 0.4014561 0.1718109
-0.3971165 -0.5489773 1.619895 0.2495207 0.2411991
-0.1643248 -0.4443035 1.575944 0.4877921 0.1726587
-0.4143157 -0.4182832 0.611002 0.8445061 0.6129495
-0.1479427 -0.4343101 1.576474 0.5034785 0.1654247
-0.3583938 -0.5774477 0.5227569 0.9813467 0.788672
0.02007598 -0.5947672 1.271244 0.7955141 0.3163394
-0.1648326 -0.5009408 1.298716 0.6139463 0.2737684
-0.175328 -0.4356585 1.606902 0.4649296 0.1620613
-0.4470151 -0.6630749 0.7480194 0.5918607 0.6761234
-0.06563103 -0.4765675 1.354955 0.6862667 0.2342205
-0.04650825 -0.474425 1.350462 0.7076734 0.2323233
-0.09298891 -0.4475856 1.342728 0.6696748 0.2216466
-0.1323943 -0.4325014 1.577881 0.5177044 0.1630176
-0.2295828 -0.5290246 1.594873 0.4181915 0.2222941
-0.2504539 -0.4698473 1.332291 0.5078554 0.2535822
-0.4268064 -0.5715997 1.78731 0.1800686 0.2193027
-0.3150392 -0.4173729 0.5591402 1.108511 0.6226612
0.1102146 -0.6133714 1.231899 0.8959392 0.3278671
-0.1112592 -0.4511087 1.346535 0.6486184 0.2245647
-0.1039812 -0.4614125 1.368726 0.6428168 0.2248452
-0.4583508 -0.7758517 1.073416 0.3913156 0.5505872
-0.3803102 -0.5167093 1.613665 0.2651518 0.2230923
-0.5938596 -0.7860656 1.18129 0.1953092 0.5317622
-0.1837487 -0.4606463 1.350813 0.5705602 0.2361976
-0.3644224 -0.5421177 1.324295 0.385336 0.3132682
-0.06920624 -0.6418077 1.112203 0.7984723 0.4032171
-0.1365451 -0.4726245 1.298406 0.6465964 0.2532945
-0.2453255 -0.5430644 0.9237888 0.7553094 0.4511479
-0.2809301 -0.471531 1.344634 0.4685488 0.2543047
0.1572208 -0.6019673 1.202164 0.9590966 0.3251938
0.1534679 -0.6023235 1.201017 0.9564992 0.3261216
-0.3525693 -0.4448942 0.5920892 0.9722106 0.6285701
-0.3591772 -0.5394989 0.5232798 1.001114 0.765714
-0.4263388 -0.4959942 0.6324033 0.7654283 0.6580265
-0.4188753 -0.475177 0.6081074 0.8149981 0.6623974
-0.1918676 -0.43597 1.628509 0.4407547 0.1591369
-0.2888607 -0.5193065 1.644764 0.3448008 0.2106647
-0.2724759 -0.6268762 1.007118 0.6493229 0.4685632
-0.4062242 -0.424446 0.6214936 0.8436099 0.6052697
-0.4740373 -0.6511393 0.7866696 0.5258365 0.6502455
-0.3077788 -0.5426249 1.339868 0.440863 0.3024065
-0.5876753 -0.5542781 1.934933 -0.00145787 0.1924949
0.1226443 -0.6124395 1.170192 0.9472795 0.3441014
0.1287613 -0.6133504 1.173712 0.9500905 0.3428295
-0.1319568 -0.6711048 0.8876098 0.8838885 0.5225423
-0.4159456 -0.5209255 1.66261 0.2159716 0.2173937
-0.1239146 -0.4679615 1.407145 0.6025243 0.2212254
-0.3515292 -0.4533857 0.587814 0.9751382 0.6387762
-0.2168491 -0.4622023 1.348833 0.536406 0.2408624
0.1310891 -0.5880933 1.136252 0.9853373 0.3401597
0.02330768 -0.6271847 1.227 0.8183457 0.3462771
-0.3404207 -0.4180203 0.5495437 1.076665 0.6429409
-0.3522235 -0.4245827 0.5681279 1.020583 0.6347835
-0.4197674 -0.5872605 0.7697122 0.6264894 0.6089295
-0.214009 -0.4369213 1.641709 0.4146772 0.1585951
-0.4240807 -0.4281309 0.6223106 0.8067138 0.6143265
-0.3970552 -0.4374987 0.6391851 0.8328254 0.5968277
-0.2807998 -0.543777 0.9467638 0.6929047 0.4473137
-0.3144142 -0.676688 0.9986815 0.5995181 0.5077577
-0.4217317 -0.4867401 0.6074686 0.8059115 0.6725835
-0.4127044 -0.46054 0.5987041 0.8444356 0.6579009
-0.403325 -0.6345267 0.5804951 0.8134464 0.7824556
-0.4064479 -0.6344981 0.5801693 0.8087528 0.7839719
-0.4195464 -0.5593749 0.6086631 0.7821418 0.7193745
-0.397564 -0.6103746 0.5770714 0.835288 0.7702392
-0.4008522 -0.6100998 0.576479 0.8306334 0.7719512
-0.4250514 -0.6525614 0.7193617 0.6478184 0.6846003
-0.4044212 -0.5295547 1.566774 0.2559364 0.2434415
-0.2228202 -0.5302485 1.280545 0.5600004 0.3032688
0.008611441 -0.6305875 1.197836 0.8218051 0.3587052
-0.2704638 -0.5667129 0.9428443 0.704599 0.4618577
-0.2718036 -0.5081452 0.9470173 0.7110739 0.4218178
-0.3389225 -0.5966799 1.295032 0.4267024 0.3514147
0.1811289 -0.5123653 1.480844 0.8315043 0.2065997
-0.1176908 -0.4155466 1.572376 0.5347525 0.1528202
-0.5090791 -0.6588563 0.4696181 0.7424557 0.9625491
-0.4914073 -0.6617557 0.5257595 0.7132552 0.8891717
-0.4531659 -0.6673766 0.8338729 0.5239165 0.6224252
-0.3116993 -0.4838727 1.371252 0.4227811 0.2578581
-0.4185759 -0.6568702 0.4751827 0.8992453 0.9086553
-0.1647624 -0.4768825 1.629532 0.4654774 0.1810344
0.02454209 -0.3722239 1.461972 0.7285957 0.1377861
-0.2663642 -0.5118748 1.687955 0.3515345 0.1960184
-0.2396891 -0.6053075 0.9320679 0.7425817 0.4846932
-0.3276169 -0.5545531 0.9776648 0.6098803 0.448364
-0.5629224 -0.5795168 1.502314 0.1104947 0.3042815
-0.25581 -0.4950408 1.327343 0.5034612 0.2714687
-0.2767325 -0.6680012 0.9725341 0.6604563 0.5081798
-0.007195711 -0.6198004 1.214684 0.7990955 0.3495873
-0.4121044 -0.476378 0.5920264 0.8470132 0.675972
-0.2917417 -0.5047456 0.5409145 1.113192 0.6970868
-0.3873169 -0.5684114 0.5528311 0.898345 0.7653366
-0.3633591 -0.560348 0.5301639 0.9725266 0.7731839
-0.4188318 -0.6229873 0.5956842 0.7762818 0.7682232
-0.4154094 -0.4420187 0.6074216 0.8363593 0.6362022
-0.4032355 -0.5144175 0.5793414 0.8622348 0.7115263
-0.3375595 -0.4130148 0.5461323 1.091459 0.6410052
-0.1794709 -0.4539302 1.622889 0.4545739 0.1700486
-0.5259794 -0.6668035 0.6717364 0.5253063 0.7640401
-0.4290768 -0.617712 0.6159618 0.7407249 0.7508052
-0.4064615 -0.4869655 0.5895291 0.8558864 0.6838154
-0.5262458 -0.6570175 0.5790015 0.6016181 0.8462431
-0.7009573 -1.349444 1.291067 0.1376027 0.7077795
-0.2618349 -0.4805088 0.9218738 0.7498474 0.4126393
-0.234673 -0.5595909 1.103155 0.6425304 0.3829266
-0.3453584 -0.5668675 1.549784 0.3237174 0.2633311
-0.5955949 -0.5617934 1.302725 0.1197316 0.3618306
-0.5559348 -0.586957 1.500774 0.119936 0.3081852
-0.2988001 -0.4671129 1.320311 0.4599806 0.2601887
-0.5976678 -0.57198 1.294728 0.1213472 0.3712419
-0.434204 -0.5567201 1.099391 0.4028266 0.4139254
-0.5743414 -0.6067185 1.922865 0.02280861 0.22056
-0.1620902 -0.459249 1.349149 0.5941428 0.2337174
-0.501642 -0.6692047 0.8190938 0.4636388 0.6459934
-0.6227276 -0.572509 1.194066 0.1175018 0.4149411
-0.4402634 -0.5563297 1.330667 0.2976804 0.3288221
-0.3534701 -0.5709024 1.103393 0.5017275 0.4079282
-0.3703607 -0.5725771 1.076772 0.4952396 0.4227937
-0.0003006458 -0.3371298 1.472213 0.7043531 0.114135
0.01619148 -0.3365209 1.465572 0.7241157 0.1139858
-0.28715 -0.707053 1.029698 0.6095613 0.5048055
0.2033988 -0.4187458 1.436295 0.8952628 0.1603344
0.01184839 -0.3305038 1.471086 0.7177222 0.1091518
-0.4352714 -0.5616848 0.6243643 0.7378366 0.7124972
-0.416277 -0.6347321 0.5941385 0.7783214 0.7750133
-0.4297993 -0.4561142 0.6390135 0.7651745 0.6236459
-0.4259987 -0.6236805 0.6048722 0.7550466 0.7629572
-0.4224045 -0.4272717 0.6094059 0.8267835 0.6251076
-0.4260543 -0.4749002 0.6176175 0.7903832 0.6560701
-0.4251296 -0.5708762 0.6173514 0.759667 0.7206804
-0.3621428 -0.5345693 0.5249515 0.9965249 0.76218
-0.3355519 -0.4157 0.5938113 1.018475 0.596753
-0.1859235 -0.4600645 1.637786 0.442821 0.1711465
-0.7087023 -0.62639 1.290256 -0.007609606 0.4216133
-0.5835479 -0.676824 1.174676 0.1937312 0.4772524
-0.597403 -0.6775787 1.175771 0.1760949 0.4795832
-0.6051486 -0.7847618 1.174456 0.1838967 0.5361369
-0.4016502 -0.5207273 1.671885 0.2276102 0.2141608
-0.2077701 -0.4943889 1.629015 0.4258006 0.1940666
-0.4862893 -0.6658481 0.7226375 0.5509695 0.7086027
-0.5324054 -0.6606072 0.5863833 0.5837333 0.8431507
-0.4421726 -0.6676635 0.7477075 0.5986282 0.677393
-0.3825693 -0.6248064 0.5494361 0.8851527 0.7984752
-0.2978626 -0.5196141 1.329125 0.4564383 0.2906327
-0.3807082 -0.4411923 0.6223743 0.8823111 0.6086909
0.03475583 -0.3763676 1.454941 0.7415149 0.1411883
-0.3701443 -0.4933876 1.631482 0.2679482 0.2049015
-0.4008825 -0.5461652 1.180015 0.4059607 0.3698037
-0.6066968 -0.7782919 1.192293 0.1757911 0.5255154
-0.6090175 -0.6747001 1.19799 0.1541782 0.4704479
-0.4291348 -0.5881447 0.6212918 0.7437142 0.729036
0.1792877 -0.4387391 1.431027 0.8733221 0.1749746
-0.6866111 -0.5621459 1.318666 -0.002198875 0.3690112
0.2122772 -0.4222228 1.4702 0.8815795 0.1553389
-0.4209692 -0.5755817 1.568101 0.2431679 0.270439
-0.4274289 -0.53273 0.6220045 0.7628226 0.6930814
-0.6084728 -0.5615581 1.299212 0.1042188 0.3647546
-0.4600164 -0.6609578 0.533285 0.7602695 0.8663167
-0.6137189 -0.5627875 1.235285 0.1154937 0.3906006
0.003461123 -0.3448737 1.461365 0.7129341 0.1211565
-0.03560269 -0.6386328 1.144741 0.8113285 0.3857253
-0.3720622 -0.5689077 1.072743 0.4954422 0.4225327
-0.366123 -0.5212736 1.546741 0.3008381 0.2401758
-0.5442054 -0.5570011 1.180093 0.2247196 0.3983203
-0.4437656 -0.570004 1.353404 0.2867147 0.330086
-0.5619977 -0.7775514 1.177166 0.232605 0.5239024
-0.3476735 -0.4117035 0.5612383 1.048763 0.6289579
-0.4931171 -0.5715083 1.398952 0.2159452 0.3225619
-0.4629342 -0.5625313 1.365224 0.2601433 0.3242443
-0.05459142 -0.6462371 1.121809 0.8058202 0.4002107
-0.4500488 -0.5631837 1.207319 0.3345624 0.3771981
-0.497148 -0.5579962 1.146799 0.2996917 0.4051158
-0.4542241 -0.5851865 1.628379 0.1943615 0.2638499
-0.5028033 -0.559415 1.116751 0.3050407 0.4197125
-0.4031295 -0.5655271 1.047296 0.4698925 0.4369537
-0.4455862 -0.6642205 0.6145245 0.7034296 0.7831743
-0.005105257 -0.3407753 1.490332 0.6892327 0.1135241
-0.4271675 -0.7682119 1.07983 0.4240323 0.5382382
-0.7228855 -0.5782529 1.280037 -0.03869951 0.3992444
-0.03227729 -0.480996 1.369658 0.7097287 0.2303284
0.1481692 -0.5828895 1.036803 1.078202 0.3674068
-0.4112828 -0.6541939 0.4686653 0.9212011 0.9113303
-0.4720878 -0.5525101 1.200581 0.3091915 0.3763725
-0.6062913 -0.5646567 1.194291 0.1381326 0.4072523
-0.4524547 -0.6574925 0.4584109 0.8602357 0.9457656
-0.1459631 -0.4684396 1.306889 0.6325831 0.2492541
0.1190599 -0.5376168 1.228122 0.9251177 0.2860894
-0.1513901 -0.4771512 1.323138 0.6172388 0.2508792
0.056481 -0.4151265 1.433317 0.7675333 0.1686754
-0.5351081 -0.5688927 1.326206 0.1889051 0.3497706
0.05657411 -0.5286567 1.43844 0.7464643 0.2342049
-0.4858136 -0.5607825 1.22219 0.2842482 0.3753194
-0.5367306 -0.571232 1.369731 0.1742338 0.3368701
-0.2534103 -0.4666927 0.9569926 0.7361291 0.3848362
0.05184984 -0.53292 1.423817 0.7494249 0.2403009
0.09390521 -0.6532609 1.326826 0.8176937 0.3240028
-0.5270935 -0.5640091 1.219397 0.2336836 0.3844457
0.175831 -0.5637798 1.429472 0.8456365 0.2455382
-0.3721153 -0.5795566 0.8249699 0.6545359 0.5557655
0.02280056 -0.3357602 1.455402 0.7364267 0.1149729
-0.2677522 -0.536842 1.169005 0.5690373 0.3493869
-0.1415268 -0.6686096 0.8953438 0.8680115 0.5193251
0.1806839 -0.5594272 1.186238 1.002751 0.303799
0.2163651 -0.592638 1.366617 0.908208 0.2716672
-0.2206176 -0.6830837 0.9319528 0.7491487 0.5248572
-0.1266357 -0.5044872 1.478037 0.5633706 0.2264504
-0.4339966 -0.4151185 0.6347974 0.7770272 0.5956821
-0.4316686 -0.4313828 0.6265148 0.7855284 0.6159953
-0.4257966 -0.5921749 0.7706178 0.615929 0.6130418
-0.3230433 -0.4081353 0.5600449 1.099422 0.6171656
-0.430136 -0.4205472 0.6318892 0.7860718 0.6014814
-0.2175378 -0.4484558 1.63196 0.4150501 0.1675729
-0.720122 -0.7519366 1.319732 0.005204797 0.4787531
-0.3459924 -0.5358955 1.112185 0.5075894 0.381327
-0.4030463 -0.5431125 1.5706 0.2574778 0.2501197
-0.3540898 -0.5671395 1.255391 0.4269456 0.3493154
-0.3082418 -0.5328476 1.497178 0.3774962 0.2538875
-0.9071118 -1.305404 1.411013 -0.07380104 0.6821103
-0.4933743 -0.670727 0.7486135 0.5214345 0.693875
-0.8842543 -1.278358 1.400948 -0.05738848 0.6744261
-0.5171427 -0.6700601 0.6899468 0.5259508 0.7472118
-0.8879839 -1.303517 1.394085 -0.05458927 0.6850441
-0.4403737 -0.656539 0.8095748 0.5587606 0.6286173
-0.1677612 -0.4808586 1.365548 0.5781633 0.2435184
0.1321581 -0.6561173 1.531808 0.7440577 0.2726221
-0.4186724 -0.476769 0.6475673 0.768776 0.6277823
-0.408753 -0.565996 0.5787443 0.8316814 0.7473499
-0.2480864 -0.5082204 1.318898 0.515299 0.2812509
-0.445516 -0.6613249 0.8544558 0.521943 0.6043568
-0.5366368 -0.9560387 1.106365 0.3016849 0.6283903
-0.4854684 -0.6675869 0.8128029 0.4911505 0.6448432
-0.2850527 -0.494644 0.9839971 0.6691346 0.3979471
-0.4267396 -0.6438773 0.6067238 0.7462333 0.7724567
-0.3485223 -0.5493613 1.230614 0.4445335 0.3463402
-0.3831851 -0.5575249 1.210114 0.4135845 0.3632302
-0.128334 -0.4515925 1.319719 0.6457759 0.2333553
-0.4313539 -0.4654214 0.6205831 0.7804906 0.6482304
-0.6474133 -0.5828574 1.402063 0.03539595 0.3469346
-0.5035068 -0.6492841 0.4770025 0.7476596 0.9463322
-0.4215567 -0.5797198 0.7475421 0.6428379 0.6202897
-0.5070213 -0.6579272 0.5454834 0.6667677 0.8732172
-0.0182749 -0.614063 1.216846 0.7885417 0.3471196
-0.3730879 -0.4454103 0.6142738 0.904662 0.6164868
-0.5734316 -0.6149379 1.924863 0.02483302 0.224174
-0.4461347 -0.6506802 0.5009863 0.8234062 0.8900251
-0.4362526 -0.5425097 0.6462721 0.7192003 0.6811616
-0.4034852 -0.4360545 0.5815987 0.8966113 0.6517136
-0.388145 -0.5505971 1.010581 0.5107675 0.4415954
-0.3800791 -0.583174 1.529113 0.2968851 0.2806747
0.1585815 -0.4255076 1.411486 0.8701078 0.1724243
-0.4249188 -0.7879677 1.074158 0.4292502 0.5498322
0.01157439 -0.5947009 1.373241 0.7314796 0.2897195
-0.416416 -0.6341644 0.7721367 0.6225352 0.6342779
-0.1883962 -0.4673581 1.369453 0.5559 0.2360204
-0.436807 -0.6538411 0.4187678 0.9419628 0.9856963
-0.4084442 -0.6360927 0.7475077 0.6528151 0.6501114
-0.5645804 -0.570306 1.441849 0.1218699 0.3169683
0.04182446 -0.4105814 1.41923 0.7628104 0.1698061
-0.3312609 -0.5624939 0.9700352 0.6092499 0.4577274
-0.5570997 -0.5812812 1.440961 0.1326254 0.3227423
0.1574874 -0.6684318 1.26419 0.9036163 0.3420281
-0.09472752 -0.5275602 1.258929 0.7043049 0.2939024
-0.1342229 -0.5265191 1.199629 0.6988114 0.3157977
-0.277284 -0.5460736 1.193864 0.5441477 0.3476473
