-0.6331274 0.06805971 0.5888681 
0.99946 1
0.99946 0
0.0005400776 1
0.0005400777 0
325
-0.0117076 -0.6269894 1.189995 0.9876677 0.5828338
-0.02857691 -0.5726304 1.314788 0.8978408 0.497771
-0.1423931 -0.475951 1.589186 0.6455286 0.355677
-0.2017559 -0.4908333 1.307762 0.7191296 0.4695738
-0.2529416 -0.4681815 1.344478 0.6373324 0.4444053
-0.3315576 -0.5979383 0.9918908 0.721857 0.7477736
-0.2794011 -0.5303333 1.308156 0.6130318 0.5030043
-0.408574 -0.5465512 1.605793 0.3437318 0.4093557
-0.2445436 -0.5081227 1.618748 0.5218974 0.3720596
-0.334874 -0.6077931 0.9929758 0.7132311 0.7535071
-0.1137199 -0.4709938 1.570808 0.684813 0.3563266
-0.3418906 -0.6253569 1.002182 0.6912708 0.7579181
-0.2746166 -0.5205172 1.168203 0.7023951 0.5678145
-0.2519494 -0.5297644 1.31428 0.6449339 0.4967337
-0.4136792 -0.5209358 1.605531 0.3374195 0.3950769
-0.3854875 -0.5430394 1.551187 0.3856272 0.423912
-0.3867184 -0.5434602 1.554189 0.3832998 0.4232161
-0.4059876 -0.5555398 1.792971 0.3026479 0.3592468
-0.4046364 -0.5594373 1.795813 0.303565 0.3604791
-0.01484734 -0.5785516 1.30686 0.916414 0.5029846
-0.2669451 -0.5304385 0.9428299 0.8921932 0.7310084
0.06631631 -0.6547758 1.244027 1.022402 0.5624527
-0.4237771 -0.5421405 1.811119 0.2801096 0.3483862
-0.4029766 -0.5426843 1.797474 0.3043377 0.3510731
-0.3850297 -0.5133342 1.614508 0.3678311 0.3857543
-0.4690773 -1.044287 1.072888 0.4320878 0.9174968
-0.5604538 -0.5508121 1.924136 0.1232749 0.3319391
-0.2706282 -0.5360324 1.207775 0.6798097 0.5553288
-0.2553809 -0.4858246 0.9804443 0.8931906 0.6666829
-0.2728887 -0.5204645 0.9424099 0.886982 0.7261959
-0.44133 -0.7722032 1.081569 0.4776957 0.7958986
-0.006657183 -0.6352283 1.180104 0.9979777 0.5916015
-0.2700121 -0.5034804 0.9716125 0.870308 0.6894119
-0.2326059 -0.4469156 1.62357 0.5376283 0.3339629
-0.4021001 -0.5347285 1.597083 0.3532841 0.4049616
-0.1628974 -0.439763 1.572418 0.6358958 0.3400591
-0.1432482 -0.4320295 1.580387 0.6546478 0.3318914
-0.1629378 -0.496795 1.29772 0.7724612 0.4736295
-0.1737868 -0.4318165 1.604167 0.6110232 0.3268497
-0.1304093 -0.4289803 1.575943 0.6710289 0.3305327
-0.2172801 -0.5325106 1.617701 0.5492388 0.3843312
-0.4236991 -0.567275 1.785673 0.286404 0.3683891
-0.385389 -0.5023955 1.590674 0.374149 0.3869015
-0.5966201 -0.7718967 1.171629 0.2234713 0.7639857
-0.1322489 -0.4707505 1.302788 0.8135989 0.4514819
-0.2764925 -0.4684851 1.349494 0.6042396 0.444854
-0.1894181 -0.4313397 1.625354 0.5852578 0.3216208
-0.2851186 -0.5178726 1.647067 0.4681734 0.3718746
-0.3908935 -0.5512791 1.205131 0.5096644 0.5840436
-0.399619 -0.525179 1.568139 0.3641107 0.4088344
0.02126795 -0.6383318 1.213744 1.002429 0.5732073
-0.1115277 -0.4135043 1.578328 0.6926292 0.3192303
-0.3131741 -0.474751 1.358801 0.5510186 0.4487548
-0.1650544 -0.469676 1.620545 0.6089875 0.3444647
0.02913243 -0.3684591 1.463298 0.9215989 0.3148166
-0.2669168 -0.5043857 1.675764 0.47866 0.3549948
-0.3225331 -0.5529933 0.9820338 0.7569181 0.7259508
-0.5630542 -0.5709637 1.495264 0.1820585 0.4771357
-0.2481665 -0.4978935 1.339593 0.6413354 0.4652346
-0.2907299 -0.5377125 1.14922 0.6880189 0.5925244
-0.2160139 -0.5356333 1.593849 0.5593521 0.3931884
-0.2282447 -0.5557579 1.105373 0.8027251 0.6204506
-0.5548743 -0.5789443 1.494004 0.1937268 0.4814942
-0.2813597 -0.4766208 1.350306 0.5964173 0.4503536
-0.5992619 -0.5610682 1.285659 0.1693603 0.575829
-0.1796167 -0.4404808 1.3161 0.7531627 0.4304574
-0.6209625 -0.574968 1.205039 0.1529669 0.6372055
-0.4356925 -0.559356 1.344174 0.3892218 0.5225224
0.008367836 -0.3370582 1.483994 0.894187 0.2888244
0.02425671 -0.3359835 1.472884 0.919517 0.2903379
-0.3040919 -0.677694 1.004963 0.7336447 0.7760216
-0.7074381 -0.6132642 1.277983 0.01001737 0.6295604
-0.5828677 -0.670742 1.17553 0.2331377 0.7063932
-0.1999602 -0.4942576 1.643903 0.5606949 0.354178
-0.3044396 -0.5087298 1.31689 0.578895 0.4882517
-0.6848986 -0.5676645 1.33861 0.02997631 0.5631814
-0.3644739 -0.5126879 1.538259 0.4146391 0.4088684
-0.4424385 -0.5622264 1.348852 0.3785078 0.522867
-0.4894146 -0.5679373 1.399946 0.3000819 0.5082453
-0.4561931 -0.5676196 1.382326 0.3493336 0.5122231
-0.4418428 -0.6692125 1.086792 0.4814924 0.7397686
0.06135446 -0.527841 1.442484 0.9229004 0.4169547
-0.4848565 -0.5570652 1.224878 0.3614984 0.5907686
-0.5251477 -0.5630668 1.22805 0.2989993 0.5990618
0.02812892 -0.3338023 1.460442 0.9330549 0.292096
0.03105551 -0.334353 1.466259 0.932076 0.2907004
-0.2095833 -0.44954 1.644095 0.5543964 0.3286152
-0.7179784 -0.732077 1.302045 0.01988834 0.6827329
-0.3384824 -0.5425987 1.128103 0.6304036 0.6165884
-0.3995963 -0.5354227 1.563938 0.3654134 0.4162402
-0.8809251 -1.259968 1.394165 -0.07560271 0.8637462
-0.3826104 -0.5695312 1.511283 0.4009604 0.4531217
-0.1986583 -0.4565265 1.349961 0.7051835 0.4292123
-0.5365342 -0.5677778 1.503055 0.2144216 0.4695266
-0.5584911 -0.5644487 1.419514 0.2018763 0.5051728
-0.1204082 -0.53517 1.219296 0.8676211 0.5290061
-0.2793994 -0.5481325 1.148603 0.7023097 0.5977239
-0.1727735 -0.4441368 1.5901 0.6167413 0.3382515
-0.2412415 -0.4715993 1.340536 0.6539016 0.4471358
-0.2452734 -0.4579153 0.9599094 0.9439374 0.6606778
-0.174838 -0.4964451 1.604548 0.6023462 0.3651151
-0.5706053 -0.5736836 1.896214 0.118424 0.351155
-0.3267974 -0.7106203 0.997357 0.6978287 0.8042259
-0.2453542 -0.5511334 1.092408 0.7894658 0.6286926
-0.5148871 -0.5662282 1.317244 0.2877973 0.550118
-0.3291444 -0.5515466 0.9803799 0.7477941 0.7279532
-0.1829061 -0.520556 1.284607 0.7503362 0.4966316
-0.1129695 -0.4690882 1.308154 0.834027 0.4462321
-0.2132711 -0.4924923 1.326813 0.6932248 0.4636254
-0.1001745 -0.4221529 1.567544 0.7086872 0.3269594
-0.1710825 -0.5222679 1.278862 0.7682024 0.4989641
-0.251532 -0.5233069 1.096835 0.7852578 0.6089747
-0.3216331 -0.7189102 0.9971228 0.7036307 0.80739
-0.475386 -0.6601576 1.086824 0.4304125 0.7418227
-0.575019 -1.065957 1.163866 0.2761972 0.8845661
-0.4349503 -0.5799674 1.753298 0.2818454 0.3846638
-0.638045 -0.5534511 1.363666 0.09591547 0.5347225
-0.3768108 -0.559061 0.8094171 0.8188254 0.921147
-0.05500937 -0.5845788 1.31362 0.8661566 0.5077829
-0.7185165 -0.5698487 1.311447 -0.02110475 0.5847114
-0.4406312 -0.5554745 1.22093 0.4292854 0.585211
-0.4883437 -0.5696844 1.306234 0.3290873 0.5543531
-0.0830887 -0.4680224 1.287663 0.8847877 0.451108
-0.2235612 -0.5289835 1.310198 0.682944 0.4949026
-0.3481417 -0.5737503 0.7804734 0.9013716 0.9554287
-0.007990301 -0.5946492 1.241497 0.9646626 0.5398536
-0.399054 -0.6761514 0.8790473 0.6757323 0.9134909
-0.2856207 -0.4584373 1.380065 0.5785015 0.4265632
-0.5596753 -0.5638252 1.164785 0.2634287 0.6457609
-0.5584126 -0.565222 1.163804 0.2659405 0.6470844
-0.468837 -0.5670636 1.200725 0.3949918 0.6089057
-0.1845558 -0.6159026 1.145419 0.8154097 0.6253075
-0.5611835 -0.5592816 1.361039 0.2099097 0.5298268
-0.1292922 -0.5510921 1.238422 0.8386803 0.5305646
-0.004431784 -0.6184146 1.21457 0.9803811 0.5652229
-0.5953085 -0.6727737 1.200218 0.2081962 0.693379
-0.6492534 -0.5585763 1.371416 0.07907256 0.5354847
-0.5785497 -0.7785021 1.174071 0.2496515 0.7619637
-0.7160861 -1.180794 1.289737 0.1008373 0.8705657
-0.1376518 -0.4478829 1.558537 0.6686033 0.3475332
-0.2092245 -0.442131 1.619767 0.5650147 0.3307997
-0.3385632 -0.4875304 1.677638 0.4018084 0.3490376
0.07166213 -0.6422599 1.243349 1.032892 0.555577
0.06540793 -0.6362799 1.239458 1.031346 0.5548862
-0.6296027 -0.5634898 1.400971 0.1049949 0.521551
-0.6321287 -0.5631572 1.404433 0.1008239 0.520001
-0.6635208 -0.566693 1.321378 0.06482363 0.5689179
-0.2457006 -0.5319972 1.326689 0.6458573 0.4918841
-0.3084221 -0.5567874 1.001287 0.7630163 0.7096154
-0.4616992 -0.5622859 1.351486 0.3515559 0.5239856
-0.4588269 -0.5671189 1.355102 0.354371 0.5248517
-0.3196301 -0.6033688 0.98831 0.7419841 0.7511299
0.006421864 -0.3235032 1.502103 0.8839744 0.27469
-0.3163695 -0.5529552 1.173889 0.6333013 0.5916959
0.07341558 -0.6379247 1.274698 1.013434 0.5393973
0.07648587 -0.6406686 1.275442 1.015135 0.5401813
0.03067839 -0.6240702 1.247639 0.992616 0.5487329
-0.2824879 -0.6328481 0.9106083 0.8562562 0.8257464
-0.4139791 -0.6680138 0.8627707 0.6640444 0.9315407
-0.194374 -0.4436435 1.603276 0.5877333 0.3354782
-0.3512813 -0.5679963 1.284596 0.5259445 0.5462014
-0.3092808 -0.5537335 1.780849 0.4030209 0.356094
-0.6929716 -0.5653338 1.298671 0.01995522 0.5853097
-0.6741201 -0.564746 1.254314 0.05503431 0.6085047
-0.6705431 -0.5267303 1.80531 0.00977388 0.3553782
0.02174932 -0.5952275 1.333497 0.9328824 0.4976265
-0.1340434 -0.4724254 1.319951 0.7997397 0.4456016
-0.223043 -0.6448798 0.8444793 1.011707 0.8787034
-0.2207113 -0.646867 0.8434982 1.015448 0.8800402
-0.5615388 -0.570449 1.450943 0.1921956 0.4952478
-0.5538718 -0.5616703 1.226732 0.2545006 0.6036108
-0.5523865 -0.5597509 1.221509 0.258162 0.605329
-0.1388652 -0.5015786 1.320406 0.7864311 0.4644455
-0.09495306 -0.4473476 1.54874 0.7193218 0.3474618
-0.007542491 -0.6181686 1.256127 0.9470433 0.5461762
-0.2472706 -0.6382871 1.032613 0.8061476 0.7217317
-0.7023106 -0.6213438 1.27387 0.02050865 0.6360396
-0.4320644 -0.5384287 1.82602 0.2685013 0.3430465
-0.6075846 -0.6754612 1.178515 0.1945311 0.7117162
-0.7223136 -1.213947 1.288783 0.09836776 0.8824903
-0.8647326 -0.9951885 1.387466 -0.1175813 0.7746603
-0.8638662 -0.9970975 1.386672 -0.1160136 0.775704
-0.7775878 -0.6915786 1.340296 -0.08022177 0.648573
-0.778327 -1.081353 1.33129 0.008900672 0.8240632
-0.4271885 -0.6275859 1.066913 0.5176352 0.7279854
-0.5278493 -0.5824884 1.486361 0.2301987 0.4839441
-0.1000049 -0.5684531 1.24524 0.8643449 0.5340793
-0.2605999 -0.6445529 0.8332086 0.9633115 0.9016095
-0.2471483 -0.6450531 0.8170357 1.003109 0.9147611
-0.4186808 -0.5723472 1.567409 0.3427532 0.4376602
-0.09904569 -0.5817478 1.161282 0.9221327 0.5839223
-0.1477057 -0.4725824 1.318828 0.7837098 0.4475147
-0.2014195 -0.480467 1.314506 0.7176868 0.4599121
-0.68951 -0.5638603 1.273785 0.02737424 0.5985593
-0.6881669 -0.5665947 1.274227 0.03021133 0.5998218
-0.2632471 -0.5373567 1.158628 0.7209066 0.5824656
-0.1423016 -0.4488949 1.618807 0.6361316 0.3313965
-0.2785071 -0.5187804 1.150728 0.7087789 0.5773996
-0.2797008 -0.5423777 1.168312 0.6904514 0.582595
-0.01352561 -0.6361602 1.211995 0.9661009 0.5772797
-0.3541753 -0.5471447 1.212691 0.5590813 0.5716483
-0.2741722 -0.66684 0.9016308 0.8645909 0.8500711
-0.2883628 -0.655542 0.9008912 0.8471761 0.848672
-0.4112245 -0.5545866 1.683978 0.321465 0.3896136
-0.5836536 -0.5485708 1.933284 0.09827676 0.3297106
-0.7214811 -0.5608931 2.055868 -0.0473302 0.3142915
-0.3530635 -0.5384628 1.333669 0.5042276 0.5048265
-0.3745867 -0.5293461 1.677993 0.3623766 0.3749914
-0.7043964 -0.5615086 1.290372 0.0009514093 0.5895136
-0.8866183 -1.320906 1.412985 -0.069529 0.8723726
-0.4969193 -0.5654225 1.129909 0.379392 0.6588658
-0.4439798 -0.5216172 1.811202 0.2580668 0.3383679
-0.5569242 -0.5562319 1.455583 0.1959466 0.484239
-0.2369226 -0.6619633 0.8841448 0.9406952 0.8534687
-0.6476402 -0.5632995 1.250885 0.09885209 0.605297
-0.07370895 -0.5400036 1.283705 0.8771702 0.4967689
-0.3954762 -0.5697483 0.7874081 0.8004057 0.9629977
-0.7015035 -0.6057394 1.321666 0.01437753 0.5984021
-0.2579548 -0.5269303 0.9359373 0.9155279 0.732434
-0.212418 -0.6365716 1.074651 0.8234606 0.6852264
-0.573557 -0.5594611 1.261841 0.2143115 0.5845209
-0.2976865 -0.5498189 1.2037 0.6426011 0.5700644
-0.4513961 -0.565074 1.454116 0.334196 0.4792528
-0.1905581 -0.6342231 1.109028 0.8281469 0.6582737
-0.1879832 -0.5177349 1.29611 0.7376443 0.4902638
-0.2609975 -0.6578747 0.8156121 0.9751039 0.9273943
-0.2014134 -0.51381 0.9819851 0.965239 0.6731695
-0.07125485 -0.4391647 1.594608 0.7228206 0.3282578
-0.2342552 -0.6410572 0.950425 0.8915594 0.7835177
-0.3248071 -0.579488 0.8121166 0.9063839 0.9107902
-0.2511487 -0.6387602 0.8405516 0.9737953 0.887961
0.2640447 -0.4690712 1.585949 1.040801 0.3299986
-0.07724887 -0.5418271 1.372736 0.8158111 0.4616801
-0.3961443 -0.6621975 0.8513505 0.7065184 0.9352185
-0.2539041 -0.6563897 1.014519 0.8050269 0.7463363
-0.08467829 -0.4582612 1.600209 0.7031089 0.3387989
0.2432801 -0.4543869 1.544242 1.053683 0.3335508
-0.1765083 -0.4491478 1.619434 0.5996385 0.3332812
-0.2007863 -0.445343 1.593623 0.5845799 0.3396259
-0.4108416 -0.5758777 0.8024325 0.7509137 0.9528767
-0.2480969 -0.5168539 0.9829504 0.8896033 0.6845582
-0.6862996 -0.5561886 1.338718 0.02512193 0.5560626
-0.7157835 -0.566311 1.352029 -0.01957864 0.5594522
-0.2831602 -0.502954 1.662322 0.4659258 0.358917
-0.7042813 -0.5656418 1.30791 0.001051456 0.5819026
-0.6902254 -0.5596203 1.278621 0.02472982 0.5930446
-0.4391752 -1.080701 1.080858 0.4640453 0.9178243
-0.4497586 -0.7758926 1.094129 0.4600843 0.7903594
-0.4401994 -1.095474 1.094774 0.4572545 0.91342
-0.6098664 -0.5809042 1.199011 0.1734853 0.6429012
-0.5408117 -0.5604734 1.194921 0.2846221 0.6204294
-0.2349049 -0.5636664 1.125984 0.7762046 0.6138177
-0.75653 -0.5781857 1.319156 -0.08088255 0.5913693
0.1795618 -0.5974407 1.432133 1.023239 0.4488018
-0.7698568 -0.7748221 1.326198 -0.0463016 0.6984872
-0.2323696 -0.4542095 1.676136 0.5178794 0.3240523
-0.488401 -0.5647526 1.242638 0.3499533 0.5858749
-0.2240303 -0.6585499 0.8461214 1.001349 0.8845327
-0.5877219 -0.5601041 1.389057 0.1664542 0.5200603
-0.1031126 -0.5685584 1.226448 0.8736165 0.5434999
-0.3507146 -0.5846146 0.8417426 0.8243202 0.8886027
-0.3010125 -0.4656293 1.389651 0.5533505 0.4289162
-0.08419782 -0.4761942 1.291958 0.877912 0.454712
-0.3181772 -0.5781475 0.9871459 0.7523836 0.7365241
-0.2568527 -0.6644717 0.9674832 0.8352547 0.7877415
-0.3335566 -0.562783 0.821106 0.8880268 0.8935121
-0.1397853 -0.48768 1.310363 0.7950791 0.4599767
-0.1710393 -0.5070151 1.281763 0.7700468 0.4880782
0.1388975 -0.6102924 1.364791 1.025333 0.482539
0.180492 -0.4115357 1.463067 1.064743 0.3338245
-0.1066681 -0.5123058 1.318717 0.8230965 0.4685338
-0.08896571 -0.472493 1.586324 0.7029963 0.3512496
-0.2592851 -0.6627458 0.8166922 0.9742922 0.9281259
0.03947347 -0.3309815 1.441631 0.959958 0.2948537
-0.2718622 -0.5519505 1.051394 0.7815542 0.6616558
-0.2578617 -0.6625498 0.7959363 0.9998789 0.9504292
0.2184978 -0.5870515 1.535397 0.9971876 0.4085678
-0.2309594 -0.6262965 1.085251 0.7935195 0.6758763
-0.4140046 -0.5608728 1.09451 0.530656 0.6647021
-0.2531011 -0.5325139 1.000224 0.8595983 0.6826932
-0.2623773 -0.6471795 0.9242693 0.8699957 0.8160865
-0.3677841 -0.5513207 1.14244 0.5766196 0.6181235
-0.2364222 -0.6499579 0.8914115 0.939647 0.8402382
-0.278234 -0.5354254 0.9741365 0.8420312 0.71074
-0.2156221 -0.6600478 0.8373888 1.023287 0.8915182
-0.5927095 -0.568091 1.461724 0.1481163 0.4925424
-0.4612309 -0.6783491 1.074621 0.4570135 0.757843
-0.4592889 -1.063359 1.055211 0.4497789 0.9344031
-0.8654875 -1.021226 1.383997 -0.1119905 0.7866757
-0.4716225 -0.7652512 1.091521 0.4304145 0.7917595
-0.5800095 -0.7815237 1.192702 0.2432018 0.7512854
-0.466302 -1.064797 1.084714 0.4307896 0.9155329
-0.7734406 -1.10908 1.336143 0.01948416 0.8300608
-0.5535874 -0.5797416 1.157295 0.2770703 0.6597989
-0.5918686 -0.5776182 1.182487 0.2066201 0.6485385
-0.6230004 -0.5657455 1.23484 0.1422958 0.6126704
-0.4482012 -0.5546728 1.113567 0.4663322 0.653998
-0.4351656 -0.7330409 1.084611 0.487831 0.7733082
-0.2496356 -0.6166203 0.8153519 1.016417 0.902265
-0.6722256 -0.5715815 1.364345 0.04790953 0.550237
-0.2823951 -0.6552194 0.9071858 0.8510988 0.8410487
-0.3705545 -0.5575646 1.145342 0.5699941 0.6207308
-0.5430119 -0.5657419 1.181488 0.2856744 0.6328303
-0.6415268 -0.5680362 1.235 0.1123012 0.6171641
-0.5683698 -0.5746025 1.437437 0.1860449 0.5043749
-0.5926359 -0.569752 1.220068 0.1952761 0.6193133
-0.2784278 -0.5216984 0.907854 0.9124734 0.7595474
-0.6751079 -0.5768033 1.302814 0.05082017 0.5874059
-0.2099765 -0.627337 1.104468 0.8077816 0.6605275
-0.5705963 -0.6815421 1.189783 0.2491543 0.7004678
-0.3668017 -0.5911272 0.8396208 0.7940146 0.9002146
-0.2552458 -0.6694532 0.778358 1.020825 0.9730017
-0.3468688 -0.6598891 0.8700852 0.7769632 0.8982031
-0.2607893 -0.6402219 0.8383007 0.959661 0.8940584
-0.2128752 -0.6511127 0.8367233 1.033104 0.8867201
-0.7598155 -0.7157403 1.349728 -0.04739255 0.6532577
-0.3377806 -0.6647245 0.88039 0.7817169 0.8874971
-0.3416871 -0.663821 0.8858312 0.7708905 0.882772
-0.6348318 -0.5622484 1.288782 0.1133997 0.5801516
-0.4872384 -0.575562 1.26367 0.3446879 0.580569
-0.2526277 -0.561407 0.9207194 0.92422 0.7666635
-0.4196047 -0.5876614 0.8173724 0.7146476 0.9438708
-0.2302975 -0.5994775 0.9395955 0.9243129 0.7678332
-0.317573 -0.5900691 0.8295612 0.8952139 0.8942788
-0.2605385 -0.6151948 0.9546397 0.8578252 0.7717166
