-0.1315847 0.001565373 0.03880692 
0.99946 1
0.99946 0
0.0005400776 1
0.0005400777 0
296
-0.0200785 -0.6376851 1.205318 0.4508306 0.2662767
-0.2172961 -0.5006474 1.314857 0.2141297 0.1596197
-0.2678302 -0.4778749 1.350789 0.1536759 0.1373564
-0.2578185 -0.5139197 1.630762 0.1805259 0.09967804
-0.2465908 -0.4564583 1.635333 0.1828202 0.06475389
-0.1611358 -0.4396724 1.584732 0.2656938 0.06176841
-0.2068502 -0.4380481 1.629299 0.2194926 0.05380821
-0.1809452 -0.4637161 1.346499 0.2500261 0.126731
-0.2831777 -0.6579797 0.8703914 0.1474896 0.4180942
-0.2611276 -0.6518334 0.8223202 0.1741279 0.4367701
-0.02650107 -0.6347921 1.212108 0.4430496 0.2628233
-0.2843091 -0.6379564 0.9236618 0.1444965 0.3817206
-0.254417 -0.5611711 0.9336794 0.1680882 0.3271745
-0.2502224 -0.6482573 0.792236 0.1876719 0.4495028
-0.1452416 -0.6758624 0.911184 0.3327183 0.4018125
-0.1033024 -0.6406388 1.141726 0.3648185 0.2912983
0.1280979 -0.5891901 1.230327 0.607554 0.2259441
-0.2704811 -0.5568606 0.9344274 0.1446539 0.3248062
0.0003888756 -0.6211103 1.276052 0.4640562 0.2356291
-0.07305926 -0.5645049 1.312912 0.3804561 0.1952736
-0.04408187 -0.5788493 1.320116 0.4114361 0.2009391
0.07665513 -0.603054 1.078459 0.5797648 0.2832944
0.07501417 -0.599354 1.072762 0.5792002 0.2830815
-0.07547824 -0.6084783 1.235016 0.3865501 0.2427348
0.001822807 -0.5461496 1.47307 0.4424795 0.1442052
-0.2682804 -0.5466007 1.290865 0.1636285 0.196418
0.05076106 -0.6286266 1.336076 0.5081167 0.2219694
-0.1894504 -0.6750277 0.8679171 0.2768612 0.4236433
0.1205291 -0.6703947 1.024229 0.6373863 0.3397285
-0.2141956 -0.6628813 0.9759673 0.2416391 0.370314
0.07283202 -0.6302576 1.084103 0.5728034 0.2975873
-0.2645445 -0.5656334 0.9341276 0.1550425 0.3304737
-0.2640077 -0.5652624 0.9336877 0.1556772 0.3303879
0.383994 -0.5938857 1.328388 0.8440341 0.1947626
0.3950776 -0.5785164 1.3426 0.8533986 0.1823053
0.3595638 -0.5903341 1.317609 0.8238729 0.1961526
0.1897453 -0.6200185 1.192975 0.6789645 0.2524773
0.1036889 -0.5975375 1.043465 0.6195054 0.290979
0.1752886 -0.5842962 1.092094 0.692522 0.2634301
-0.2079777 -0.6657688 0.9734416 0.2498997 0.3726995
0.1530173 -0.6054877 1.189174 0.6418315 0.2465457
0.4263794 -0.577451 1.365137 0.8769406 0.1754823
0.3730513 -0.6001651 1.296556 0.841858 0.2066385
0.4315986 -0.5700469 1.410768 0.8690784 0.1607426
-0.02653873 -0.6501305 1.181978 0.4467762 0.2806962
0.1148832 -0.6588994 1.026597 0.6313533 0.3326382
-0.04265445 -0.6772436 0.9153557 0.462245 0.3952048
0.4185608 -0.5326953 1.381294 0.8731549 0.1462178
-0.2165896 -0.6522328 0.8072546 0.2367557 0.4418661
-0.1513432 -0.6710404 0.640661 0.3423687 0.5443836
0.3725646 -0.5672151 1.233144 0.8684683 0.2043043
0.3933952 -0.5716231 1.26785 0.8772845 0.197085
-0.2188004 -0.6626902 0.8029952 0.2355417 0.4503917
-0.1234704 -0.6738434 0.8082739 0.3689051 0.4480867
-0.1316963 -0.6682308 0.9202603 0.3486898 0.3927152
0.3720915 -0.5754411 1.252007 0.8599504 0.2041227
0.4011175 -0.5718691 1.232873 0.8972411 0.2062329
0.004180297 -0.6268501 1.261969 0.4698073 0.2426894
0.3583256 -0.5176028 1.32838 0.8325698 0.1508833
-0.2300951 -0.4645481 1.347527 0.194171 0.1283452
0.4986084 -0.5772578 1.284853 0.9756982 0.1928756
0.5082462 -0.461238 1.395318 0.9733732 0.0976342
-0.2092626 -0.5701721 0.9449088 0.2324309 0.3260673
0.4816872 -0.5782268 1.274535 0.9625009 0.1965521
0.5039729 -0.5838309 1.343383 0.9576253 0.182103
0.3737335 -0.5988491 1.188833 0.8781013 0.2351521
0.4760816 -0.5808592 1.312353 0.9424024 0.1887289
-0.08932598 -0.6709006 0.5836793 0.4470701 0.5773487
0.06497335 -0.5864311 1.089122 0.5648417 0.2700851
0.06463405 -0.6706261 0.6481941 0.6673793 0.5221562
-0.08681747 -0.672919 0.7145297 0.4309697 0.4955122
0.01300164 -0.675198 0.8698474 0.5402428 0.4111906
0.4921531 -0.5817735 1.376582 0.93516 0.1734819
0.4889537 -0.5784656 1.369072 0.935456 0.1734554
0.05080812 -0.671257 0.629503 0.6527185 0.5352435
0.1964721 -0.4378332 1.477492 0.6395964 0.07331353
0.03312771 -0.6712521 0.6081937 0.632607 0.550402
0.3516586 -0.6037666 1.205526 0.8483706 0.2339621
0.0530221 -0.6413769 1.275859 0.5187408 0.2451912
0.3251162 -0.6628746 1.173928 0.8196802 0.2771788
0.4432968 -0.5741246 1.25055 0.9336959 0.2015477
-0.01653507 -0.6670854 0.4672855 0.5960112 0.6571091
0.0579322 -0.6682097 0.5646924 0.6859175 0.5759585
0.1514844 -0.669776 0.7030521 0.7725607 0.4832482
-0.002416573 -0.6663897 0.4988235 0.6102589 0.6295958
0.006452486 -0.6681422 0.5110016 0.6210099 0.6201854
-0.06430773 -0.6649654 0.4152727 0.5258818 0.7073096
-0.1979313 -0.4511264 1.601994 0.2299919 0.06648093
-0.07502003 -0.6472806 1.13696 0.397569 0.2955207
0.066484 -0.6087644 1.454413 0.5079701 0.181676
0.100043 -0.6687353 0.6210501 0.7296622 0.5351881
0.3819758 -0.6561844 1.134789 0.8929262 0.2834723
0.3815791 -0.6558318 1.134454 0.8927101 0.2833979
0.003054053 -0.6697873 0.5509297 0.6029083 0.5916172
-0.06072834 -0.5478227 1.348895 0.3898403 0.1757606
-0.08030728 -0.6656874 0.3964181 0.5009248 0.7275648
0.3363592 -0.5024668 1.331061 0.8119128 0.1415377
0.3375945 -0.5038087 1.334393 0.8119349 0.1415631
0.1666167 -0.5582354 1.222845 0.6532611 0.2083209
0.3777128 -0.5926899 1.192959 0.8821947 0.2302564
0.3740596 -0.6694121 0.9950017 0.9339455 0.338552
0.042689 -0.667167 0.4719329 0.6961977 0.6470008
-0.2790918 -0.4875224 0.9695265 0.117094 0.2621423
0.02182797 -0.5710069 1.458936 0.464119 0.1609708
0.02142775 -0.5706287 1.45738 0.4638946 0.1611172
-0.1167728 -0.6162105 1.147617 0.3471464 0.2757722
0.4167244 -0.6206065 1.078934 0.9602157 0.2798823
-0.2898227 -0.6731888 0.8442463 0.1403839 0.4400947
-0.3047984 -0.6685332 0.8607996 0.1198637 0.4301838
-0.01490092 -0.6656919 0.3965237 0.6229421 0.7193296
0.07001033 -0.62319 1.093521 0.5681106 0.2903786
-0.09284569 -0.6015186 1.29739 0.3628273 0.2216488
-0.1367096 -0.644879 1.119489 0.3284057 0.3025483
0.2979912 -0.6797208 1.030608 0.8338147 0.3347002
0.5023488 -0.5793445 1.192365 1.01598 0.2184798
0.4785825 -0.5842388 1.156293 1.004862 0.2324359
0.4967186 -0.5651711 1.191523 1.014671 0.2104878
0.0739215 -0.660315 1.28861 0.5377511 0.2512023
0.4847138 -0.5853502 1.355157 0.9346359 0.1806854
0.4889813 -0.5826113 1.182227 1.005364 0.2236845
0.09328403 -0.6658304 0.5525926 0.7467531 0.5799298
-0.03155959 -0.6701291 0.4426897 0.5769738 0.6815112
0.1067579 -0.6761101 0.6237856 0.7371969 0.5371634
-0.2493304 -0.6579673 0.8170162 0.1918943 0.4423617
0.03001603 -0.6666861 0.4013735 0.7032197 0.7098127
0.5239975 -0.565819 1.232107 1.02555 0.1990559
-0.0586288 -0.56528 1.33718 0.3939458 0.1890157
-0.1704416 -0.4761991 1.364437 0.2633277 0.1304091
-0.2395864 -0.674085 0.9280477 0.2108989 0.3985052
0.2136906 -0.5670534 1.218529 0.7043529 0.2133118
0.4341193 -0.6549425 1.012962 0.9973001 0.3212946
0.2030603 -0.6222678 1.096538 0.7179008 0.2834854
0.0496161 -0.6693119 0.472187 0.7074656 0.6472591
0.09639679 -0.6655442 0.5592171 0.7489947 0.5748269
0.01388088 -0.6579821 0.3214311 0.710802 0.7882786
0.104025 -0.6635355 0.6366026 0.7307533 0.5221061
0.003658906 -0.6683528 0.4133826 0.6502689 0.7027529
0.01799928 -0.638592 1.329106 0.4759996 0.2302636
-0.2536002 -0.6560897 0.8893364 0.1879939 0.4063449
-0.3107912 -0.6691816 0.9936993 0.1221622 0.3715156
-0.101102 -0.6365569 1.162531 0.365521 0.2820863
-0.3102677 -0.6540681 0.8635874 0.1087868 0.4206743
0.01789229 -0.6394897 1.23842 0.4873327 0.2560584
0.07231921 -0.7018192 1.000396 0.5849031 0.3682519
-0.1749039 -0.632698 0.6431111 0.299771 0.5218938
-0.07980337 -0.6363152 1.187514 0.3872879 0.2732008
-0.2088556 -0.6337786 0.6703866 0.2450766 0.5078629
-0.2306316 -0.5109841 0.9874691 0.1923006 0.2697796
0.1766886 -0.6663477 0.6618519 0.8256673 0.5029878
0.07928789 -0.6699017 0.5435342 0.7273926 0.5899956
0.1448878 -0.6771917 1.025848 0.6641417 0.3418167
-0.04340408 -0.6057196 1.281534 0.4168534 0.2268184
-0.256128 -0.4875106 1.688387 0.1797363 0.07407397
-0.04057801 -0.5608792 1.384028 0.4085974 0.1742752
0.08379149 -0.6657009 0.4657705 0.7690709 0.6469023
0.0459466 -0.6665178 0.5342407 0.6780517 0.5979298
0.124348 -0.6652213 0.5176456 0.8119384 0.6020539
0.4572524 -0.5840904 1.150763 0.9845734 0.2347031
0.5039535 -0.5751758 1.168092 1.029313 0.2227974
0.5196079 -0.5742939 1.163711 1.048007 0.2229977
0.4918678 -0.5621315 1.1218 1.041157 0.2288409
0.5049813 -0.5747306 1.145666 1.040434 0.2289685
0.3767228 -0.6641415 1.003382 0.9349474 0.3324218
0.4341637 -0.6245269 1.02855 0.9997798 0.298372
0.3641985 -0.562284 1.322913 0.8319301 0.178627
0.4485889 -0.5822576 1.183654 0.9626109 0.2244166
-0.2779852 -0.4540789 0.9764813 0.1100411 0.2342433
-0.2470796 -0.6732517 0.9147663 0.2007549 0.4043478
-0.297603 -0.5465561 0.9864981 0.1083855 0.2977993
-0.09856889 -0.6496009 1.145096 0.3705494 0.2950754
-0.2489974 -0.6616009 0.661785 0.187726 0.5332559
-0.2575787 -0.6678295 0.5141187 0.1677851 0.6444348
0.2236964 -0.6189927 1.124668 0.7334579 0.2716557
0.003995061 -0.6719935 0.9732918 0.5106156 0.3657061
-0.1328214 -0.6777225 0.881453 0.3508945 0.4155988
0.3479393 -0.4630646 1.336592 0.8295126 0.1150595
0.4356233 -0.5565584 1.410486 0.8756176 0.1530923
0.03042668 -0.6677228 0.3977591 0.7053171 0.7136967
-0.2329911 -0.5558802 0.9563648 0.19743 0.3130666
0.4121831 -0.6294922 1.127823 0.9336424 0.2695975
-0.3065103 -0.5709306 0.9817161 0.1022924 0.3162851
-0.2384738 -0.65509 0.6448662 0.2022827 0.5395219
-0.1140999 -0.6665385 0.3506828 0.4460972 0.7789555
0.3219347 -0.6734909 0.8667116 0.9257354 0.3946257
-0.2215908 -0.6498506 0.6394695 0.2280464 0.538549
0.08454755 -0.6653687 0.4688122 0.7690328 0.6441496
0.1677908 -0.6679495 0.57859 0.8500169 0.5567656
0.1243826 -0.6146479 1.213718 0.6052207 0.2455846
0.425835 -0.5753542 1.228438 0.9236042 0.2087007
0.3428355 -0.6756679 1.052059 0.8762991 0.3229922
-0.2414246 -0.5188125 0.9661387 0.1781685 0.2841601
-0.2293207 -0.6508839 0.6969411 0.2168314 0.5034651
0.2899596 -0.6556957 1.148116 0.7921965 0.2824906
0.1606484 -0.6774111 1.012267 0.6855087 0.3462601
0.200923 -0.6835062 0.9472786 0.7496677 0.3728834
0.161934 -0.6636328 0.8099737 0.7492908 0.4238369
0.04932027 -0.6729425 0.4637186 0.7097045 0.6562597
0.06533512 -0.6853519 0.5526919 0.6990051 0.5934252
0.1139748 -0.6746938 0.6935799 0.7225579 0.4940621
0.08666055 -0.6179878 1.189101 0.5691214 0.2561505
-0.03879256 -0.6745197 0.3563563 0.5910758 0.7667414
-0.2860295 -0.664309 0.6893092 0.1323227 0.5204698
0.6194046 -0.5610301 1.350376 1.071599 0.1644564
-0.1952868 -0.6713115 0.5750254 0.2758101 0.5933815
-0.2180101 -0.5506098 0.993289 0.2174697 0.2940678
0.009580195 -0.6654036 0.3647637 0.6812919 0.747139
-0.1589839 -0.6692597 0.6458325 0.329909 0.5406399
-0.1420676 -0.6004465 1.117942 0.3177938 0.2772372
-0.1376781 -0.6722965 0.6777115 0.360189 0.520718
-0.2443614 -0.5410045 1.329696 0.1906916 0.1819046
0.1445423 -0.6061628 1.055924 0.6637718 0.2901083
-0.1386397 -0.4707807 1.367321 0.2979854 0.1253878
0.1174716 -0.6629527 1.344888 0.5719293 0.2360281
0.01714307 -0.6574624 0.3273675 0.7145332 0.7810748
0.00666672 -0.6285399 1.330697 0.4642443 0.2247013
-0.2508239 -0.5502475 0.9986466 0.1735241 0.2932802
-0.2538317 -0.5602378 1.015775 0.172393 0.2934145
-0.2198915 -0.6046325 0.9910613 0.2247124 0.3297068
0.1656851 -0.678461 0.7491038 0.7729271 0.4625286
-0.03676752 -0.6302433 1.270983 0.4258009 0.2434042
0.5104475 -0.6755785 1.019339 1.070999 0.3272516
0.4311463 -0.7031739 0.8446386 1.057128 0.4148781
-0.2535095 -0.6723698 0.6000867 0.1805442 0.5813691
-0.1392726 -0.6672751 0.3192376 0.4011746 0.8176957
-0.2905551 -0.5468798 0.9561411 0.1156271 0.3099818
0.1658375 -0.4470291 1.465614 0.6101329 0.08208358
-0.2431617 -0.6642201 0.5367237 0.1931616 0.6228399
-0.2602552 -0.4565658 1.005628 0.1388161 0.2244904
0.05805244 -0.6725476 0.5541927 0.6891839 0.5858206
-0.2371678 -0.665143 0.3252377 0.1962159 0.8245152
-0.1967484 -0.672627 0.3756239 0.2805237 0.7671096
-0.2499968 -0.6497563 0.7119241 0.18532 0.4953704
0.3490289 -0.4344155 1.313391 0.8439637 0.1012908
-0.2021867 -0.671774 0.3755977 0.2696226 0.7674395
-0.2269513 -0.6717606 0.9687642 0.2270606 0.3790385
0.1766115 -0.6793809 0.5712462 0.8635315 0.5674592
-0.1660931 -0.6486732 0.6516736 0.3156736 0.52534
0.2186379 -0.6795139 0.6192098 0.9019792 0.5331025
-0.1857726 -0.6633721 0.6556363 0.28693 0.5331042
-0.2584825 -0.6637499 0.9739897 0.18595 0.3738907
0.5983425 -0.4655211 1.358078 1.077384 0.105991
0.53035 -0.6607335 1.031653 1.091673 0.3139318
0.3655046 -0.6908985 1.163743 0.858787 0.2937938
0.01855581 -0.6692831 0.5283352 0.6351646 0.6064844
-0.2957211 -0.638811 0.975827 0.1330351 0.360432
-0.2560971 -0.6559421 0.6836323 0.1761859 0.5167066
-0.2517005 -0.6679207 0.3185938 0.165934 0.8358468
-0.2224426 -0.6542632 0.7088572 0.2281754 0.4978254
0.3187614 -0.5933952 1.205425 0.8159555 0.2290962
0.2310648 -0.5865545 1.25175 0.7119392 0.2151002
-0.1988005 -0.6793349 1.277484 0.259403 0.2738352
0.4309608 -0.6335644 1.035185 0.9905691 0.3014604
0.4995115 -0.5641061 1.209817 1.010191 0.2047582
0.03901945 -0.6731398 0.5281606 0.6679742 0.606842
0.5455048 -0.605993 1.08917 1.099523 0.2631559
0.3080696 -0.7341955 1.344662 0.7460815 0.2661712
-0.1455929 -0.6673361 0.3110774 0.3894221 0.8281056
-0.2797925 -0.5057737 0.9801363 0.1218611 0.2712198
-0.1982511 -0.5384749 1.314272 0.2412009 0.182988
-0.173276 -0.6657445 0.3230557 0.3301693 0.8176775
0.3460358 -0.4401819 1.546424 0.7706375 0.05933142
-0.1001 -0.6689111 0.3704321 0.4693293 0.7576391
-0.1266936 -0.5995932 1.226241 0.3300521 0.2419387
-0.174178 -0.6767841 0.3196101 0.3304986 0.826984
0.332942 -0.6690142 1.207232 0.8164357 0.2702813
0.04987249 -1.182746 0.4065133 0.6551833 0.8886795
-0.01094793 -0.6758059 0.4921438 0.5970147 0.6410284
0.08206253 -0.6770719 0.5945426 0.7108772 0.5586281
-0.2729612 -0.6750314 0.8400245 0.1637586 0.44221
-0.2710122 -0.6698213 0.8338832 0.1649511 0.4421419
-0.2901037 -0.6314053 0.7096358 0.118264 0.4885782
-0.2517181 -0.6738976 0.3114522 0.1674526 0.8470941
-0.2844417 -0.6681146 0.5192503 0.1207346 0.6432252
-0.1417067 -0.6371518 0.6824833 0.3499314 0.4972273
-0.1419308 -0.6790424 0.3240941 0.3960786 0.8181534
0.5480763 -0.5652191 1.109889 1.106833 0.2323126
-0.2145464 -0.6142492 1.062519 0.2334634 0.3080532
0.5984616 -0.5611908 1.198012 1.11869 0.2030929
0.5949047 -0.5581248 1.192075 1.118944 0.2029769
0.5202228 -0.5523257 1.200274 1.03941 0.1996182
-0.1561406 -0.6714561 0.3003137 0.3694439 0.8443407
-0.2601299 -0.667536 0.6375287 0.170453 0.5534896
-0.2719589 -0.6717816 0.9661301 0.1701958 0.382486
-0.2250121 -0.6782036 0.657387 0.2287508 0.5437461
0.6561968 -0.6274869 1.453838 1.045831 0.1765682
0.1842392 -0.659134 0.7427185 0.8045111 0.4534441
0.05776668 -0.6486043 1.207167 0.5339755 0.2689835
-0.07115571 -0.6718872 0.4007323 0.5168281 0.7255391
0.602317 -0.549843 1.348782 1.059252 0.1588445
0.3357882 -0.6784548 0.9035943 0.925191 0.3810905
-0.2589436 -0.6888464 0.9742016 0.1902148 0.3880427
0.04705435 -1.207333 0.4028025 0.6501771 0.8974826
-0.1296848 -0.6601676 0.3176897 0.4206642 0.8146114
-0.1500773 -0.6625328 0.3022203 0.3808374 0.8369856
-0.2378078 -0.6710112 0.3077783 0.1959518 0.8480011
0.06819305 -0.6584609 0.4465714 0.7528815 0.6605886
