-0.09987198 -0.001987733 -0.02999701 
0.99946 1
0.99946 0
0.0005400776 1
0.0005400777 0
328
0.351588 -0.4760136 1.284692 1.060573 0.1423748
0.04169383 -0.6043903 1.25685 0.6983427 0.2142599
-0.180047 -0.6288475 0.7536672 0.4146625 0.401383
-0.2048081 -1.350884 0.4339009 0.3559763 0.8642474
-0.2116227 -0.4782229 0.9461612 0.3975064 0.2170887
-0.1382196 -0.6277207 0.298895 0.407014 0.7298036
0.392774 -1.01038 0.7852189 1.033541 0.5957588
0.3432944 -0.6191838 1.047635 1.057075 0.2998
0.3306413 -0.6139237 1.098816 1.03181 0.2788265
0.2091747 -0.5659138 1.043957 0.9175496 0.2629795
0.1724971 -0.6377153 0.6694476 0.9199413 0.4709803
0.1954486 -0.5586014 1.051077 0.9019775 0.2553709
0.1979128 -0.5898926 1.181326 0.8754674 0.2335472
0.1707718 -0.5696701 1.12662 0.8580704 0.2368012
0.149296 -0.5566396 0.977047 0.8577691 0.2778796
0.174721 -0.5657921 1.365995 0.8334531 0.1698933
0.149115 -0.5613431 1.177945 0.8289839 0.2155082
0.1424805 -0.6388252 0.9786534 0.8269646 0.3270607
0.1500703 -0.5963439 1.186317 0.8209231 0.2338382
0.1317981 -0.5160689 1.181664 0.8197307 0.1855957
0.125511 -0.5693686 0.9964495 0.8218225 0.277806
0.1351508 -0.5580952 1.190445 0.8127345 0.2093706
0.1352108 -0.6204833 1.264568 0.7920352 0.2248837
0.130396 -1.169322 0.3643809 0.7535633 0.8858446
0.1014157 -0.5810729 1.041902 0.7844763 0.2680861
0.1018863 -0.6419212 1.002012 0.7754408 0.3183237
0.08165271 -0.6337501 0.5333301 0.8067987 0.5487209
0.08707999 -0.5595951 1.039613 0.7722782 0.2548319
0.0805169 -0.6094503 1.040667 0.7537394 0.2846823
0.08498598 -0.580002 1.386171 0.7393166 0.1697644
0.07826514 -0.61355 1.225426 0.7369652 0.2295423
0.07022379 -0.5227025 1.401385 0.7330508 0.1327735
0.04561066 -0.5450531 1.393138 0.7051517 0.1467644
0.04253664 -0.6324366 0.4952515 0.7472127 0.5727142
0.03885863 -0.6513699 1.156206 0.6925416 0.2693378
0.03174029 -0.6305238 0.4786898 0.7310987 0.5832726
0.02369628 -0.632014 0.4693517 0.7176977 0.5907834
0.006815158 -0.6036797 1.140765 0.6651207 0.245647
-0.001171239 -0.5942477 1.16477 0.6569678 0.2325922
0.01101352 -0.6398982 0.4446413 0.6955218 0.6140809
-0.01354209 -0.5476406 1.352069 0.6460909 0.1554298
-0.008656241 -0.603875 1.217663 0.6465191 0.2226896
-0.01163004 -0.5727956 1.237839 0.6469154 0.1989632
-0.01665335 -0.549879 1.253659 0.6441455 0.1809093
-0.03059966 -0.5487254 1.296448 0.6289237 0.168794
-0.04377268 -0.5449613 1.265186 0.615474 0.1738639
-0.04586061 -0.4974844 1.271125 0.6184923 0.1428388
-0.04957325 -0.6167326 1.150037 0.6011608 0.2480233
-0.05848692 -0.4533091 1.279572 0.6094379 0.1114806
-0.06326787 -0.5778661 1.24519 0.5911574 0.1978793
-0.07149875 -0.6266663 1.140729 0.5760304 0.2556235
-0.07258216 -0.6152846 1.091176 0.5747732 0.2645273
-0.1346612 -0.4683214 1.53887 0.5346432 0.06536996
-0.1053309 -0.6193339 1.068406 0.5363435 0.2728774
-0.1291717 -0.448398 1.240451 0.5286137 0.1143433
-0.141675 -0.4626618 1.320376 0.5178515 0.1049498
-0.1848578 -0.4840392 1.261674 0.4654742 0.1306591
-0.1980639 -0.4452202 1.281046 0.4532941 0.09979475
-0.2092778 -0.5182798 1.263816 0.4381812 0.1509994
-0.1784845 -0.6398771 0.9319513 0.4385225 0.3304753
-0.190845 -0.5821118 1.007894 0.4323409 0.26687
-0.1843162 -0.5737551 0.9581845 0.4349132 0.2795826
-0.2337914 -0.4625134 1.294681 0.4147174 0.1067897
-0.1065351 -0.6288893 0.2956847 0.4709917 0.7364716
-0.200653 -0.6418021 0.8742566 0.4038907 0.3537573
-0.2292346 -0.6686925 0.9762152 0.3832733 0.3280304
-0.2585649 -0.4598958 1.291112 0.3868655 0.1048259
-0.2147535 -0.5173354 0.9543154 0.3951586 0.2419037
-0.2107391 -0.436535 0.9427515 0.3975507 0.1868185
-0.2158136 -0.5207166 0.8946998 0.3848516 0.266359
-0.2181046 -0.5366071 0.8830186 0.3803112 0.2818595
-0.2907937 -0.472914 1.319289 0.3557007 0.1057608
-0.2212541 -0.4232162 0.9223216 0.3790858 0.1827719
-0.2336226 -0.574562 0.8800069 0.360343 0.3077285
-0.2495576 -0.6280432 0.8987761 0.3453575 0.3330519
-0.2434292 -0.6234053 0.8165877 0.3384847 0.365265
-0.2574023 -0.5378361 0.9294409 0.3359128 0.2628743
-0.245945 -0.6263449 0.8038238 0.3329002 0.3726947
-0.2067727 -0.6079595 0.6019441 0.348379 0.4694266
-0.2713786 -0.5083452 0.9910777 0.3273659 0.2201211
-0.2648201 -0.5419742 0.9174929 0.3241619 0.2697827
-0.2644134 -0.5135261 0.9091446 0.3211506 0.2532463
-0.2667503 -0.6487405 0.8251529 0.3110344 0.3756837
-0.2973915 -0.6544616 0.9529249 0.2980314 0.3254223
-0.2290952 -0.5909813 0.6511237 0.3231557 0.4280872
-0.1455584 -0.6296713 0.2333434 0.3762191 0.8041121
-0.2656793 -0.618045 0.8036516 0.3057117 0.3665731
-0.2922659 -0.568347 0.9424834 0.2954925 0.2766001
-0.2993647 -0.5915383 0.9585934 0.2917427 0.2851753
-0.2772829 -0.64178 0.8120808 0.2939757 0.3767837
-0.3390845 -0.5396376 1.18129 0.2837692 0.1803206
-0.2898121 -0.5420334 0.9391031 0.2957649 0.2605258
-0.1563563 -0.6286781 0.2428046 0.3553274 0.7913398
-0.3201199 -0.5188611 1.077363 0.2840549 0.1974498
-0.2779805 -0.5842303 0.8148271 0.2884516 0.3392557
-0.2203315 -0.6431649 0.4882153 0.302257 0.5666925
-0.1681874 -0.6407438 0.2472735 0.3323698 0.791318
-0.2451439 -0.582953 0.6461942 0.2964514 0.4245235
-0.1743103 -0.642482 0.2532547 0.3214611 0.7847928
-0.296096 -0.5653397 0.7943957 0.2563481 0.3347831
-0.2977022 -0.571619 0.7683386 0.2481108 0.3509051
-0.3005141 -0.6466944 0.7079982 0.2379395 0.4287105
-0.3079194 -0.552992 0.7791194 0.2338624 0.3325997
-0.2124996 -0.6337516 0.2977706 0.2565597 0.7282212
-0.2579724 -0.6380658 0.4377508 0.2214039 0.5995599
-0.2289967 -0.6331447 0.3132482 0.2291415 0.7106234
-0.2452092 -0.6356318 0.3297645 0.2041946 0.6943291
-0.2608172 -0.6488113 0.3346582 0.1790296 0.6958338
-0.2957811 -0.6430023 0.4730743 0.1698278 0.5726925
-0.256225 -0.6347094 0.3403176 0.1868864 0.6827347
-0.01426136 -0.5783226 1.226487 0.6435815 0.2051845
-0.1356841 -0.4503861 1.242341 0.5211099 0.114966
-0.2721081 -0.6397079 0.9316177 0.3237135 0.326057
-0.2809859 -0.6055166 0.8443114 0.2927935 0.3400329
0.2348665 -0.5489359 1.189599 0.9264624 0.2082859
0.2231307 -0.6010031 1.052985 0.9216619 0.2818762
0.1842298 -0.529141 1.16331 0.8789928 0.2013751
0.1817405 -0.5621573 1.055501 0.883698 0.2554827
0.1603714 -0.5688494 0.9952031 0.865302 0.2795859
0.1235424 -0.6277649 0.5769783 0.8686641 0.5183156
0.1376746 -0.5925864 0.9924329 0.8312641 0.294236
0.1373664 -0.6289946 0.9815844 0.8229437 0.3200045
0.1323743 -0.5220518 1.184806 0.8186011 0.1885431
0.1272328 -0.5809231 1.253477 0.7927464 0.2051581
0.09418111 -0.5954648 1.031512 0.7736645 0.2800887
0.07122988 -0.6282302 0.4401187 0.8062278 0.6151243
0.09020071 -0.619958 1.280424 0.7446343 0.2185653
0.06977073 -0.5724027 1.062766 0.7468016 0.2543167
0.07230074 -0.6040554 1.347301 0.7251071 0.1919761
0.0277578 -0.6294424 0.3851621 0.7342241 0.6598595
0.01649538 -0.5533607 1.346769 0.676237 0.1611902
0.0002586469 -0.6008317 1.151023 0.6579762 0.2406018
0.001708716 -0.6284559 1.142289 0.6560225 0.2592424
-0.03221083 -0.5404345 1.330201 0.6279303 0.1555985
-0.03257517 -0.5632635 1.27765 0.6253135 0.1820655
-0.005438328 -0.6346132 0.4146506 0.6692869 0.6346111
-0.0667401 -0.6191667 1.087867 0.5809675 0.2681177
-0.1707876 -0.6318495 0.9143993 0.4462819 0.3329482
-0.1795021 -0.5802863 0.9963531 0.4449512 0.270275
-0.1810788 -0.580802 0.9497225 0.4379613 0.2873609
-0.236058 -0.5301192 1.308508 0.4139709 0.1464369
-0.2577387 -0.517086 1.25576 0.3844229 0.1502346
-0.2101253 -0.6266248 0.7693197 0.3754512 0.3908222
-0.2519629 -0.6415304 0.8151125 0.3279745 0.3765751
-0.1606902 -0.6347764 0.3481257 0.3737303 0.6827863
-0.2750218 -0.5365605 0.9174682 0.3102936 0.2655867
-0.1600138 -0.6391824 0.2337785 0.3456899 0.8071409
-0.1704101 -0.6294233 0.2595913 0.3302684 0.7710369
-0.3077334 -0.5738398 0.8013983 0.2428797 0.3367334
-0.1928733 -0.6454167 0.2674686 0.2878199 0.7687477
-0.2128553 -0.6466223 0.2873785 0.2542833 0.7461622
-0.1010322 -0.6469711 0.8370707 0.5280024 0.3777596
-0.1605597 -0.5251069 1.146373 0.4825093 0.188513
0.07179502 -0.6349842 0.4345042 0.8057777 0.6237683
-0.04550668 -0.5731134 1.161368 0.6103963 0.2191238
-0.09204246 -0.6128249 0.7254342 0.5367272 0.4103436
-0.1781723 -0.5086055 0.9708422 0.4450892 0.2318482
-0.174156 -0.6334949 0.7047667 0.4160974 0.4293504
-0.2016972 -0.6287364 0.774107 0.3878359 0.3903022
0.03164758 -0.5370007 1.378465 0.6928548 0.1448458
0.2149447 -0.6023396 1.166027 0.8931468 0.2460347
0.1008096 -0.6257359 0.5492298 0.8381453 0.5341311
0.1223172 -0.6335497 0.5873012 0.8625515 0.5150753
0.07293069 -0.6291773 0.5875946 0.7862637 0.5091546
0.05369005 -0.6260723 0.3698442 0.7864879 0.6739168
0.0702607 -0.6362785 0.5065471 0.7912154 0.5685796
-0.2312204 -0.5266498 1.230501 0.4106422 0.1637219
-0.152816 -0.6095762 0.6472189 0.4398033 0.447033
-0.2556639 -0.4530424 0.9085646 0.3290112 0.209237
-0.2584955 -0.5197334 0.9271106 0.3329725 0.2512196
-0.2524293 -0.5046937 0.9006031 0.3352207 0.2508049
-0.2159571 -0.6303155 0.8450025 0.3797917 0.3584635
-0.2965524 -0.6305916 0.6656638 0.2297271 0.4415593
-0.2136526 -0.6246768 0.7560591 0.3682779 0.3958047
-0.2130823 -0.64189 0.2908024 0.2542517 0.7399676
-0.1576733 -0.6384849 0.2291859 0.3493558 0.8125225
-0.2697033 -0.6409746 0.4419698 0.2028493 0.5971411
-0.1868184 -0.6396785 0.2644069 0.2985511 0.7696483
-0.2428051 -0.6360219 0.4875413 0.2633197 0.5613286
-0.2032711 -0.6272795 0.4995873 0.332423 0.5498418
-0.05939759 -0.6466285 0.5576655 0.5748891 0.5309042
-0.08603691 -0.5959829 1.106989 0.5616044 0.2475144
-0.04587013 -0.5991127 1.049527 0.6066828 0.2697827
-0.1470965 -0.6326346 0.7456295 0.4594362 0.4094681
-0.01090173 -0.6653112 0.8987604 0.6411567 0.3665531
-0.1302565 -0.6408906 0.4374996 0.4466032 0.6104656
-0.1955603 -0.6127976 0.7946156 0.3990334 0.3711078
-0.2000964 -0.6290954 0.8152533 0.3961987 0.3716173
0.1853935 -0.628467 0.5441468 0.9763013 0.5447559
0.09027728 -0.5844982 1.031608 0.771396 0.2731999
0.02299791 -0.6256135 0.3235865 0.7333626 0.7162572
-0.2098443 -0.4573745 1.279597 0.439764 0.1078043
-0.05071823 -0.6260172 0.3679627 0.5874665 0.6676058
0.01063061 -0.6202875 0.3650211 0.7064498 0.6717347
0.01034942 -0.6266272 0.3686837 0.7037867 0.6719863
0.02468441 -0.6103225 1.155842 0.6833904 0.2457022
-0.0125851 -0.6286711 0.3274331 0.6614236 0.71122
-0.1935251 -0.639586 0.3795384 0.319997 0.6541839
-0.07705746 -0.6325183 0.3365369 0.5340842 0.6992282
0.2332637 -0.6229448 0.5898541 1.041519 0.5138991
-0.0706362 -0.6273375 0.330836 0.546918 0.7024189
0.02642033 -0.5468009 1.286963 0.6896566 0.1722989
0.02715286 -0.5566741 1.311005 0.6880293 0.172194
0.2124707 -0.5986885 1.034707 0.9130597 0.2863277
-0.1942481 -0.6338474 0.3795445 0.3180919 0.6507603
0.3004814 -0.6514206 1.209357 0.9636158 0.2640069
-0.1100517 -0.5430808 1.124792 0.5388027 0.208496
0.2105248 -0.6377221 0.7213044 0.9626036 0.4446989
0.3140589 -0.6463779 0.9882661 1.027304 0.3356713
0.3549434 -0.4117939 1.477324 1.041617 0.05978501
0.3199809 -0.633106 0.9353163 1.05333 0.3489447
0.1276881 -0.6380633 0.609453 0.8649771 0.5041555
-0.2136306 -0.635359 0.3021673 0.2561496 0.7244524
-0.2946243 -0.6408163 0.5307451 0.1921612 0.5304168
-0.2837774 -0.5718084 0.8100998 0.2781443 0.332804
-0.426615 -0.674293 1.076949 0.1788008 0.2875716
0.2173665 -0.4204908 1.440216 0.9024684 0.06708896
0.1065283 -1.12239 0.3566666 0.7339935 0.8788255
-0.2062539 -0.5171084 0.8734317 0.3946007 0.2726676
-0.2085446 -0.521656 0.8806134 0.3926252 0.2729098
-0.2009568 -0.6383544 0.3047481 0.2829141 0.7244862
0.1043676 -0.6267834 0.4361645 0.866867 0.619891
0.03793205 -0.6380798 0.6177734 0.7262501 0.4936274
-0.268076 -0.6368902 0.3514313 0.1693177 0.6725783
-0.3732841 -0.5153595 1.510957 0.3018144 0.08969784
0.06327722 -0.5727737 1.35518 0.7205738 0.172181
0.3854883 -0.5684828 1.246134 1.073178 0.2104156
-0.319121 -0.6427389 0.5021757 0.1418323 0.5498025
-0.2537761 -0.6385347 0.4687545 0.2391763 0.5760865
-0.1566155 -0.6371217 0.3928681 0.3912745 0.6437423
-0.2807958 -0.6392404 0.3651912 0.1517647 0.6603057
0.3542605 -0.4380453 1.58452 1.010536 0.05684835
-0.351804 -0.5313672 0.7180001 0.1455639 0.3438076
0.03091738 -0.6005096 1.208756 0.6895567 0.2248762
0.0433953 -0.629944 0.4116525 0.7597333 0.6379989
-0.328837 -0.6429631 0.5003891 0.1250429 0.5505649
-0.2829458 -0.649097 0.3580591 0.1472076 0.6723438
0.03630064 -0.6292847 0.8083252 0.7116075 0.3871882
-0.0698163 -0.6303281 0.3439736 0.5489893 0.6913157
-0.209472 -0.6401073 0.3387628 0.2776526 0.6909763
0.1617433 -0.6356872 0.9667678 0.8525695 0.3306428
-0.2208157 -0.6573614 0.9223476 0.385657 0.3424669
-0.1920437 -0.5692618 0.9364876 0.4225644 0.2843609
-0.2934188 -0.6405313 0.3776788 0.1340633 0.6489158
0.1074623 -0.6321912 0.4439555 0.8683766 0.6169153
-0.2553936 -0.6459414 0.4357438 0.226656 0.6060592
-0.0001805872 -0.6274703 0.5747225 0.6721079 0.5118128
0.001572542 -0.6312327 0.4671132 0.6797058 0.5905166
-0.3116365 -0.6187319 0.4943431 0.1454913 0.5409282
-0.2626295 -0.6402874 0.4495027 0.217736 0.5913101
-0.2268649 -0.6288981 0.892419 0.3730186 0.3372434
-0.30595 -0.6382855 0.3882402 0.1150699 0.6373966
-0.2437421 -0.6355011 0.3308274 0.2074568 0.6933333
-0.2351023 -0.6442741 0.3034516 0.2154336 0.7263184
-0.3065735 -0.6439403 0.3794906 0.1115238 0.6483352
-0.3169596 -0.57693 0.4990502 0.1275124 0.509523
-0.01190119 -0.6307609 0.3271872 0.6622673 0.7126933
-0.1533727 -0.6649876 0.5706818 0.4276839 0.5274683
-0.1894602 -0.6316826 0.275836 0.2957856 0.7524809
-0.001227736 -0.6273307 0.3056205 0.6858367 0.7338144
-0.3114771 -0.4534383 0.5561134 0.1286946 0.3756103
0.0002040789 -0.6219987 0.2846996 0.6919225 0.7535191
-0.1095832 -0.4434807 1.285774 0.5531223 0.1012944
-0.3113675 -0.4092008 0.5524207 0.1138667 0.3379461
-0.2525261 -0.5479774 0.9042515 0.3382944 0.2795261
-0.2488504 -0.6449608 0.316833 0.1938899 0.7120655
0.003758915 -0.6027854 0.3884348 0.6962134 0.6391376
0.1276476 -0.9149593 0.4229162 0.8068475 0.7660709
0.08145478 -0.6407244 0.5253969 0.8054263 0.5584548
0.1067708 -0.625568 0.507552 0.8561548 0.5638297
0.2028694 -0.6133043 0.6100332 0.9918793 0.49325
-0.3806724 -0.5301478 1.541623 0.3002511 0.092237
-0.263536 -0.6374515 0.3507472 0.1778367 0.673894
-0.3285345 -0.6409965 0.4114316 0.08571354 0.6176845
0.02781514 -0.6299366 0.5151071 0.7211501 0.5557523
0.02820636 -0.6307702 0.5152162 0.7215747 0.5562068
0.08653135 -0.6268452 0.4363322 0.8348145 0.6185086
0.1420079 -0.622667 0.4827877 0.9233962 0.5829816
-0.3052691 -0.4170726 0.5178329 0.1111316 0.3685943
0.09610439 -0.6317389 1.025655 0.768654 0.3036902
-0.05237391 -0.5605856 1.249565 0.6045501 0.1869406
0.1054554 -0.62705 0.9968504 0.7834734 0.3117467
-0.03067816 -0.6353508 0.6777084 0.6216509 0.4532056
-0.2228649 -0.4952953 1.561526 0.4504448 0.07414138
-0.3154228 -0.6452463 0.5055774 0.1498707 0.5491713
-0.3899522 -0.6309029 0.5823117 0.05785247 0.4847852
-0.3449215 -0.6519282 0.4190597 0.06371066 0.6167369
-0.3427763 -0.6440705 0.4254647 0.06806141 0.6070234
-0.3003259 -0.6400551 0.4697836 0.1601446 0.5730542
0.06006426 -0.6238459 0.4863267 0.7808932 0.5753778
-0.3312656 -0.651615 0.4036042 0.08040681 0.6303031
-0.1168832 -0.6265104 0.2802937 0.4473125 0.7509066
-0.1091711 -0.632409 0.2977947 0.4657608 0.7359601
-0.09398348 -0.6242077 0.2390258 0.4897285 0.7990495
-0.2913145 -0.6541178 0.4072506 0.1541524 0.6315835
-0.1285834 -0.633025 0.3018943 0.4271613 0.7303998
-0.2247163 -0.6212493 0.7611908 0.3536762 0.3905822
-0.04205503 -0.6336093 0.4426713 0.6033887 0.6082031
-0.002145275 -0.5616729 1.253155 0.6582069 0.1886946
-0.3500375 -0.5099237 1.043722 0.2391911 0.200352
-0.185766 -1.346459 0.442196 0.3772649 0.8589502
-0.5471433 -1.389114 0.3944329 -0.01306862 0.8821203
-0.4054353 -0.6244907 0.608799 0.04351839 0.4637017
-0.2887549 -0.6480702 0.3587817 0.1363597 0.6706546
0.07957379 -0.6133353 1.307235 0.7332324 0.207472
-0.2379481 -0.6329163 0.6596365 0.3150189 0.4497504
-0.103585 -0.454094 1.251293 0.5579071 0.1167299
-0.271086 -0.6452489 0.3423044 0.1617521 0.6857351
-0.03200072 -0.6368319 0.4559312 0.6204987 0.6002687
-0.03065921 -0.6343018 0.3157061 0.6245645 0.7247922
-0.05069005 -0.6288223 0.5303484 0.5907102 0.5391589
-0.1454465 -0.4586596 1.268685 0.5110303 0.1139086
-0.290343 -0.6119425 0.5213936 0.1902687 0.5189139
-0.1165906 -0.4518819 1.51648 0.5526182 0.06001663
-0.3545869 -0.5588723 0.7469789 0.1572571 0.3490863
0.1596921 -0.6371951 0.6814892 0.8987627 0.4631474
-0.1739933 -0.6105301 0.6383182 0.4061537 0.4514892
-0.2464918 -0.6320965 0.7833903 0.3285961 0.3856211
-0.1622042 -0.6278918 0.4183477 0.3860672 0.6160932
-0.2391549 -0.6237551 0.8641752 0.3525475 0.3451314
0.03109886 -0.6328058 0.4544076 0.7318186 0.6034866
0.2157095 -0.5287918 1.187549 0.9111235 0.1956118
-0.2480171 -0.6446993 0.3865191 0.2223688 0.6469574
-0.3457433 -0.606887 0.5256492 0.097801 0.509021
-0.3055269 -0.6412529 0.3928356 0.1188137 0.635219
-0.3731164 -0.6311197 0.5584021 0.07413766 0.5010817
-0.3212592 -0.6477126 0.3924625 0.09189785 0.6381913
-0.634404 -0.8042702 1.199969 0.02045792 0.3080726
