-0.1398637 -0.01111845 0.02366311 
0.99946 1
0.99946 0
0.0005400776 1
0.0005400777 0
190
-0.0191277 -0.6385026 1.207509 0.4759859 0.2623603
-0.2171556 -0.5014834 1.315485 0.2464293 0.1532767
-0.2678561 -0.4782307 1.351334 0.1874899 0.1301068
-0.2595041 -0.5131263 1.631498 0.2132377 0.09445113
-0.1817334 -0.4633194 1.347398 0.2826589 0.1205101
-0.281775 -0.6633307 0.8726339 0.1701837 0.407662
-0.2596959 -0.6574114 0.824665 0.196036 0.4261922
-0.02518902 -0.6365229 1.213699 0.46887 0.2595234
-0.2847559 -0.6441358 0.9258389 0.1667033 0.3725194
-0.2540516 -0.5664629 0.9348882 0.1944467 0.3183466
-0.2494653 -0.6548883 0.7946533 0.2082516 0.4393285
-0.1433483 -0.680431 0.9136931 0.3543646 0.3946213
-0.102244 -0.6425532 1.143903 0.3897884 0.2858898
-0.06025735 -0.5965143 1.315471 0.4229132 0.2091708
0.1290673 -0.5896459 1.231777 0.6338718 0.2249198
-0.2694418 -0.5611038 0.9358769 0.1722049 0.3147595
0.001040831 -0.6214651 1.277227 0.4902827 0.2326299
-0.04336804 -0.5792139 1.321401 0.4399456 0.1974252
0.07667856 -0.6021313 1.073667 0.6042345 0.2815095
-0.07397169 -0.6095733 1.236166 0.4141611 0.2384461
0.0505936 -0.6286252 1.338775 0.5334713 0.2196742
-0.190058 -0.682101 0.8693078 0.2952178 0.4169484
0.1219891 -0.6735627 1.026046 0.6585144 0.3386489
-0.2135133 -0.6682377 0.9777529 0.2641612 0.3630992
0.07391115 -0.6318257 1.086412 0.596093 0.294892
-0.2635552 -0.5702417 0.9368616 0.1821723 0.3203223
-0.2639121 -0.5702047 0.9351456 0.1815503 0.3210151
0.3844055 -0.5932263 1.330625 0.869373 0.1978353
0.3958951 -0.5767165 1.34408 0.8801511 0.1851872
0.3607163 -0.5886112 1.319082 0.8504831 0.1983651
0.1904992 -0.6209233 1.195546 0.7029544 0.252273
0.1051412 -0.6001373 1.045064 0.6436237 0.2894354
0.1766611 -0.5860313 1.09358 0.7173179 0.2631805
-0.206555 -0.6707907 0.9758241 0.2730864 0.3651462
0.154063 -0.6054057 1.191164 0.6670198 0.2452472
0.4268903 -0.5752844 1.367185 0.9034304 0.1786259
0.3736336 -0.5990475 1.298988 0.8669401 0.2090846
0.4326667 -0.5679293 1.41224 0.8968629 0.1642948
-0.02583215 -0.6512498 1.184713 0.4709316 0.2764984
0.1163466 -0.6609765 1.028805 0.6529818 0.3306994
0.4185969 -0.5312329 1.383622 0.900429 0.149762
0.3943114 -0.5708548 1.269159 0.9034436 0.2003152
-0.2167873 -0.6690794 0.8044317 0.2569621 0.44156
0.3731197 -0.5749988 1.253277 0.8859698 0.2071122
0.4016953 -0.5710703 1.234362 0.9226035 0.2094095
0.004705742 -0.6282708 1.263564 0.4954536 0.2401458
0.3591425 -0.5166453 1.328381 0.8614871 0.15408
-0.2310165 -0.4653817 1.348283 0.2272265 0.1220474
0.4997993 -0.5761479 1.286066 1.001868 0.1977648
0.5087171 -0.4589592 1.396315 1.003644 0.1027716
-0.2094682 -0.5762062 0.9475835 0.2572998 0.3184108
0.4831904 -0.5765748 1.274945 0.9893619 0.2010124
0.5049266 -0.5810044 1.343849 0.984624 0.1864284
0.3748008 -0.5989109 1.190667 0.902452 0.2380123
0.476802 -0.57896 1.31453 0.9682143 0.1926278
-0.08672765 -0.6782147 0.5862589 0.4623531 0.5685164
0.06614555 -0.5880449 1.090757 0.5900268 0.2674929
0.06723845 -0.6760064 0.6506978 0.6827255 0.5174402
-0.08512795 -0.6795878 0.7169668 0.4480106 0.4885001
0.01347946 -0.6812507 0.8729972 0.5576757 0.4077237
0.4937003 -0.5793723 1.379833 0.9620388 0.1773025
0.4892855 -0.5754647 1.370049 0.9621376 0.177408
0.1969108 -0.4349791 1.477486 0.6730736 0.07346278
0.3531801 -0.6039991 1.206331 0.8736168 0.2368631
0.05424345 -0.6420503 1.277487 0.544506 0.2431744
0.3265747 -0.6630248 1.175608 0.8425839 0.2791009
0.4447067 -0.5733306 1.251089 0.9601974 0.2057562
-0.01378788 -0.6754508 0.4685376 0.6074679 0.6501229
0.06036802 -0.67559 0.5657857 0.6990722 0.5721592
0.1540795 -0.6755972 0.7043824 0.7887317 0.4822235
0.009130314 -0.6758912 0.5121918 0.6334856 0.6142989
-0.07380556 -0.6495386 1.138026 0.4222845 0.2911825
0.3831835 -0.6560606 1.135983 0.9153243 0.2862711
0.38371 -0.6562879 1.138406 0.9149873 0.2856374
-0.07755858 -0.6752858 0.397298 0.5109338 0.7181193
0.3385801 -0.5022945 1.336701 0.8410521 0.1435949
0.3371412 -0.5012842 1.331399 0.8413547 0.1441911
0.1677185 -0.5596668 1.223399 0.6805272 0.2088195
0.3786293 -0.5930757 1.194754 0.9065349 0.2334194
0.3756475 -0.6715549 0.9972136 0.9535357 0.3415842
-0.1173917 -0.6189477 1.14992 0.3713305 0.2705851
-0.2886787 -0.6795464 0.8462369 0.161837 0.4299254
-0.3047044 -0.6753573 0.8627924 0.1406967 0.4201835
-0.09264591 -0.6032266 1.299286 0.390091 0.2177117
0.2994723 -0.6814715 1.032825 0.8539485 0.3361876
0.503383 -0.5779478 1.193173 1.041276 0.2231303
0.4795883 -0.583415 1.157261 1.029426 0.2368441
0.4982555 -0.5639744 1.19177 1.041094 0.2153372
0.07469368 -0.6601485 1.291299 0.5623827 0.2488988
0.4856143 -0.5827506 1.357107 0.961122 0.1845056
0.490703 -0.5808791 1.182817 1.031408 0.2279167
-0.02851537 -0.6784317 0.4449295 0.587961 0.672744
0.1091642 -0.6821954 0.6256136 0.7511426 0.5341626
-0.2477202 -0.6640972 0.8191934 0.2136064 0.4324412
-0.05861081 -0.566065 1.339716 0.4224049 0.1853169
-0.2385384 -0.679373 0.9305364 0.2329157 0.3898395
0.4351411 -0.6560205 1.01573 1.016801 0.3247975
0.2098561 -0.6346788 1.116476 0.7407536 0.2838676
0.09894331 -0.6721764 0.5610912 0.7617663 0.5710735
0.006135866 -0.6768114 0.4155394 0.6587577 0.6948044
0.01922899 -0.6380802 1.330433 0.5027214 0.2274194
-0.2522698 -0.6610042 0.8915789 0.2105697 0.3966234
-0.3073589 -0.6685686 0.9889582 0.1474932 0.36151
-0.3076142 -0.656515 0.8624564 0.1326053 0.4092528
0.07478891 -0.703248 1.002191 0.6062591 0.3651098
-0.1729649 -0.63988 0.6449547 0.3185565 0.5117385
-0.07912809 -0.6380672 1.190459 0.4123438 0.2683226
0.08223931 -0.6764075 0.5452169 0.7404752 0.5856231
0.1464981 -0.6779858 1.027625 0.6854259 0.3399241
-0.04020958 -0.5605147 1.385767 0.4379586 0.1707727
0.08616419 -0.6730925 0.4679872 0.7784934 0.6417656
0.1269822 -0.6718827 0.5199879 0.8231711 0.5983008
0.3789105 -0.6666716 1.004877 0.9556329 0.3360057
0.4359483 -0.6246617 1.028335 1.022821 0.3024495
-0.2455789 -0.6782714 0.9159102 0.2231534 0.3957499
-0.2976913 -0.5499362 0.9868911 0.1357202 0.287688
-0.09730506 -0.6509534 1.146377 0.3954681 0.2897726
-0.2465774 -0.6688855 0.662737 0.2074016 0.5221609
-0.2556224 -0.6774204 0.5149478 0.1832318 0.631677
0.2254505 -0.6208362 1.124812 0.7579814 0.2729691
0.43611 -0.5538221 1.413037 0.9030386 0.1561652
0.03328708 -0.676164 0.3985698 0.7140876 0.7075659
0.4133117 -0.6301655 1.129677 0.9560967 0.2732052
-0.3041194 -0.5710586 0.9746747 0.1303442 0.3067295
0.3237253 -0.6756839 0.8665811 0.9445778 0.3970681
-0.2190604 -0.6569763 0.6399865 0.247526 0.527908
0.1703552 -0.674828 0.5798529 0.8627815 0.5557753
0.125219 -0.6163093 1.216385 0.6300356 0.2447233
0.4260721 -0.5741091 1.228961 0.9488347 0.2122902
0.342887 -0.6746753 1.054908 0.8955917 0.3237418
0.4329474 -1.093752 0.8207362 0.9599477 0.6000855
-0.243307 -0.5257989 0.9702195 0.204237 0.2761345
0.162257 -0.6844304 1.019903 0.7041551 0.3458978
0.2031307 -0.689014 0.9517551 0.7683271 0.3731751
0.1632657 -0.6686443 0.8113512 0.7663035 0.4234123
0.05166365 -0.681938 0.4644988 0.7193176 0.6521267
0.06738038 -0.6920475 0.5527551 0.7110052 0.5901466
0.1162565 -0.6815069 0.6951705 0.7379167 0.4924736
0.08784725 -0.6208785 1.193614 0.593753 0.2545816
-0.0361756 -0.6839877 0.3572751 0.5982611 0.7579813
-0.1935257 -0.6803693 0.5762491 0.2913057 0.5832654
-0.2164818 -0.5514951 0.9894079 0.2455091 0.285825
-0.1567377 -0.6770681 0.6463203 0.3474364 0.5324787
-0.1417045 -0.6039585 1.11986 0.3435989 0.2718034
-0.1355321 -0.6790544 0.678391 0.3778412 0.5128967
-0.2438933 -0.5425047 1.330353 0.2221588 0.1756392
-0.1395563 -0.4719124 1.370314 0.3300636 0.1206934
0.1186481 -0.6596376 1.340129 0.5986515 0.2350513
0.01962787 -0.6676531 0.3282179 0.7199064 0.7740325
-0.2527345 -0.5645615 1.018608 0.2008702 0.284471
-0.2509949 -0.5559859 1.002417 0.2008139 0.2847604
-0.2513566 -0.6785029 0.6007829 0.1975961 0.5686382
-0.2911996 -0.5523328 0.9605085 0.1424809 0.2994415
0.1656706 -0.4450957 1.465804 0.6426207 0.0821768
-0.2413911 -0.6722317 0.5379773 0.2085482 0.6097673
-0.2590443 -0.4579434 1.002057 0.1716267 0.2150496
0.06076662 -0.680115 0.5559533 0.7020577 0.5815489
-0.1946869 -0.6835799 0.3770239 0.2904022 0.753314
-0.1993412 -0.6791812 0.3760204 0.280585 0.7524793
-0.2261694 -0.6775213 0.9724532 0.2494642 0.3709484
-0.165021 -0.6586297 0.6553525 0.3326319 0.5162964
-0.2580475 -0.6726153 0.9797962 0.2093108 0.3660991
-0.2930584 -0.6403338 0.9728512 0.158915 0.3508815
-0.2539035 -0.6617615 0.6849571 0.1961083 0.5046495
-0.1428453 -0.678376 0.3127202 0.3971499 0.8140246
-0.2773208 -0.5052627 0.9726973 0.1529465 0.261355
-0.2763714 -0.5017204 0.966089 0.1529137 0.2612814
-0.0971119 -0.6767246 0.3715736 0.4790134 0.7457393
0.08323784 -0.6781093 0.5915018 0.7251409 0.5549989
-0.2853342 -0.629344 0.7000424 0.1412947 0.4771066
-0.2809653 -0.6735025 0.5165302 0.1378552 0.6300036
-0.2544439 -0.6608893 0.6259125 0.1907466 0.5414282
-0.27047 -0.675415 0.9660764 0.1934438 0.3736565
0.1859569 -0.6609588 0.7418894 0.8223103 0.4523023
0.05731761 -0.6444114 1.198226 0.5587339 0.2670597
-0.06865107 -0.679338 0.400478 0.5265273 0.7165101
0.05843924 -1.249171 0.4500142 0.6410186 0.8716308
-0.2831722 -0.6855499 0.5158733 0.137243 0.6375662
0.02376463 -0.6696143 0.4720063 0.6718253 0.641166
0.09835817 -1.141682 0.3548934 0.7284693 0.9116132
0.09609814 -1.221777 0.3870232 0.7032475 0.9066785
-0.2369583 -0.6681846 0.8676742 0.2310985 0.4112465
-0.2217411 -0.6916094 0.2864459 0.2346799 0.8603549
0.003291175 -0.6834744 0.3538448 0.6742643 0.7573236
0.1207466 -1.144061 0.3804129 0.7489052 0.8906622
-0.3086746 -0.6635603 0.6525623 0.1071626 0.5287296
-0.2480819 -0.6563488 0.6187202 0.1995855 0.5430991
-0.3195998 -0.598154 0.5654994 0.05258647 0.547969
0.4715172 -0.5721699 1.10896 1.045022 0.2445481
-0.1622372 -0.6357632 0.6478806 0.3351046 0.5067522
