-0.07360607 0.01147029 0.0529131 
0.99946 1
0.99946 0
0.0005400776 1
0.0005400777 0
386
-0.002354637 -0.641464 1.196943 0.3128384 0.2891923
-0.2003856 -0.5050554 1.307847 0.06293571 0.1815141
-0.2507664 -0.4825556 1.343902 -0.0004996657 0.1587123
-0.2409694 -0.5196254 1.623212 0.03312767 0.1187969
-0.2526868 -0.5432451 1.312923 0.01031727 0.2058111
-0.229548 -0.4614639 1.628876 0.03335717 0.08303344
-0.1431597 -0.4449616 1.577507 0.1190322 0.0813055
-0.1902487 -0.4441203 1.622302 0.07038736 0.0730933
-0.1631217 -0.4680182 1.338999 0.1000248 0.1482347
-0.2012123 -0.4671334 1.343736 0.05484858 0.1473471
-0.267168 -0.6604432 0.8628911 -0.008529127 0.4487712
-0.1419661 -0.4770918 1.306142 0.126696 0.1621138
-0.2449494 -0.6543104 0.8146256 0.01832384 0.4685991
-0.2535993 -0.4497288 0.9802402 -0.04701918 0.2509201
-0.009753093 -0.6398237 1.203361 0.3038934 0.2865517
-0.2678296 -0.6402654 0.9158147 -0.01114738 0.4109321
-0.2393484 -0.5638477 0.9262704 0.007268339 0.3556989
-0.2346928 -0.651148 0.7838151 0.03073502 0.4827905
-0.1296745 -0.6788687 0.9032343 0.1864928 0.4298477
-0.08686846 -0.6444502 1.133771 0.2225557 0.3153695
-0.04393987 -0.6001151 1.305533 0.2543977 0.2351328
-0.2294685 -0.6528533 0.832559 0.04181936 0.4569586
0.1451022 -0.592854 1.221846 0.4689203 0.2484564
-0.2537616 -0.5597495 0.9270755 -0.01519346 0.353488
0.0169353 -0.6226244 1.264597 0.325307 0.2574351
-0.05629638 -0.5684915 1.305228 0.2377321 0.2172194
-0.02674863 -0.5829187 1.311642 0.2709017 0.2230081
0.09364222 -0.6062004 1.068994 0.4399183 0.3074852
0.09209947 -0.6027279 1.064241 0.4390207 0.3071724
-0.05789201 -0.6127992 1.225861 0.2460495 0.2661249
-0.2396434 -0.6734178 0.7591268 0.02834672 0.5104614
-0.2410465 -0.6712579 0.7583303 0.02549919 0.5098029
0.01791017 -0.5508072 1.464987 0.3016917 0.1651849
-0.2531999 -0.5503139 1.283489 0.009668738 0.2185287
0.06621166 -0.6323504 1.327589 0.3697269 0.243479
-0.1739154 -0.6769378 0.8596452 0.1273382 0.4529009
0.1072285 -0.6238992 1.049762 0.4594706 0.3241343
0.1366545 -0.6737717 1.015411 0.4995168 0.3636606
-0.1988511 -0.6651691 0.9678975 0.09174463 0.3975208
0.08827563 -0.6334006 1.07602 0.4322556 0.3211251
-0.2488287 -0.5680672 0.9261413 -0.005350351 0.3591693
-0.247696 -0.5679448 0.9255695 -0.003774345 0.359276
0.4004542 -0.5983899 1.319155 0.7047411 0.2170668
0.4118455 -0.5814407 1.33299 0.714058 0.2039616
0.3761135 -0.5943613 1.30831 0.6848353 0.2183096
0.2062007 -0.6224951 1.183736 0.5411655 0.2744985
0.1198041 -0.6004739 1.03496 0.4780302 0.3150489
0.1915867 -0.5875189 1.083261 0.5515493 0.2870431
0.1847264 -0.5701184 1.415254 0.4746904 0.1836874
-0.1929845 -0.6682794 0.9657313 0.1000774 0.3998802
0.1696452 -0.6099832 1.181106 0.5031074 0.2696072
0.4437472 -0.5821704 1.355675 0.7375468 0.1980074
-0.08993773 -0.4724926 1.341015 0.1860498 0.1489962
0.3897571 -0.6047508 1.287539 0.7027669 0.2290124
0.4496243 -0.5749361 1.402743 0.7300482 0.1828984
-0.009860575 -0.6540926 1.173641 0.3078442 0.3040028
0.131551 -0.6620031 1.017897 0.4935315 0.356459
-0.02605182 -0.6810943 0.908123 0.3212771 0.4218416
0.4353973 -0.5355196 1.371046 0.7321412 0.1684247
-0.2002839 -0.6543789 0.7993609 0.08389303 0.4731963
-0.1355446 -0.6721972 0.6327622 0.1904386 0.5789897
0.3913514 -0.5743235 1.229195 0.7269906 0.2275178
0.4097964 -0.5755309 1.258203 0.7360851 0.2198216
0.1801205 -0.5855209 1.075986 0.5402666 0.2888059
-0.2018526 -0.6647227 0.7953849 0.08411506 0.481594
-0.2028764 -0.6644374 0.7949217 0.08252165 0.4817674
-0.1115601 -0.6777316 0.7985496 0.2170088 0.4798847
-0.1157002 -0.6710945 0.9121934 0.2033079 0.4203373
-0.06110443 -0.6754141 0.730563 0.2958627 0.511875
0.3887514 -0.5792174 1.243346 0.7190604 0.2265462
0.4174451 -0.5752692 1.223657 0.7552123 0.2287575
0.0203816 -0.630802 1.253338 0.3307186 0.2651693
-0.281561 -0.6462541 0.9120578 -0.02900928 0.4172593
-0.1197752 -0.6721144 0.7109253 0.2101269 0.5270633
0.3759902 -0.5220307 1.320058 0.691116 0.1739469
-0.2141249 -0.4693043 1.340102 0.03981242 0.1500081
0.5154767 -0.5814215 1.275972 0.8326918 0.2154064
-0.04346438 -0.6741145 0.713907 0.3239071 0.5192173
-0.06053783 -0.6767735 0.7454304 0.2949259 0.504109
-0.06238805 -0.6584625 1.161834 0.2503699 0.3125975
0.5238277 -0.4645229 1.386436 0.825273 0.1212775
-0.01010388 -0.6457698 1.180162 0.30631 0.2972726
-0.1914541 -0.5669692 0.9336584 0.07802615 0.3515022
0.4983134 -0.5823628 1.26517 0.8197682 0.2192203
0.5205189 -0.5883871 1.334274 0.815537 0.2045621
0.3900977 -0.6033095 1.17998 0.7369943 0.2580411
0.3584762 -0.4327874 1.306714 0.6898748 0.1215798
0.4922409 -0.5850141 1.302839 0.8002065 0.2112403
-0.05655812 -0.6751882 0.7498573 0.2999381 0.5003611
-0.07483003 -0.6727629 0.5753179 0.2954714 0.6129462
0.08170493 -0.5895885 1.080896 0.4235963 0.293907
0.155137 -0.6730066 0.7084016 0.6082861 0.5037863
0.080778 -0.6712189 0.6393721 0.5245308 0.5509696
0.130994 -0.649958 1.017365 0.4934589 0.3499107
0.001002267 -0.5736474 1.367798 0.2948187 0.2020446
-0.07007997 -0.6730494 0.7058748 0.2854772 0.525887
0.5059236 -0.5828313 1.359729 0.7944348 0.195814
0.5094227 -0.58634 1.366195 0.7949158 0.1961061
0.06700043 -0.6716876 0.6207286 0.5094743 0.5646777
0.2138204 -0.4433993 1.469641 0.4972778 0.09626329
0.049159 -0.6723583 0.5996075 0.4883483 0.5810872
0.368346 -0.6081486 1.196525 0.708557 0.256708
0.06997386 -0.6447098 1.267277 0.3819724 0.2669604
0.3405371 -0.6657068 1.164837 0.6815619 0.2986571
0.4603507 -0.5786967 1.2412 0.7916616 0.2246216
-0.1721113 -0.6714653 0.7621957 0.1295053 0.5014616
-0.0009738654 -0.6669844 0.4592283 0.4464946 0.6928325
0.07333533 -0.6689562 0.5561518 0.5401764 0.6068568
0.1674933 -0.6714501 0.6950886 0.6303557 0.5093327
0.01301748 -0.6673055 0.4903036 0.4617336 0.6645942
0.02194487 -0.6682996 0.5025181 0.4732552 0.6539639
0.1741998 -0.6698657 0.706737 0.6356055 0.5012644
-0.05018154 -0.6658903 0.4070004 0.3701209 0.7485343
-0.1800591 -0.4561372 1.592754 0.08256021 0.08586103
-0.06013133 -0.6524801 1.1299 0.2547553 0.3200177
0.08274059 -0.6116456 1.445243 0.3708071 0.201948
0.1700396 -0.6709098 0.6808041 0.639282 0.5170129
0.1157744 -0.6691636 0.6122485 0.5860403 0.5636192
0.3989854 -0.6594197 1.124585 0.7549561 0.3055286
0.3982071 -0.6598327 1.124819 0.7540058 0.3057083
0.09632976 -0.6701331 0.5788566 0.5682157 0.5887651
0.01763889 -0.6695811 0.5408682 0.4548948 0.625352
-0.04344331 -0.550104 1.33842 0.2476609 0.1970376
0.004138902 -0.6669472 0.4540482 0.4571186 0.6965885
0.005409837 -0.6679883 0.4543163 0.4592682 0.6967199
-0.06531858 -0.6652051 0.3884339 0.3452275 0.769441
0.3553975 -0.508532 1.325527 0.6704994 0.165045
0.3533635 -0.5068352 1.322977 0.6693881 0.1646765
-0.2441106 -0.6756763 0.7766024 0.02342489 0.502108
0.1832502 -0.559531 1.214902 0.5128635 0.2295594
0.3943411 -0.5963831 1.183757 0.741288 0.2528656
0.3900633 -0.6720934 0.9854542 0.7934832 0.3606952
0.0477369 -0.6694875 0.4514194 0.5346527 0.6936901
0.05649343 -0.6682152 0.463007 0.5456597 0.6817399
0.03934562 -0.5756851 1.44869 0.3262404 0.1825036
0.03860343 -0.5766176 1.449585 0.3254586 0.182834
-0.09983094 -0.6199675 1.138356 0.2039109 0.3002661
0.4332061 -0.6234328 1.06979 0.8178846 0.3020451
0.1509791 -0.6773151 0.7330472 0.5937299 0.4929835
-0.2753272 -0.675795 0.8361605 -0.01788944 0.4721959
-0.2895636 -0.6705369 0.8525932 -0.03864408 0.4616964
0.0001379624 -0.6661315 0.3880995 0.4708675 0.7586162
0.08575679 -0.6261534 1.085093 0.4276968 0.313876
-0.07656074 -0.6055463 1.288831 0.2206223 0.2440237
-0.1204748 -0.647298 1.111562 0.1844591 0.326361
0.3141548 -0.6828005 1.021235 0.6958896 0.3571842
0.5182284 -0.5825086 1.182912 0.8705975 0.240977
0.4947718 -0.588323 1.147318 0.859628 0.2553957
0.5124623 -0.5678766 1.18194 0.8686987 0.2330228
0.09001651 -0.6644521 1.279991 0.4012736 0.2731749
0.3748301 -0.5318621 1.30724 0.6923989 0.182927
0.500766 -0.5893575 1.345491 0.7931293 0.2028981
0.5050272 -0.585861 1.17268 0.8605455 0.2462459
0.1077336 -0.6668431 0.5442348 0.5993938 0.6101846
-0.01660921 -0.6697803 0.4343646 0.4255268 0.7190368
0.1609014 -0.67334 0.667557 0.6309925 0.5270196
0.1786465 -0.6731668 0.7148507 0.6382412 0.4982412
0.03392838 -0.6679236 0.4309083 0.5178955 0.7132127
0.1220249 -0.6758642 0.6147411 0.59364 0.5651117
0.2307123 -0.6708403 0.7054614 0.7130301 0.4976208
-0.2350418 -0.6604766 0.809629 0.03452462 0.4741299
0.04456573 -0.6670707 0.3929527 0.551875 0.7466609
0.08595175 -0.674333 0.6425431 0.5309914 0.5502034
0.5406108 -0.5694505 1.223128 0.8800205 0.2217517
-0.04266188 -0.5699711 1.329324 0.2511323 0.2111732
0.2417557 -0.6747812 0.7032613 0.728023 0.5001062
0.206558 -0.6704276 0.6775712 0.6915839 0.5152718
0.1866909 -0.6720877 0.7213978 0.6469464 0.4933466
-0.1543059 -0.4810679 1.3577 0.1128854 0.1519662
-0.2243494 -0.6779426 0.9203618 0.05955478 0.4278951
0.2299051 -0.5680065 1.208903 0.5643272 0.2347757
0.4686335 -0.6323643 1.046962 0.8626485 0.3131443
0.4501339 -0.6576905 1.003699 0.8546399 0.343118
0.06501423 -0.6698276 0.4636605 0.5598871 0.68082
0.02912825 -0.6579105 0.3130527 0.5574842 0.8292797
0.1192124 -0.66686 0.6285936 0.5856241 0.5514048
0.01839121 -0.6703503 0.4053895 0.498688 0.7407842
0.0351553 -0.6419126 1.319518 0.3392991 0.251878
-0.2362015 -0.6565244 0.8796988 0.03570202 0.4357523
-0.2945327 -0.6719952 0.9860969 -0.03170288 0.3995505
-0.08281474 -0.6373402 1.150254 0.2254049 0.3055107
-0.2993237 -0.6709004 0.8725986 -0.0503915 0.4524369
0.03500985 -0.6435279 1.230592 0.3497336 0.2784649
0.3631952 -0.5975839 1.396556 0.6482289 0.1987265
0.08977242 -0.6998097 0.9864948 0.4504745 0.3917109
-0.1597218 -0.6342912 0.635869 0.1422117 0.5572515
-0.06239025 -0.6388798 1.177455 0.2471814 0.2964737
-0.1927483 -0.6353829 0.6622505 0.08734307 0.5436256
-0.2143284 -0.5128834 0.9801571 0.03240839 0.2959619
0.1919277 -0.6664282 0.6527956 0.6820254 0.5289702
0.09490229 -0.6688807 0.5342527 0.5825056 0.6202521
0.161299 -0.6804385 1.01733 0.5269797 0.3652765
-0.08351326 -0.6651343 0.3814 0.3109721 0.7799953
-0.08344237 -0.6662853 0.3814194 0.3112471 0.7805418
-0.02598335 -0.6078286 1.270068 0.2773606 0.2489867
-0.2393737 -0.4949679 1.684011 0.03232858 0.09300596
-0.02280119 -0.5641551 1.37404 0.2684845 0.1956231
0.09856187 -0.6669252 0.4576527 0.6201364 0.6794809
-0.2579153 -0.6678808 0.6642714 -0.01020384 0.5686486
0.06156425 -0.6676617 0.5260148 0.5316222 0.6299788
0.1396043 -0.6671582 0.50945 0.6649083 0.6323636
0.4728904 -0.5864815 1.139653 0.84053 0.257404
0.5186628 -0.5757214 1.152693 0.8850498 0.2457187
0.5371474 -0.5782377 1.154379 0.9025669 0.2460457
0.521755 -0.5787824 1.136067 0.8944206 0.2522624
0.3926016 -0.6657739 0.9920707 0.7950557 0.3546636
0.4511719 -0.6274222 1.019994 0.856475 0.3204203
0.4649545 -0.5855876 1.173595 0.8194678 0.2472
0.2095607 -0.6674304 0.5247092 0.7677413 0.61242
0.2123245 -0.6741914 0.6603667 0.7060695 0.5269181
-0.2594326 -0.4522382 0.9632176 -0.05732292 0.2600381
-0.2311641 -0.6757057 0.9064289 0.04915744 0.4336398
-0.2818843 -0.548606 0.9780183 -0.05474567 0.3253148
-0.08268292 -0.6540872 1.139584 0.2282146 0.3186147
-0.2351581 -0.6685603 0.6558051 0.02692565 0.5722737
-0.2415749 -0.666442 0.5053005 0.001881838 0.6883502
0.2392024 -0.6165044 1.112518 0.5950184 0.2922884
0.02131949 -0.6782253 0.9702162 0.3714344 0.3905044
0.3662792 -0.4685681 1.331404 0.6852921 0.1388305
-0.2031707 -0.6529016 0.7056754 0.07652509 0.5271984
0.449911 -0.5583357 1.396193 0.7347691 0.1752405
0.04524171 -0.66697 0.3891522 0.5546876 0.7501945
-0.2160642 -0.5567575 0.946445 0.04040748 0.3405622
0.3610259 -0.522474 1.317167 0.6768079 0.1752776
0.4290962 -0.6316369 1.116341 0.7941926 0.2917613
-0.2250976 -0.6636995 0.6416225 0.04111779 0.5780851
-0.09878173 -0.6650943 0.3423857 0.2871798 0.8254265
-0.1468073 -0.4810223 1.577869 0.1210457 0.1034427
0.3385629 -0.675508 0.8578662 0.7851054 0.417182
-0.2095389 -0.6724206 0.7717991 0.07406536 0.4998831
-0.2066105 -0.6515348 0.6310983 0.06785208 0.5762107
0.09995629 -0.6669917 0.4604768 0.6212592 0.6769322
0.1685676 -0.6699216 0.5467144 0.6929572 0.6028545
-0.2146128 -0.6542348 0.6644625 0.05678201 0.555814
0.183512 -0.6693566 0.5698025 0.7052913 0.5847143
0.1406702 -0.6183077 1.204256 0.4669596 0.2683834
0.0923356 -0.5932633 1.0869 0.4350502 0.2935755
0.4411729 -0.5780096 1.217484 0.7808736 0.2312728
0.3555694 -0.674316 1.038963 0.7361189 0.344203
0.4290013 -0.6595746 0.9817799 0.8404021 0.3532023
0.3291237 -0.6759194 0.6953357 0.847515 0.497608
-0.01814416 -0.6688492 0.4384663 0.4215881 0.7150309
0.1884718 -0.6736574 0.6320537 0.6843521 0.5460723
-0.2239521 -0.5177693 0.9526089 0.01791486 0.3114538
-0.1059576 -0.6457068 1.124665 0.2008438 0.3201327
-0.2150722 -0.6538637 0.6896516 0.05710512 0.5391295
0.3068817 -0.6597169 1.141037 0.6546913 0.3042785
0.1758638 -0.675337 0.9979357 0.5487084 0.3691056
0.2175651 -0.6879427 0.9395673 0.6117791 0.3968292
0.1775386 -0.6678821 0.8029559 0.6071795 0.4495021
0.3086294 -0.6903214 1.06293 0.6756783 0.3465851
0.06443061 -0.6720568 0.4551443 0.5619242 0.6893666
0.08059764 -0.682051 0.5431445 0.554934 0.6227107
0.1291436 -0.6727354 0.6823903 0.5808122 0.520898
0.1038232 -0.6785403 0.702684 0.5380853 0.5147312
-0.02484884 -0.6753368 0.3477643 0.4356277 0.8096929
-0.2716236 -0.6655247 0.6806937 -0.03190696 0.557772
0.6368613 -0.5665438 1.343318 0.9247072 0.1874987
-0.1807491 -0.6708582 0.5656868 0.1164069 0.6324794
-0.2132173 -0.6669292 0.331504 0.04383236 0.8633571
-0.02607075 -0.6674122 0.3966192 0.4186266 0.755383
0.1504153 -0.6704397 0.5118532 0.6804443 0.6309707
-0.2017026 -0.5492383 0.9804555 0.06044459 0.3202399
-0.08407609 -0.676941 0.7217061 0.2633197 0.5200228
-0.1181622 -0.6659364 0.3180135 0.2504018 0.8583996
0.02475514 -0.6657178 0.356712 0.5293802 0.7860554
-0.1440314 -0.6707233 0.6376274 0.1761737 0.5757747
-0.1262824 -0.6018141 1.10669 0.170615 0.3016732
-0.1822345 -0.6366263 0.696838 0.1054536 0.5208629
-0.1229753 -0.674803 0.6700903 0.2084924 0.5543729
-0.2283743 -0.5453055 1.321449 0.03952551 0.2040024
-0.2016627 -0.6655162 0.7310945 0.08304605 0.5189099
0.1606525 -0.6101846 1.048204 0.5228773 0.3140984
-0.1220984 -0.4742591 1.356357 0.1488536 0.1471222
0.2665298 -0.6717829 0.6841276 0.7706266 0.5069164
-0.2761755 -0.4782673 1.338151 -0.03258139 0.1579754
0.3612067 -0.5433381 1.316008 0.6745867 0.1878425
0.1337046 -0.668474 1.338275 0.4362134 0.2575842
0.2171945 -0.6830542 0.5273798 0.7736672 0.6181529
0.03117698 -0.659371 0.3196548 0.558433 0.8220431
0.06567606 -0.670772 0.561797 0.5259776 0.6047198
-0.2096432 -0.446294 1.635614 0.0511314 0.07226193
0.02277394 -0.6336734 1.322746 0.3257712 0.2469264
-0.223882 -0.672535 0.8860058 0.05751023 0.4411064
-0.2343315 -0.5509402 0.9876673 0.01512816 0.3201965
-0.202778 -0.5992549 0.9741997 0.07131493 0.3554156
-0.06964754 -0.479734 1.33867 0.2104087 0.1538256
-0.213642 -0.6320602 0.6787335 0.05226302 0.5329045
-0.2153828 -0.6346284 0.6807097 0.05028161 0.5333678
-0.2348847 -0.6675929 0.5186161 0.01612458 0.6764365
0.1807813 -0.6790829 0.738796 0.6316731 0.4883909
-0.08522519 -0.6820434 0.4887332 0.291678 0.6879258
-0.02034411 -0.6324503 1.258688 0.2864912 0.2659866
0.5260741 -0.6772815 1.008205 0.9277945 0.3483907
0.4415346 -0.6949312 0.8263471 0.9150578 0.4349819
-0.2193554 -0.6697529 0.3250322 0.03091192 0.873942
-0.2374883 -0.6704823 0.5903936 0.01864025 0.6206154
-0.1242827 -0.6659658 0.3108158 0.2382201 0.8685009
-0.2760589 -0.5532201 0.9530032 -0.04755706 0.3388841
0.1818177 -0.4518226 1.455817 0.4670089 0.1047999
-0.268514 -0.6499688 0.8360888 -0.01623619 0.4564924
-0.2297135 -0.6698385 0.5317 0.02757239 0.6658732
0.1406247 -0.6714543 0.4998005 0.6700861 0.6420281
-0.2462362 -0.4637243 1.006205 -0.02798981 0.2511656
0.07329075 -0.6728708 0.5452502 0.5434835 0.6169993
-0.2236816 -0.6691998 0.3185086 0.02037102 0.8828108
-0.02241634 -0.6067755 1.29016 0.2794101 0.2425263
-0.182656 -0.6736646 0.3678108 0.1132232 0.8178443
-0.2352006 -0.6537904 0.7060238 0.02560094 0.5307077
0.3653319 -0.4387256 1.304017 0.6971493 0.1259689
0.09758489 -0.67063 0.5158826 0.5937124 0.634755
-0.1876477 -0.6730087 0.368115 0.1026165 0.8181853
0.2700675 -0.6721193 0.68275 0.7759673 0.5075688
-0.2098622 -0.6696672 0.9552054 0.07800576 0.4063738
0.1913809 -0.6775311 0.5615177 0.7191414 0.5940679
-0.1507195 -0.6492407 0.6429857 0.1604462 0.5603614
-0.1097435 -0.6722832 0.6657898 0.229047 0.5543264
-0.1107353 -0.6743694 0.6677628 0.2276666 0.5543516
0.1342429 -0.6795785 0.6950392 0.5830065 0.5169472
-0.1718364 -0.6694807 0.650951 0.1305467 0.5691131
-0.2008416 -0.4889006 1.302738 0.05869361 0.1723543
-0.2370295 -0.6442128 0.9397589 0.03447655 0.4001733
0.359782 -0.4741341 1.636542 0.5996051 0.08201039
-0.147929 -0.6769201 0.6627704 0.1701322 0.5629469
-0.1762775 -0.5198816 1.347557 0.09483731 0.179814
0.6093972 -0.4654554 1.338796 0.9265468 0.1304529
0.5445996 -0.661597 1.01859 0.946886 0.3354531
0.2028998 -0.6410652 1.252731 0.5216281 0.2644598
0.03366311 -0.6685481 0.5187601 0.4879168 0.6396767
0.04132496 -0.6797034 0.4377525 0.5275076 0.7121003
-0.2788688 -0.6390731 0.9653684 -0.02247018 0.3883401
-0.01108798 -0.6011121 1.325463 0.2879634 0.2291859
-0.2517572 -0.6352435 0.6270047 -0.01576215 0.5746151
-0.2614887 -0.6815825 0.7729095 -0.001180053 0.5091734
-0.2431984 -0.6670508 0.6846695 0.01543528 0.5530282
-0.2369085 -0.6693932 0.3112585 -0.01029962 0.8951693
-0.204237 -0.646725 0.6927634 0.07264352 0.531769
0.3348889 -0.5974261 1.197705 0.6752487 0.2514845
0.2366668 -0.5695373 1.204136 0.5726687 0.2368287
-0.1839396 -0.7037786 1.302092 0.1187449 0.2974918
0.446824 -0.6363968 1.025286 0.8473418 0.3238341
0.5126548 -0.5641561 1.194045 0.8649371 0.2274836
0.05405654 -0.672254 0.5182321 0.5215741 0.6394719
-0.2425127 -0.680935 0.8944164 0.03436163 0.4431987
0.5629045 -0.61054 1.079849 0.9528008 0.2861102
0.6013086 -0.560167 1.158236 0.9709696 0.2323053
-0.14735 -0.48725 1.580101 0.1214706 0.1067566
-0.1292142 -0.6716058 0.2948796 0.2307048 0.8919406
0.1562402 -0.6885112 1.026267 0.5187204 0.3665536
0.3275627 -0.7452027 1.344307 0.6137176 0.2875161
-0.1692292 -0.6707267 0.3156658 0.1414339 0.8746958
0.1297421 -0.6840031 0.7284607 0.5656018 0.5010461
-0.130353 -0.668817 0.3029591 0.2266361 0.8808427
-0.2284489 -0.6752667 0.5386156 0.03234193 0.6629616
-0.2669295 -0.5180866 0.9884979 -0.04216778 0.2990071
-0.08835216 -0.6778215 0.7349612 0.2557715 0.5131878
0.03751845 -0.6691876 0.3753268 0.5457118 0.7663697
-0.1805637 -0.5417134 1.302351 0.09353971 0.2056022
-0.09263263 -0.6657805 0.3510079 0.2983828 0.8148257
-0.08592556 -0.6827617 0.6521883 0.2689547 0.566587
-0.229631 -0.6764371 0.3064474 0.008989185 0.9026424
-0.1590266 -0.6704723 0.3166106 0.163559 0.8711443
0.3647797 -0.4475428 1.542534 0.6285287 0.08297366
-0.08584416 -0.6719533 0.3513448 0.3129159 0.8160787
-0.0846426 -0.6667669 0.3614484 0.3127414 0.8022641
-0.1602031 -0.5616295 1.19282 0.1207996 0.2496427
0.3831437 -0.6902751 0.7678424 0.8756304 0.4638782
-0.1096992 -0.6012489 1.213665 0.1864516 0.2651392
-0.1579427 -0.670472 0.3093345 0.1662913 0.8798822
0.5781259 -0.5649998 1.139 0.9548106 0.2414075
0.06252173 -1.162469 0.3906285 0.5356818 0.918727
0.5470844 -1.193738 0.8300056 0.8902991 0.629434
0.2638026 -0.6687982 0.7653433 0.7323225 0.4622076
0.5787019 -0.5809 1.123578 0.9577439 0.2551547
0.5232424 -0.6812425 1.027953 0.9150325 0.3437172
0.6216648 -0.5707642 1.198926 0.9696261 0.2265278
0.5527387 -0.5706201 1.219399 0.8932063 0.2230494
0.5822012 -0.666486 1.050381 0.9693371 0.3255584
0.6237723 -0.5909983 1.352997 0.9031728 0.1988302
0.1212687 -0.9966549 0.3364952 0.6498673 0.9117709
0.458055 -0.637688 1.01229 0.8645903 0.3285862
0.1944967 -0.6671953 0.5835968 0.7159011 0.572972
0.6134584 -0.548633 1.328122 0.9134792 0.1816505
0.3491874 -0.6766638 0.888784 0.7846619 0.4038414
0.5870748 -0.7029082 1.02262 0.9760482 0.3538123
0.2289351 -0.6526738 0.593582 0.765823 0.5544162
